"search_date","flight_date","origin","destination","destination_city","url","departure_time","arrival_time","duration","price","is_direct","origin_airport","destination_airport","checked_baggage","hand_baggage","layover_airport","layover_duration","airlines","flight_connection_company","fare_class","origin_coordinates","destination_coordinates","distance_km","flight_date_with_time","flight_arrival_with_time","second_flight_duration","days_until_flight","day_of_week","departure_period","flight_type","price_category","flight_id"
"2024-11-21","2024-11-21","BOD","DUB","Dublin","https://www.kayak.fr/flights/BOD-DUB/2024-11-21?sort=price_a","15:25","16:25","120","100.0","True","BOD","DUB","N/A","N/A","N/A","","Aer Lingus","N/A","Saver","44.837789, -0.57918","53.3493795, -6.2605593","1032.73","2024-11-21 15:25:00","2024-11-21 16:25:00","","0","Thursday","afternoon","court","cheap","1004377616848252082"
"2024-11-21","2024-11-21","BOD","DUB","Dublin","https://www.kayak.fr/flights/BOD-DUB/2024-11-21?sort=price_a","18:35","22:50","315","227.0","False","BOD","DUB","N/A","N/A","N/A","","Aer Lingus","N/A","Saver","44.837789, -0.57918","53.3493795, -6.2605593","1032.73","2024-11-21 18:35:00","2024-11-21 22:50:00","","0","Thursday","evening","moyen","high","1966951181094259984"
"2024-11-21","2024-11-21","BOD","DUB","Dublin","https://www.kayak.fr/flights/BOD-DUB/2024-11-21?sort=price_a","09:05","16:10","485","299.0","False","BOD","DUB","N/A","N/A","N/A","","Aer Lingus","N/A","Saver","44.837789, -0.57918","53.3493795, -6.2605593","1032.73","2024-11-21 09:05:00","2024-11-21 16:10:00","","0","Thursday","morning","long","high","2304160451554393310"
"2024-11-21","2024-11-21","BOD","DUB","Dublin","https://www.kayak.fr/flights/BOD-DUB/2024-11-21?sort=price_a","17:55","22:10","315","337.0","False","BOD","DUB","N/A","N/A","N/A","","Aer Lingus","N/A","N/A","44.837789, -0.57918","53.3493795, -6.2605593","1032.73","2024-11-21 17:55:00","2024-11-21 22:10:00","","0","Thursday","evening","moyen","high","1626292390855003486"
"2024-11-21","2024-11-21","BOD","DUB","Dublin","https://www.kayak.fr/flights/BOD-DUB/2024-11-21?sort=price_a","14:50","22:50","540","364.0","False","BOD","DUB","N/A","N/A","N/A","","Air France","N/A","N/A","44.837789, -0.57918","53.3493795, -6.2605593","1032.73","2024-11-21 14:50:00","2024-11-21 22:50:00","","0","Thursday","afternoon","long","high","2912803547297623335"
"2024-11-21","2024-11-21","BOD","DUB","Dublin","https://www.kayak.fr/flights/BOD-DUB/2024-11-21?sort=price_a","05:58","15:40","642","367.0","False","BOD","DUB","N/A","N/A","N/A","","Aer Lingus","N/A","N/A","44.837789, -0.57918","53.3493795, -6.2605593","1032.73","2024-11-21 05:58:00","2024-11-21 15:40:00","","0","Thursday","morning","long","high","6493178739057794128"
"2024-11-21","2024-11-21","BOD","DUB","Dublin","https://www.kayak.fr/flights/BOD-DUB/2024-11-21?sort=price_a","18:00","22:05","305","380.0","False","BOD","DUB","N/A","N/A","N/A","","KLM","N/A","N/A","44.837789, -0.57918","53.3493795, -6.2605593","1032.73","2024-11-21 18:00:00","2024-11-21 22:05:00","","0","Thursday","evening","moyen","high","1351133166119550212"
"2024-11-21","2024-11-21","BOD","DUB","Dublin","https://www.kayak.fr/flights/BOD-DUB/2024-11-21?sort=price_a","13:35","20:15","460","405.0","False","BOD","DUB","N/A","N/A","N/A","","Vueling","Ryanair","N/A","44.837789, -0.57918","53.3493795, -6.2605593","1032.73","2024-11-21 13:35:00","2024-11-21 20:15:00","","0","Thursday","afternoon","long","high","351774589543709887"
"2024-11-21","2024-11-21","BOD","DUB","Dublin","https://www.kayak.fr/flights/BOD-DUB/2024-11-21?sort=price_a","09:05","14:30","385","420.0","False","BOD","DUB","N/A","N/A","CDG","120.0","Air France","N/A","Light","44.837789, -0.57918","53.3493795, -6.2605593","1032.73","2024-11-21 09:05:00","2024-11-21 14:30:00","265.0","0","Thursday","morning","long","high","8990265980693681096"
"2024-11-21","2024-11-21","BOD","DUB","Dublin","https://www.kayak.fr/flights/BOD-DUB/2024-11-21?sort=price_a","15:55","22:50","475","432.0","False","BOD","DUB","N/A","N/A","CDG","120.0","Air France","N/A","Light","44.837789, -0.57918","53.3493795, -6.2605593","1032.73","2024-11-21 15:55:00","2024-11-21 22:50:00","355.0","0","Thursday","afternoon","long","high","2555081486242651049"
"2024-11-21","2024-11-21","BOD","DUB","Dublin","https://www.kayak.fr/flights/BOD-DUB/2024-11-21?sort=price_a","13:50","21:35","525","503.0","False","BOD","DUB","N/A","N/A","CDG","120.0","Air France","N/A","Light","44.837789, -0.57918","53.3493795, -6.2605593","1032.73","2024-11-21 13:50:00","2024-11-21 21:35:00","405.0","0","Thursday","afternoon","long","high","1473172231048231676"
"2024-11-21","2024-11-21","BOD","DUB","Dublin","https://www.kayak.fr/flights/BOD-DUB/2024-11-21?sort=price_a","06:00","12:40","460","608.0","False","BOD","DUB","N/A","N/A","CDG","120.0","Air France","N/A","N/A","44.837789, -0.57918","53.3493795, -6.2605593","1032.73","2024-11-21 06:00:00","2024-11-21 12:40:00","340.0","0","Thursday","morning","long","high","852638913270520323"
"2024-11-21","2024-11-21","BOD","DUB","Dublin","https://www.kayak.fr/flights/BOD-DUB/2024-11-21?sort=price_a","09:05","17:00","535","753.0","False","BOD","DUB","N/A","N/A","N/A","","easyJet","British Airways","N/A","44.837789, -0.57918","53.3493795, -6.2605593","1032.73","2024-11-21 09:05:00","2024-11-21 17:00:00","","0","Thursday","morning","long","high","4925849607545582148"
"2024-11-21","2024-11-21","BOD","DUB","Dublin","https://www.kayak.fr/flights/BOD-DUB/2024-11-21?sort=price_a","09:05","17:15","550","937.0","False","BOD","DUB","N/A","N/A","CDG","120.0","Air France","N/A","N/A","44.837789, -0.57918","53.3493795, -6.2605593","1032.73","2024-11-21 09:05:00","2024-11-21 17:15:00","430.0","0","Thursday","morning","long","high","6080636059480772969"
"2024-11-21","2024-11-21","BOD","DUB","Dublin","https://www.kayak.fr/flights/BOD-DUB/2024-11-21?sort=price_a","10:40","15:40","360","990.0","False","BOD","DUB","N/A","N/A","N/A","","Air France","N/A","N/A","44.837789, -0.57918","53.3493795, -6.2605593","1032.73","2024-11-21 10:40:00","2024-11-21 15:40:00","","0","Thursday","morning","moyen","high","6109606928197636362"
"2024-11-21","2024-11-22","BOD","DUB","Dublin","https://www.kayak.fr/flights/BOD-DUB/2024-11-22?sort=price_a","15:25","16:25","120","157.0","True","BOD","DUB","N/A","N/A","N/A","","Aer Lingus","N/A","Saver","44.837789, -0.57918","53.3493795, -6.2605593","1032.73","2024-11-22 15:25:00","2024-11-22 16:25:00","","1","Friday","afternoon","court","high","9076212242710124894"
"2024-11-21","2024-11-22","BOD","DUB","Dublin","https://www.kayak.fr/flights/BOD-DUB/2024-11-22?sort=price_a","18:35","22:50","315","209.0","False","BOD","DUB","N/A","N/A","N/A","","Aer Lingus","N/A","Saver","44.837789, -0.57918","53.3493795, -6.2605593","1032.73","2024-11-22 18:35:00","2024-11-22 22:50:00","","1","Friday","evening","moyen","high","9131948616467259294"
"2024-11-21","2024-11-22","BOD","DUB","Dublin","https://www.kayak.fr/flights/BOD-DUB/2024-11-22?sort=price_a","15:55","22:50","475","209.0","False","BOD","DUB","N/A","N/A","N/A","","Aer Lingus","N/A","Saver","44.837789, -0.57918","53.3493795, -6.2605593","1032.73","2024-11-22 15:55:00","2024-11-22 22:50:00","","1","Friday","afternoon","long","high","3465355652539241026"
"2024-11-21","2024-11-22","BOD","DUB","Dublin","https://www.kayak.fr/flights/BOD-DUB/2024-11-22?sort=price_a","09:45","18:00","555","210.0","False","BOD","DUB","N/A","N/A","N/A","","Aer Lingus","N/A","N/A","44.837789, -0.57918","53.3493795, -6.2605593","1032.73","2024-11-22 09:45:00","2024-11-22 18:00:00","","1","Friday","morning","long","high","6385428200717659517"
"2024-11-21","2024-11-22","BOD","DUB","Dublin","https://www.kayak.fr/flights/BOD-DUB/2024-11-22?sort=price_a","13:35","21:00","505","248.0","False","BOD","DUB","N/A","N/A","N/A","","easyJet","Aer Lingus","N/A","44.837789, -0.57918","53.3493795, -6.2605593","1032.73","2024-11-22 13:35:00","2024-11-22 21:00:00","","1","Friday","afternoon","long","high","5661030261975968638"
"2024-11-21","2024-11-22","BOD","DUB","Dublin","https://www.kayak.fr/flights/BOD-DUB/2024-11-22?sort=price_a","09:45","14:55","370","250.0","False","BOD","DUB","N/A","N/A","N/A","","Aer Lingus","N/A","N/A","44.837789, -0.57918","53.3493795, -6.2605593","1032.73","2024-11-22 09:45:00","2024-11-22 14:55:00","","1","Friday","morning","long","high","1398283906132851331"
"2024-11-21","2024-11-22","BOD","DUB","Dublin","https://www.kayak.fr/flights/BOD-DUB/2024-11-22?sort=price_a","13:35","20:30","475","258.0","False","BOD","DUB","N/A","N/A","N/A","","easyJet","British Airways","N/A","44.837789, -0.57918","53.3493795, -6.2605593","1032.73","2024-11-22 13:35:00","2024-11-22 20:30:00","","1","Friday","afternoon","long","high","4641712283301192862"
"2024-11-21","2024-11-22","BOD","DUB","Dublin","https://www.kayak.fr/flights/BOD-DUB/2024-11-22?sort=price_a","13:35","20:30","475","261.0","False","BOD","DUB","N/A","N/A","N/A","","easyJet","Aer Lingus","N/A","44.837789, -0.57918","53.3493795, -6.2605593","1032.73","2024-11-22 13:35:00","2024-11-22 20:30:00","","1","Friday","afternoon","long","high","4641712283301192862"
"2024-11-21","2024-11-22","BOD","DUB","Dublin","https://www.kayak.fr/flights/BOD-DUB/2024-11-22?sort=price_a","12:50","21:05","555","285.0","False","BOD","DUB","N/A","N/A","CDG","120.0","Air France","N/A","Light","44.837789, -0.57918","53.3493795, -6.2605593","1032.73","2024-11-22 12:50:00","2024-11-22 21:05:00","435.0","1","Friday","afternoon","long","high","3310854842297396944"
"2024-11-21","2024-11-22","BOD","DUB","Dublin","https://www.kayak.fr/flights/BOD-DUB/2024-11-22?sort=price_a","13:35","20:05","450","305.0","False","BOD","DUB","N/A","N/A","CDG","120.0","Air France","N/A","Light","44.837789, -0.57918","53.3493795, -6.2605593","1032.73","2024-11-22 13:35:00","2024-11-22 20:05:00","330.0","1","Friday","afternoon","long","high","1192682020519853275"
"2024-11-21","2024-11-22","BOD","DUB","Dublin","https://www.kayak.fr/flights/BOD-DUB/2024-11-22?sort=price_a","10:50","17:45","475","325.0","False","BOD","DUB","N/A","N/A","CDG","120.0","Air France","N/A","Light","44.837789, -0.57918","53.3493795, -6.2605593","1032.73","2024-11-22 10:50:00","2024-11-22 17:45:00","355.0","1","Friday","morning","long","high","6720657028702386709"
"2024-11-21","2024-11-22","BOD","DUB","Dublin","https://www.kayak.fr/flights/BOD-DUB/2024-11-22?sort=price_a","13:55","20:05","430","396.0","False","BOD","DUB","N/A","N/A","CDG","120.0","Air France","N/A","N/A","44.837789, -0.57918","53.3493795, -6.2605593","1032.73","2024-11-22 13:55:00","2024-11-22 20:05:00","310.0","1","Friday","afternoon","long","high","259338791638043758"
"2024-11-21","2024-11-22","BOD","DUB","Dublin","https://www.kayak.fr/flights/BOD-DUB/2024-11-22?sort=price_a","15:00","22:50","530","401.0","False","BOD","DUB","N/A","N/A","N/A","","Air France","N/A","N/A","44.837789, -0.57918","53.3493795, -6.2605593","1032.73","2024-11-22 15:00:00","2024-11-22 22:50:00","","1","Friday","afternoon","long","high","8016281247552773069"
"2024-11-21","2024-11-22","BOD","DUB","Dublin","https://www.kayak.fr/flights/BOD-DUB/2024-11-22?sort=price_a","14:45","18:30","285","407.0","False","BOD","DUB","N/A","N/A","CDG","120.0","Air France","N/A","N/A","44.837789, -0.57918","53.3493795, -6.2605593","1032.73","2024-11-22 14:45:00","2024-11-22 18:30:00","165.0","1","Friday","afternoon","moyen","high","4473671635465198583"
"2024-11-21","2024-11-22","BOD","DUB","Dublin","https://www.kayak.fr/flights/BOD-DUB/2024-11-22?sort=price_a","05:58","15:40","642","416.0","False","BOD","DUB","N/A","N/A","N/A","","Air France","N/A","N/A","44.837789, -0.57918","53.3493795, -6.2605593","1032.73","2024-11-22 05:58:00","2024-11-22 15:40:00","","1","Friday","morning","long","high","5809506768503291298"
"2024-11-21","2024-11-23","BOD","DUB","Dublin","https://www.kayak.fr/flights/BOD-DUB/2024-11-23?sort=price_a","21:45","11:55+1","910","118.0","False","BOD","DUB","N/A","N/A","BCN","675.0","Vueling","N/A","Économique","44.837789, -0.57918","53.3493795, -6.2605593","1032.73","2024-11-23 21:45:00","2024-11-24 11:55:00","235.0","2","Saturday","evening","long","standard","1901112985717850311"
"2024-11-21","2024-11-23","BOD","DUB","Dublin","https://www.kayak.fr/flights/BOD-DUB/2024-11-23?sort=price_a","21:45","11:35+1","890","153.0","False","BOD","DUB","N/A","N/A","BCN","675.0","Vueling","N/A","Économique","44.837789, -0.57918","53.3493795, -6.2605593","1032.73","2024-11-23 21:45:00","2024-11-24 11:35:00","215.0","2","Saturday","evening","long","standard","9107679822359361832"
"2024-11-21","2024-11-23","BOD","DUB","Dublin","https://www.kayak.fr/flights/BOD-DUB/2024-11-23?sort=price_a","21:45","12:55+1","970","182.0","False","BOD","DUB","N/A","N/A","BCN","675.0","Vueling","N/A","Économique","44.837789, -0.57918","53.3493795, -6.2605593","1032.73","2024-11-23 21:45:00","2024-11-24 12:55:00","295.0","2","Saturday","evening","long","high","3460606681093592885"
"2024-11-21","2024-11-23","BOD","DUB","Dublin","https://www.kayak.fr/flights/BOD-DUB/2024-11-23?sort=price_a","21:45","13:20+1","995","183.0","False","BOD","DUB","N/A","N/A","BCN","675.0","Vueling","N/A","N/A","44.837789, -0.57918","53.3493795, -6.2605593","1032.73","2024-11-23 21:45:00","2024-11-24 13:20:00","320.0","2","Saturday","evening","long","high","5608119008868142165"
"2024-11-21","2024-11-23","BOD","DUB","Dublin","https://www.kayak.fr/flights/BOD-DUB/2024-11-23?sort=price_a","21:45","12:25+1","940","184.0","False","BOD","DUB","N/A","N/A","N/A","","Vueling","Aer Lingus","N/A","44.837789, -0.57918","53.3493795, -6.2605593","1032.73","2024-11-23 21:45:00","2024-11-24 12:25:00","","2","Saturday","evening","long","high","8211810344441284539"
"2024-11-21","2024-11-23","BOD","DUB","Dublin","https://www.kayak.fr/flights/BOD-DUB/2024-11-23?sort=price_a","15:30","07:00+1","990","194.0","False","BOD","DUB","N/A","N/A","BCN","675.0","Vueling","N/A","N/A","44.837789, -0.57918","53.3493795, -6.2605593","1032.73","2024-11-23 15:30:00","2024-11-24 07:00:00","315.0","2","Saturday","afternoon","long","high","8071062975446779528"
"2024-11-21","2024-11-23","BOD","DUB","Dublin","https://www.kayak.fr/flights/BOD-DUB/2024-11-23?sort=price_a","05:58","15:40","642","211.0","False","BOD","DUB","N/A","N/A","N/A","","Air France","N/A","N/A","44.837789, -0.57918","53.3493795, -6.2605593","1032.73","2024-11-23 05:58:00","2024-11-23 15:40:00","","2","Saturday","morning","long","high","5104603650536987367"
"2024-11-21","2024-11-23","BOD","DUB","Dublin","https://www.kayak.fr/flights/BOD-DUB/2024-11-23?sort=price_a","15:30","08:55+1","1105","212.0","False","BOD","DUB","N/A","N/A","N/A","","Volotea","easyJet","N/A","44.837789, -0.57918","53.3493795, -6.2605593","1032.73","2024-11-23 15:30:00","2024-11-24 08:55:00","","2","Saturday","afternoon","long","high","5017656292569983615"
"2024-11-21","2024-11-23","BOD","DUB","Dublin","https://www.kayak.fr/flights/BOD-DUB/2024-11-23?sort=price_a","15:30","08:25+1","1075","214.0","False","BOD","DUB","N/A","N/A","BCN","655.0","Vueling","Ryanair","Économique","44.837789, -0.57918","53.3493795, -6.2605593","1032.73","2024-11-23 15:30:00","2024-11-24 08:25:00","420.0","2","Saturday","afternoon","long","high","7857275670414567975"
"2024-11-21","2024-11-23","BOD","DUB","Dublin","https://www.kayak.fr/flights/BOD-DUB/2024-11-23?sort=price_a","06:45","22:25","1000","217.0","False","BOD","DUB","N/A","N/A","BCN","655.0","Vueling","Ryanair","Économique","44.837789, -0.57918","53.3493795, -6.2605593","1032.73","2024-11-23 06:45:00","2024-11-23 22:25:00","345.0","2","Saturday","morning","long","high","3815818704080454684"
"2024-11-21","2024-11-23","BOD","DUB","Dublin","https://www.kayak.fr/flights/BOD-DUB/2024-11-23?sort=price_a","15:15","07:50+1","1055","218.0","False","BOD","DUB","N/A","N/A","BCN","655.0","Vueling","Ryanair","Économique","44.837789, -0.57918","53.3493795, -6.2605593","1032.73","2024-11-23 15:15:00","2024-11-24 07:50:00","400.0","2","Saturday","afternoon","long","high","1713541404430116227"
"2024-11-21","2024-11-23","BOD","DUB","Dublin","https://www.kayak.fr/flights/BOD-DUB/2024-11-23?sort=price_a","17:55","10:20+1","1045","220.0","False","BOD","DUB","N/A","N/A","BCN","655.0","Vueling","Ryanair","N/A","44.837789, -0.57918","53.3493795, -6.2605593","1032.73","2024-11-23 17:55:00","2024-11-24 10:20:00","390.0","2","Saturday","evening","long","high","589162048305424684"
"2024-11-21","2024-11-23","BOD","DUB","Dublin","https://www.kayak.fr/flights/BOD-DUB/2024-11-23?sort=price_a","08:50","23:15","925","225.0","False","BOD","DUB","N/A","N/A","N/A","","easyJet","Aer Lingus","N/A","44.837789, -0.57918","53.3493795, -6.2605593","1032.73","2024-11-23 08:50:00","2024-11-23 23:15:00","","2","Saturday","morning","long","high","5128460123137315608"
"2024-11-21","2024-11-23","BOD","DUB","Dublin","https://www.kayak.fr/flights/BOD-DUB/2024-11-23?sort=price_a","15:15","08:25+1","1090","232.0","False","BOD","DUB","N/A","N/A","BCN","655.0","Vueling","Ryanair","N/A","44.837789, -0.57918","53.3493795, -6.2605593","1032.73","2024-11-23 15:15:00","2024-11-24 08:25:00","435.0","2","Saturday","afternoon","long","high","6852228357573002522"
"2024-11-21","2024-11-23","BOD","DUB","Dublin","https://www.kayak.fr/flights/BOD-DUB/2024-11-23?sort=price_a","21:45","14:05+1","1040","233.0","False","BOD","DUB","N/A","N/A","N/A","","Vueling","Transavia France","N/A","44.837789, -0.57918","53.3493795, -6.2605593","1032.73","2024-11-23 21:45:00","2024-11-24 14:05:00","","2","Saturday","evening","long","high","1823663047456827847"
"2024-11-21","2024-11-24","BOD","DUB","Dublin","https://www.kayak.fr/flights/BOD-DUB/2024-11-24?sort=price_a","15:25","16:25","120","123.0","True","BOD","DUB","N/A","N/A","N/A","","Aer Lingus","N/A","Saver","44.837789, -0.57918","53.3493795, -6.2605593","1032.73","2024-11-24 15:25:00","2024-11-24 16:25:00","","3","Sunday","afternoon","court","standard","4423073481785969281"
"2024-11-21","2024-11-24","BOD","DUB","Dublin","https://www.kayak.fr/flights/BOD-DUB/2024-11-24?sort=price_a","06:00","12:40","460","196.0","False","BOD","DUB","N/A","N/A","N/A","","Aer Lingus","N/A","Saver","44.837789, -0.57918","53.3493795, -6.2605593","1032.73","2024-11-24 06:00:00","2024-11-24 12:40:00","","3","Sunday","morning","long","high","6002623205004670972"
"2024-11-21","2024-11-24","BOD","DUB","Dublin","https://www.kayak.fr/flights/BOD-DUB/2024-11-24?sort=price_a","08:10","15:00","470","213.0","False","BOD","DUB","N/A","N/A","N/A","","Aer Lingus","N/A","Saver","44.837789, -0.57918","53.3493795, -6.2605593","1032.73","2024-11-24 08:10:00","2024-11-24 15:00:00","","3","Sunday","morning","long","high","6817915855919137826"
"2024-11-21","2024-11-24","BOD","DUB","Dublin","https://www.kayak.fr/flights/BOD-DUB/2024-11-24?sort=price_a","18:00","23:50","410","273.0","False","BOD","DUB","N/A","N/A","N/A","","Aer Lingus","N/A","N/A","44.837789, -0.57918","53.3493795, -6.2605593","1032.73","2024-11-24 18:00:00","2024-11-24 23:50:00","","3","Sunday","evening","long","high","6596894412664508538"
"2024-11-21","2024-11-24","BOD","DUB","Dublin","https://www.kayak.fr/flights/BOD-DUB/2024-11-24?sort=price_a","11:10","15:30","320","297.0","False","BOD","DUB","N/A","N/A","N/A","","easyJet","Aer Lingus","N/A","44.837789, -0.57918","53.3493795, -6.2605593","1032.73","2024-11-24 11:10:00","2024-11-24 15:30:00","","3","Sunday","morning","moyen","high","9001262148553147515"
"2024-11-21","2024-11-24","BOD","DUB","Dublin","https://www.kayak.fr/flights/BOD-DUB/2024-11-24?sort=price_a","17:50","23:30","400","326.0","False","BOD","DUB","N/A","N/A","N/A","","Aer Lingus","N/A","N/A","44.837789, -0.57918","53.3493795, -6.2605593","1032.73","2024-11-24 17:50:00","2024-11-24 23:30:00","","3","Sunday","evening","long","high","8662136543398845930"
"2024-11-21","2024-11-24","BOD","DUB","Dublin","https://www.kayak.fr/flights/BOD-DUB/2024-11-24?sort=price_a","07:15","14:50","515","351.0","False","BOD","DUB","N/A","N/A","N/A","","Volotea","Ryanair","N/A","44.837789, -0.57918","53.3493795, -6.2605593","1032.73","2024-11-24 07:15:00","2024-11-24 14:50:00","","3","Sunday","morning","long","high","5628877446885036172"
"2024-11-21","2024-11-24","BOD","DUB","Dublin","https://www.kayak.fr/flights/BOD-DUB/2024-11-24?sort=price_a","09:05","15:00","415","356.0","False","BOD","DUB","N/A","N/A","N/A","","Iberia","Ryanair","N/A","44.837789, -0.57918","53.3493795, -6.2605593","1032.73","2024-11-24 09:05:00","2024-11-24 15:00:00","","3","Sunday","morning","long","high","8173188021812177951"
"2024-11-21","2024-11-24","BOD","DUB","Dublin","https://www.kayak.fr/flights/BOD-DUB/2024-11-24?sort=price_a","14:55","22:40","525","359.0","False","BOD","DUB","N/A","N/A","AMS","255.0","KLM","N/A","Light","44.837789, -0.57918","53.3493795, -6.2605593","1032.73","2024-11-24 14:55:00","2024-11-24 22:40:00","270.0","3","Sunday","afternoon","long","high","703315058118095217"
"2024-11-21","2024-11-24","BOD","DUB","Dublin","https://www.kayak.fr/flights/BOD-DUB/2024-11-24?sort=price_a","14:55","22:40","525","377.0","False","BOD","DUB","N/A","N/A","AMS","255.0","KLM","N/A","Light","44.837789, -0.57918","53.3493795, -6.2605593","1032.73","2024-11-24 14:55:00","2024-11-24 22:40:00","270.0","3","Sunday","afternoon","long","high","703315058118095217"
"2024-11-21","2024-11-24","BOD","DUB","Dublin","https://www.kayak.fr/flights/BOD-DUB/2024-11-24?sort=price_a","18:15","22:55","340","411.0","False","BOD","DUB","N/A","N/A","AMS","255.0","KLM","N/A","Light","44.837789, -0.57918","53.3493795, -6.2605593","1032.73","2024-11-24 18:15:00","2024-11-24 22:55:00","85.0","3","Sunday","evening","moyen","high","2920168528330496124"
"2024-11-21","2024-11-24","BOD","DUB","Dublin","https://www.kayak.fr/flights/BOD-DUB/2024-11-24?sort=price_a","14:55","21:30","455","412.0","False","BOD","DUB","N/A","N/A","AMS","255.0","KLM","N/A","N/A","44.837789, -0.57918","53.3493795, -6.2605593","1032.73","2024-11-24 14:55:00","2024-11-24 21:30:00","200.0","3","Sunday","afternoon","long","high","3774603193409654629"
"2024-11-21","2024-11-24","BOD","DUB","Dublin","https://www.kayak.fr/flights/BOD-DUB/2024-11-24?sort=price_a","17:50","23:20","390","418.0","False","BOD","DUB","N/A","N/A","N/A","","easyJet","TAP AIR PORTUGAL","N/A","44.837789, -0.57918","53.3493795, -6.2605593","1032.73","2024-11-24 17:50:00","2024-11-24 23:20:00","","3","Sunday","evening","long","high","2628026826676460580"
"2024-11-21","2024-11-24","BOD","DUB","Dublin","https://www.kayak.fr/flights/BOD-DUB/2024-11-24?sort=price_a","18:30","22:40","310","446.0","False","BOD","DUB","N/A","N/A","AMS","255.0","KLM","N/A","N/A","44.837789, -0.57918","53.3493795, -6.2605593","1032.73","2024-11-24 18:30:00","2024-11-24 22:40:00","55.0","3","Sunday","evening","moyen","high","6633880553976540513"
"2024-11-21","2024-11-24","BOD","DUB","Dublin","https://www.kayak.fr/flights/BOD-DUB/2024-11-24?sort=price_a","07:10","15:25","555","465.0","False","BOD","DUB","N/A","N/A","N/A","","easyJet","Aer Lingus","N/A","44.837789, -0.57918","53.3493795, -6.2605593","1032.73","2024-11-24 07:10:00","2024-11-24 15:25:00","","3","Sunday","morning","long","high","8173046318464009330"
"2024-11-21","2024-11-25","BOD","DUB","Dublin","https://www.kayak.fr/flights/BOD-DUB/2024-11-25?sort=price_a","15:25","16:25","120","93.0","True","BOD","DUB","N/A","N/A","N/A","","Aer Lingus","N/A","Saver","44.837789, -0.57918","53.3493795, -6.2605593","1032.73","2024-11-25 15:25:00","2024-11-25 16:25:00","","4","Monday","afternoon","court","cheap","689411269843530323"
"2024-11-21","2024-11-25","BOD","DUB","Dublin","https://www.kayak.fr/flights/BOD-DUB/2024-11-25?sort=price_a","18:35","22:50","315","160.0","False","BOD","DUB","N/A","N/A","N/A","","Aer Lingus","N/A","Saver","44.837789, -0.57918","53.3493795, -6.2605593","1032.73","2024-11-25 18:35:00","2024-11-25 22:50:00","","4","Monday","evening","moyen","high","3009217832905668156"
"2024-11-21","2024-11-25","BOD","DUB","Dublin","https://www.kayak.fr/flights/BOD-DUB/2024-11-25?sort=price_a","15:55","22:50","475","160.0","False","BOD","DUB","N/A","N/A","N/A","","Aer Lingus","N/A","Saver","44.837789, -0.57918","53.3493795, -6.2605593","1032.73","2024-11-25 15:55:00","2024-11-25 22:50:00","","4","Monday","afternoon","long","high","6132905282205122960"
"2024-11-21","2024-11-25","BOD","DUB","Dublin","https://www.kayak.fr/flights/BOD-DUB/2024-11-25?sort=price_a","14:50","22:50","540","195.0","False","BOD","DUB","N/A","N/A","N/A","","Aer Lingus","N/A","N/A","44.837789, -0.57918","53.3493795, -6.2605593","1032.73","2024-11-25 14:50:00","2024-11-25 22:50:00","","4","Monday","afternoon","long","high","5073793593840447357"
"2024-11-21","2024-11-25","BOD","DUB","Dublin","https://www.kayak.fr/flights/BOD-DUB/2024-11-25?sort=price_a","18:00","22:05","305","211.0","False","BOD","DUB","N/A","N/A","N/A","","KLM","N/A","N/A","44.837789, -0.57918","53.3493795, -6.2605593","1032.73","2024-11-25 18:00:00","2024-11-25 22:05:00","","4","Monday","evening","moyen","high","5691101816275865528"
"2024-11-21","2024-11-25","BOD","DUB","Dublin","https://www.kayak.fr/flights/BOD-DUB/2024-11-25?sort=price_a","15:15","22:35","500","226.0","False","BOD","DUB","N/A","N/A","N/A","","Aer Lingus","N/A","N/A","44.837789, -0.57918","53.3493795, -6.2605593","1032.73","2024-11-25 15:15:00","2024-11-25 22:35:00","","4","Monday","afternoon","long","high","2562811835691996278"
"2024-11-21","2024-11-25","BOD","DUB","Dublin","https://www.kayak.fr/flights/BOD-DUB/2024-11-25?sort=price_a","06:50","13:35","465","256.0","False","BOD","DUB","N/A","N/A","N/A","","easyJet","Aer Lingus","N/A","44.837789, -0.57918","53.3493795, -6.2605593","1032.73","2024-11-25 06:50:00","2024-11-25 13:35:00","","4","Monday","morning","long","high","1813750635455021281"
"2024-11-21","2024-11-25","BOD","DUB","Dublin","https://www.kayak.fr/flights/BOD-DUB/2024-11-25?sort=price_a","06:50","13:00","430","265.0","False","BOD","DUB","N/A","N/A","N/A","","easyJet","Ryanair","N/A","44.837789, -0.57918","53.3493795, -6.2605593","1032.73","2024-11-25 06:50:00","2024-11-25 13:00:00","","4","Monday","morning","long","high","5932372606351128990"
"2024-11-21","2024-11-25","BOD","DUB","Dublin","https://www.kayak.fr/flights/BOD-DUB/2024-11-25?sort=price_a","06:50","14:35","525","270.0","False","BOD","DUB","N/A","N/A","CDG","120.0","Air France","N/A","Light","44.837789, -0.57918","53.3493795, -6.2605593","1032.73","2024-11-25 06:50:00","2024-11-25 14:35:00","405.0","4","Monday","morning","long","high","2914166946098768235"
"2024-11-21","2024-11-25","BOD","DUB","Dublin","https://www.kayak.fr/flights/BOD-DUB/2024-11-25?sort=price_a","11:15","17:40","445","271.0","False","BOD","DUB","N/A","N/A","CDG","120.0","Air France","N/A","Light","44.837789, -0.57918","53.3493795, -6.2605593","1032.73","2024-11-25 11:15:00","2024-11-25 17:40:00","325.0","4","Monday","morning","long","high","6703187438412917601"
"2024-11-21","2024-11-25","BOD","DUB","Dublin","https://www.kayak.fr/flights/BOD-DUB/2024-11-25?sort=price_a","11:15","18:55","520","271.0","False","BOD","DUB","N/A","N/A","CDG","120.0","Air France","N/A","Light","44.837789, -0.57918","53.3493795, -6.2605593","1032.73","2024-11-25 11:15:00","2024-11-25 18:55:00","400.0","4","Monday","morning","long","high","7772484394467405538"
"2024-11-21","2024-11-25","BOD","DUB","Dublin","https://www.kayak.fr/flights/BOD-DUB/2024-11-25?sort=price_a","11:15","17:45","450","280.0","False","BOD","DUB","N/A","N/A","CDG","120.0","Air France","N/A","N/A","44.837789, -0.57918","53.3493795, -6.2605593","1032.73","2024-11-25 11:15:00","2024-11-25 17:45:00","330.0","4","Monday","morning","long","high","4095166874126891303"
"2024-11-21","2024-11-25","BOD","DUB","Dublin","https://www.kayak.fr/flights/BOD-DUB/2024-11-25?sort=price_a","11:15","19:05","530","280.0","False","BOD","DUB","N/A","N/A","N/A","","British Airways","Aer Lingus","N/A","44.837789, -0.57918","53.3493795, -6.2605593","1032.73","2024-11-25 11:15:00","2024-11-25 19:05:00","","4","Monday","morning","long","high","3920038863723120061"
"2024-11-21","2024-11-25","BOD","DUB","Dublin","https://www.kayak.fr/flights/BOD-DUB/2024-11-25?sort=price_a","06:50","14:30","520","283.0","False","BOD","DUB","N/A","N/A","CDG","120.0","Air France","N/A","N/A","44.837789, -0.57918","53.3493795, -6.2605593","1032.73","2024-11-25 06:50:00","2024-11-25 14:30:00","400.0","4","Monday","morning","long","high","4367818731139213514"
"2024-11-21","2024-11-25","BOD","DUB","Dublin","https://www.kayak.fr/flights/BOD-DUB/2024-11-25?sort=price_a","07:45","14:00","435","284.0","False","BOD","DUB","N/A","N/A","N/A","","Volotea","Ryanair","N/A","44.837789, -0.57918","53.3493795, -6.2605593","1032.73","2024-11-25 07:45:00","2024-11-25 14:00:00","","4","Monday","morning","long","high","7515279321955010706"
"2024-11-21","2024-11-26","BOD","DUB","Dublin","https://www.kayak.fr/flights/BOD-DUB/2024-11-26?sort=price_a","06:05","08:05+1","1620","126.0","False","BOD","DUB","N/A","N/A","MRS","850.0","easyJet","Ryanair","Standard","44.837789, -0.57918","53.3493795, -6.2605593","1032.73","2024-11-26 06:05:00","2024-11-27 08:05:00","770.0","5","Tuesday","morning","long","standard","9026943253105989415"
"2024-11-21","2024-11-26","BOD","DUB","Dublin","https://www.kayak.fr/flights/BOD-DUB/2024-11-26?sort=price_a","09:35","13:55","320","146.0","False","BOD","DUB","N/A","N/A","MRS","850.0","easyJet","Ryanair","Standard","44.837789, -0.57918","53.3493795, -6.2605593","1032.73","2024-11-26 09:35:00","2024-11-26 13:55:00","","5","Tuesday","morning","moyen","standard","8788282233859473671"
"2024-11-21","2024-11-26","BOD","DUB","Dublin","https://www.kayak.fr/flights/BOD-DUB/2024-11-26?sort=price_a","12:30","20:35","545","158.0","False","BOD","DUB","N/A","N/A","MRS","850.0","easyJet","Ryanair","Standard","44.837789, -0.57918","53.3493795, -6.2605593","1032.73","2024-11-26 12:30:00","2024-11-26 20:35:00","","5","Tuesday","afternoon","long","high","6865528579594434282"
"2024-11-21","2024-11-26","BOD","DUB","Dublin","https://www.kayak.fr/flights/BOD-DUB/2024-11-26?sort=price_a","18:50","08:05+1","855","159.0","False","BOD","DUB","N/A","N/A","MRS","850.0","easyJet","Ryanair","N/A","44.837789, -0.57918","53.3493795, -6.2605593","1032.73","2024-11-26 18:50:00","2024-11-27 08:05:00","5.0","5","Tuesday","evening","long","high","1228361804820253402"
"2024-11-21","2024-11-26","BOD","DUB","Dublin","https://www.kayak.fr/flights/BOD-DUB/2024-11-26?sort=price_a","18:35","22:50","315","160.0","False","BOD","DUB","N/A","N/A","N/A","","Air France","N/A","N/A","44.837789, -0.57918","53.3493795, -6.2605593","1032.73","2024-11-26 18:35:00","2024-11-26 22:50:00","","5","Tuesday","evening","moyen","high","8101570853840435798"
"2024-11-21","2024-11-26","BOD","DUB","Dublin","https://www.kayak.fr/flights/BOD-DUB/2024-11-26?sort=price_a","15:55","22:50","475","160.0","False","BOD","DUB","N/A","N/A","MRS","850.0","easyJet","Ryanair","N/A","44.837789, -0.57918","53.3493795, -6.2605593","1032.73","2024-11-26 15:55:00","2024-11-26 22:50:00","","5","Tuesday","afternoon","long","high","4138791584358610124"
"2024-11-21","2024-11-26","BOD","DUB","Dublin","https://www.kayak.fr/flights/BOD-DUB/2024-11-26?sort=price_a","20:10","08:05+1","775","160.0","False","BOD","DUB","N/A","N/A","N/A","","Air France","N/A","N/A","44.837789, -0.57918","53.3493795, -6.2605593","1032.73","2024-11-26 20:10:00","2024-11-27 08:05:00","","5","Tuesday","evening","long","high","3579875853110896319"
"2024-11-21","2024-11-26","BOD","DUB","Dublin","https://www.kayak.fr/flights/BOD-DUB/2024-11-26?sort=price_a","18:50","07:50+1","840","160.0","False","BOD","DUB","N/A","N/A","N/A","","easyJet","Ryanair","N/A","44.837789, -0.57918","53.3493795, -6.2605593","1032.73","2024-11-26 18:50:00","2024-11-27 07:50:00","","5","Tuesday","evening","long","high","5129351053158634432"
"2024-11-21","2024-11-26","BOD","DUB","Dublin","https://www.kayak.fr/flights/BOD-DUB/2024-11-26?sort=price_a","18:00","22:05","305","161.0","False","BOD","DUB","N/A","N/A","BCN","80.0","Vueling","N/A","Économique","44.837789, -0.57918","53.3493795, -6.2605593","1032.73","2024-11-26 18:00:00","2024-11-26 22:05:00","225.0","5","Tuesday","evening","moyen","high","7977814961505810721"
"2024-11-21","2024-11-26","BOD","DUB","Dublin","https://www.kayak.fr/flights/BOD-DUB/2024-11-26?sort=price_a","06:00","12:40","460","161.0","False","BOD","DUB","N/A","N/A","BCN","80.0","Vueling","N/A","Économique","44.837789, -0.57918","53.3493795, -6.2605593","1032.73","2024-11-26 06:00:00","2024-11-26 12:40:00","380.0","5","Tuesday","morning","long","high","1957405157462880965"
"2024-11-21","2024-11-26","BOD","DUB","Dublin","https://www.kayak.fr/flights/BOD-DUB/2024-11-26?sort=price_a","06:00","16:40","700","161.0","False","BOD","DUB","N/A","N/A","BCN","80.0","Vueling","N/A","Économique","44.837789, -0.57918","53.3493795, -6.2605593","1032.73","2024-11-26 06:00:00","2024-11-26 16:40:00","620.0","5","Tuesday","morning","long","high","752016143539552489"
"2024-11-21","2024-11-26","BOD","DUB","Dublin","https://www.kayak.fr/flights/BOD-DUB/2024-11-26?sort=price_a","17:55","07:40+1","885","162.0","False","BOD","DUB","N/A","N/A","BCN","80.0","Vueling","N/A","N/A","44.837789, -0.57918","53.3493795, -6.2605593","1032.73","2024-11-26 17:55:00","2024-11-27 07:40:00","805.0","5","Tuesday","evening","long","high","1438465589238137681"
"2024-11-21","2024-11-26","BOD","DUB","Dublin","https://www.kayak.fr/flights/BOD-DUB/2024-11-26?sort=price_a","18:35","08:05+1","870","164.0","False","BOD","DUB","N/A","N/A","N/A","","Air France","N/A","N/A","44.837789, -0.57918","53.3493795, -6.2605593","1032.73","2024-11-26 18:35:00","2024-11-27 08:05:00","","5","Tuesday","evening","long","high","6924740144606562674"
"2024-11-21","2024-11-26","BOD","DUB","Dublin","https://www.kayak.fr/flights/BOD-DUB/2024-11-26?sort=price_a","18:00","08:05+1","905","165.0","False","BOD","DUB","N/A","N/A","BCN","80.0","Vueling","N/A","N/A","44.837789, -0.57918","53.3493795, -6.2605593","1032.73","2024-11-26 18:00:00","2024-11-27 08:05:00","825.0","5","Tuesday","evening","long","high","6113942055510650175"
"2024-11-21","2024-11-26","BOD","DUB","Dublin","https://www.kayak.fr/flights/BOD-DUB/2024-11-26?sort=price_a","14:50","22:50","540","167.0","False","BOD","DUB","N/A","N/A","N/A","","Air France","N/A","N/A","44.837789, -0.57918","53.3493795, -6.2605593","1032.73","2024-11-26 14:50:00","2024-11-26 22:50:00","","5","Tuesday","afternoon","long","high","4184906957123706786"
"2024-11-21","2024-11-27","BOD","DUB","Dublin","https://www.kayak.fr/flights/BOD-DUB/2024-11-27?sort=price_a","15:25","16:25","120","47.0","True","BOD","DUB","N/A","N/A","N/A","","Aer Lingus","N/A","Saver","44.837789, -0.57918","53.3493795, -6.2605593","1032.73","2024-11-27 15:25:00","2024-11-27 16:25:00","","6","Wednesday","afternoon","court","cheap","4627558967494288017"
"2024-11-21","2024-11-27","BOD","DUB","Dublin","https://www.kayak.fr/flights/BOD-DUB/2024-11-27?sort=price_a","06:00","12:40","460","161.0","False","BOD","DUB","N/A","N/A","N/A","","Aer Lingus","N/A","Saver","44.837789, -0.57918","53.3493795, -6.2605593","1032.73","2024-11-27 06:00:00","2024-11-27 12:40:00","","6","Wednesday","morning","long","high","1989617443494861739"
"2024-11-21","2024-11-27","BOD","DUB","Dublin","https://www.kayak.fr/flights/BOD-DUB/2024-11-27?sort=price_a","14:50","22:50","540","169.0","False","BOD","DUB","N/A","N/A","N/A","","Aer Lingus","N/A","Saver","44.837789, -0.57918","53.3493795, -6.2605593","1032.73","2024-11-27 14:50:00","2024-11-27 22:50:00","","6","Wednesday","afternoon","long","high","4447027557760185634"
"2024-11-21","2024-11-27","BOD","DUB","Dublin","https://www.kayak.fr/flights/BOD-DUB/2024-11-27?sort=price_a","09:00","16:10","490","173.0","False","BOD","DUB","N/A","N/A","N/A","","Aer Lingus","N/A","N/A","44.837789, -0.57918","53.3493795, -6.2605593","1032.73","2024-11-27 09:00:00","2024-11-27 16:10:00","","6","Wednesday","morning","long","high","6718696104542837849"
"2024-11-21","2024-11-27","BOD","DUB","Dublin","https://www.kayak.fr/flights/BOD-DUB/2024-11-27?sort=price_a","06:50","11:30","340","177.0","False","BOD","DUB","N/A","N/A","N/A","","easyJet","Ryanair","N/A","44.837789, -0.57918","53.3493795, -6.2605593","1032.73","2024-11-27 06:50:00","2024-11-27 11:30:00","","6","Wednesday","morning","moyen","high","5730360029990881679"
"2024-11-21","2024-11-27","BOD","DUB","Dublin","https://www.kayak.fr/flights/BOD-DUB/2024-11-27?sort=price_a","15:55","22:50","475","182.0","False","BOD","DUB","N/A","N/A","N/A","","Aer Lingus","N/A","N/A","44.837789, -0.57918","53.3493795, -6.2605593","1032.73","2024-11-27 15:55:00","2024-11-27 22:50:00","","6","Wednesday","afternoon","long","high","1624207134224534234"
"2024-11-21","2024-11-27","BOD","DUB","Dublin","https://www.kayak.fr/flights/BOD-DUB/2024-11-27?sort=price_a","18:00","22:05","305","206.0","False","BOD","DUB","N/A","N/A","N/A","","KLM","N/A","N/A","44.837789, -0.57918","53.3493795, -6.2605593","1032.73","2024-11-27 18:00:00","2024-11-27 22:05:00","","6","Wednesday","evening","moyen","high","1757770375307005842"
"2024-11-21","2024-11-27","BOD","DUB","Dublin","https://www.kayak.fr/flights/BOD-DUB/2024-11-27?sort=price_a","06:50","12:35","405","217.0","False","BOD","DUB","N/A","N/A","N/A","","easyJet","Ryanair","N/A","44.837789, -0.57918","53.3493795, -6.2605593","1032.73","2024-11-27 06:50:00","2024-11-27 12:35:00","","6","Wednesday","morning","long","high","1343619712769306932"
"2024-11-21","2024-11-27","BOD","DUB","Dublin","https://www.kayak.fr/flights/BOD-DUB/2024-11-27?sort=price_a","18:35","22:50","315","297.0","False","BOD","DUB","N/A","N/A","AMS","255.0","KLM","N/A","Light","44.837789, -0.57918","53.3493795, -6.2605593","1032.73","2024-11-27 18:35:00","2024-11-27 22:50:00","60.0","6","Wednesday","evening","moyen","high","2230353363739168655"
"2024-11-21","2024-11-27","BOD","DUB","Dublin","https://www.kayak.fr/flights/BOD-DUB/2024-11-27?sort=price_a","09:05","14:10","365","342.0","False","BOD","DUB","N/A","N/A","AMS","255.0","KLM","N/A","Light","44.837789, -0.57918","53.3493795, -6.2605593","1032.73","2024-11-27 09:05:00","2024-11-27 14:10:00","110.0","6","Wednesday","morning","long","high","7706859712820593891"
"2024-11-21","2024-11-27","BOD","DUB","Dublin","https://www.kayak.fr/flights/BOD-DUB/2024-11-27?sort=price_a","18:25","22:40","315","361.0","False","BOD","DUB","N/A","N/A","AMS","255.0","KLM","N/A","Light","44.837789, -0.57918","53.3493795, -6.2605593","1032.73","2024-11-27 18:25:00","2024-11-27 22:40:00","60.0","6","Wednesday","evening","moyen","high","5787116793900699086"
"2024-11-21","2024-11-27","BOD","DUB","Dublin","https://www.kayak.fr/flights/BOD-DUB/2024-11-27?sort=price_a","05:58","15:40","642","367.0","False","BOD","DUB","N/A","N/A","AMS","255.0","KLM","N/A","N/A","44.837789, -0.57918","53.3493795, -6.2605593","1032.73","2024-11-27 05:58:00","2024-11-27 15:40:00","387.0","6","Wednesday","morning","long","high","5335955637612717533"
"2024-11-21","2024-11-27","BOD","DUB","Dublin","https://www.kayak.fr/flights/BOD-DUB/2024-11-27?sort=price_a","06:50","12:05","375","390.0","False","BOD","DUB","N/A","N/A","N/A","","easyJet","British Airways","N/A","44.837789, -0.57918","53.3493795, -6.2605593","1032.73","2024-11-27 06:50:00","2024-11-27 12:05:00","","6","Wednesday","morning","long","high","2968218280246483973"
"2024-11-21","2024-11-27","BOD","DUB","Dublin","https://www.kayak.fr/flights/BOD-DUB/2024-11-27?sort=price_a","12:30","16:40","310","430.0","False","BOD","DUB","N/A","N/A","AMS","255.0","KLM","N/A","N/A","44.837789, -0.57918","53.3493795, -6.2605593","1032.73","2024-11-27 12:30:00","2024-11-27 16:40:00","55.0","6","Wednesday","afternoon","moyen","high","612629351158376999"
"2024-11-21","2024-11-27","BOD","DUB","Dublin","https://www.kayak.fr/flights/BOD-DUB/2024-11-27?sort=price_a","06:50","13:35","465","452.0","False","BOD","DUB","N/A","N/A","N/A","","easyJet","Aer Lingus","N/A","44.837789, -0.57918","53.3493795, -6.2605593","1032.73","2024-11-27 06:50:00","2024-11-27 13:35:00","","6","Wednesday","morning","long","high","2580927174174764942"
"2024-11-21","2024-11-28","BOD","DUB","Dublin","https://www.kayak.fr/flights/BOD-DUB/2024-11-28?sort=price_a","15:25","16:25","120","77.0","True","BOD","DUB","N/A","N/A","N/A","","Aer Lingus","N/A","Saver","44.837789, -0.57918","53.3493795, -6.2605593","1032.73","2024-11-28 15:25:00","2024-11-28 16:25:00","","7","Thursday","afternoon","court","cheap","849499738017166968"
"2024-11-21","2024-11-28","BOD","DUB","Dublin","https://www.kayak.fr/flights/BOD-DUB/2024-11-28?sort=price_a","09:05","16:10","485","168.0","False","BOD","DUB","N/A","N/A","N/A","","Aer Lingus","N/A","Saver","44.837789, -0.57918","53.3493795, -6.2605593","1032.73","2024-11-28 09:05:00","2024-11-28 16:10:00","","7","Thursday","morning","long","high","6093572075131986897"
"2024-11-21","2024-11-28","BOD","DUB","Dublin","https://www.kayak.fr/flights/BOD-DUB/2024-11-28?sort=price_a","13:35","20:15","460","251.0","False","BOD","DUB","N/A","N/A","N/A","","Aer Lingus","N/A","Saver","44.837789, -0.57918","53.3493795, -6.2605593","1032.73","2024-11-28 13:35:00","2024-11-28 20:15:00","","7","Thursday","afternoon","long","high","7897411146474458402"
"2024-11-21","2024-11-28","BOD","DUB","Dublin","https://www.kayak.fr/flights/BOD-DUB/2024-11-28?sort=price_a","09:05","14:30","385","324.0","False","BOD","DUB","N/A","N/A","N/A","","Aer Lingus","N/A","N/A","44.837789, -0.57918","53.3493795, -6.2605593","1032.73","2024-11-28 09:05:00","2024-11-28 14:30:00","","7","Thursday","morning","long","high","3685512842270148198"
"2024-11-21","2024-11-28","BOD","DUB","Dublin","https://www.kayak.fr/flights/BOD-DUB/2024-11-28?sort=price_a","09:05","17:00","535","347.0","False","BOD","DUB","N/A","N/A","N/A","","easyJet","British Airways","N/A","44.837789, -0.57918","53.3493795, -6.2605593","1032.73","2024-11-28 09:05:00","2024-11-28 17:00:00","","7","Thursday","morning","long","high","3686786801666071828"
"2024-11-21","2024-11-28","BOD","DUB","Dublin","https://www.kayak.fr/flights/BOD-DUB/2024-11-28?sort=price_a","06:00","12:40","460","367.0","False","BOD","DUB","N/A","N/A","N/A","","Aer Lingus","N/A","N/A","44.837789, -0.57918","53.3493795, -6.2605593","1032.73","2024-11-28 06:00:00","2024-11-28 12:40:00","","7","Thursday","morning","long","high","3209954226027049145"
"2024-11-21","2024-11-28","BOD","DUB","Dublin","https://www.kayak.fr/flights/BOD-DUB/2024-11-28?sort=price_a","05:58","15:40","642","367.0","False","BOD","DUB","N/A","N/A","N/A","","Air France","N/A","N/A","44.837789, -0.57918","53.3493795, -6.2605593","1032.73","2024-11-28 05:58:00","2024-11-28 15:40:00","","7","Thursday","morning","long","high","9057360898632524253"
"2024-11-21","2024-11-28","BOD","DUB","Dublin","https://www.kayak.fr/flights/BOD-DUB/2024-11-28?sort=price_a","17:55","22:10","315","384.0","False","BOD","DUB","N/A","N/A","N/A","","Iberia","Ryanair","N/A","44.837789, -0.57918","53.3493795, -6.2605593","1032.73","2024-11-28 17:55:00","2024-11-28 22:10:00","","7","Thursday","evening","moyen","high","7971490344393656425"
"2024-11-21","2024-11-28","BOD","DUB","Dublin","https://www.kayak.fr/flights/BOD-DUB/2024-11-28?sort=price_a","15:55","22:50","475","384.0","False","BOD","DUB","N/A","N/A","LYS","270.0","easyJet","Aer Lingus","Standard","44.837789, -0.57918","53.3493795, -6.2605593","1032.73","2024-11-28 15:55:00","2024-11-28 22:50:00","205.0","7","Thursday","afternoon","long","high","36666895690869735"
"2024-11-21","2024-11-28","BOD","DUB","Dublin","https://www.kayak.fr/flights/BOD-DUB/2024-11-28?sort=price_a","09:05","16:15","490","386.0","False","BOD","DUB","N/A","N/A","LYS","270.0","easyJet","Aer Lingus","Standard","44.837789, -0.57918","53.3493795, -6.2605593","1032.73","2024-11-28 09:05:00","2024-11-28 16:15:00","220.0","7","Thursday","morning","long","high","2704572413043283184"
"2024-11-21","2024-11-28","BOD","DUB","Dublin","https://www.kayak.fr/flights/BOD-DUB/2024-11-28?sort=price_a","14:50","22:50","540","391.0","False","BOD","DUB","N/A","N/A","LYS","270.0","easyJet","Aer Lingus","Standard","44.837789, -0.57918","53.3493795, -6.2605593","1032.73","2024-11-28 14:50:00","2024-11-28 22:50:00","270.0","7","Thursday","afternoon","long","high","4913246741148969325"
"2024-11-21","2024-11-28","BOD","DUB","Dublin","https://www.kayak.fr/flights/BOD-DUB/2024-11-28?sort=price_a","18:35","22:50","315","413.0","False","BOD","DUB","N/A","N/A","LYS","270.0","easyJet","Aer Lingus","N/A","44.837789, -0.57918","53.3493795, -6.2605593","1032.73","2024-11-28 18:35:00","2024-11-28 22:50:00","45.0","7","Thursday","evening","moyen","high","7217254747071801140"
"2024-11-21","2024-11-28","BOD","DUB","Dublin","https://www.kayak.fr/flights/BOD-DUB/2024-11-28?sort=price_a","15:45","23:00","495","431.0","False","BOD","DUB","N/A","N/A","N/A","","easyJet","Ryanair","N/A","44.837789, -0.57918","53.3493795, -6.2605593","1032.73","2024-11-28 15:45:00","2024-11-28 23:00:00","","7","Thursday","afternoon","long","high","2113005180899408734"
"2024-11-21","2024-11-28","BOD","DUB","Dublin","https://www.kayak.fr/flights/BOD-DUB/2024-11-28?sort=price_a","07:00","14:50","530","464.0","False","BOD","DUB","N/A","N/A","LYS","270.0","easyJet","Aer Lingus","N/A","44.837789, -0.57918","53.3493795, -6.2605593","1032.73","2024-11-28 07:00:00","2024-11-28 14:50:00","260.0","7","Thursday","morning","long","high","2114194487851240989"
"2024-11-21","2024-11-28","BOD","DUB","Dublin","https://www.kayak.fr/flights/BOD-DUB/2024-11-28?sort=price_a","06:00","10:55","355","474.0","False","BOD","DUB","N/A","N/A","N/A","","Air France","Aer Lingus","N/A","44.837789, -0.57918","53.3493795, -6.2605593","1032.73","2024-11-28 06:00:00","2024-11-28 10:55:00","","7","Thursday","morning","moyen","high","3847475933852855533"
"2024-11-21","2024-11-29","BOD","DUB","Dublin","https://www.kayak.fr/flights/BOD-DUB/2024-11-29?sort=price_a","15:25","16:25","120","98.0","True","BOD","DUB","N/A","N/A","N/A","","Aer Lingus","N/A","Saver","44.837789, -0.57918","53.3493795, -6.2605593","1032.73","2024-11-29 15:25:00","2024-11-29 16:25:00","","8","Friday","afternoon","court","cheap","1467346527196526201"
"2024-11-21","2024-11-29","BOD","DUB","Dublin","https://www.kayak.fr/flights/BOD-DUB/2024-11-29?sort=price_a","13:35","20:30","475","171.0","False","BOD","DUB","N/A","N/A","N/A","","Aer Lingus","N/A","Saver","44.837789, -0.57918","53.3493795, -6.2605593","1032.73","2024-11-29 13:35:00","2024-11-29 20:30:00","","8","Friday","afternoon","long","high","4592512786693272458"
"2024-11-21","2024-11-29","BOD","DUB","Dublin","https://www.kayak.fr/flights/BOD-DUB/2024-11-29?sort=price_a","13:35","21:00","505","171.0","False","BOD","DUB","N/A","N/A","N/A","","Aer Lingus","N/A","Saver","44.837789, -0.57918","53.3493795, -6.2605593","1032.73","2024-11-29 13:35:00","2024-11-29 21:00:00","","8","Friday","afternoon","long","high","3739604494961988440"
"2024-11-21","2024-11-29","BOD","DUB","Dublin","https://www.kayak.fr/flights/BOD-DUB/2024-11-29?sort=price_a","13:35","20:05","450","189.0","False","BOD","DUB","N/A","N/A","N/A","","Aer Lingus","N/A","N/A","44.837789, -0.57918","53.3493795, -6.2605593","1032.73","2024-11-29 13:35:00","2024-11-29 20:05:00","","8","Friday","afternoon","long","high","6864668140168519515"
"2024-11-21","2024-11-29","BOD","DUB","Dublin","https://www.kayak.fr/flights/BOD-DUB/2024-11-29?sort=price_a","09:45","18:00","555","215.0","False","BOD","DUB","N/A","N/A","N/A","","Vueling","Ryanair","N/A","44.837789, -0.57918","53.3493795, -6.2605593","1032.73","2024-11-29 09:45:00","2024-11-29 18:00:00","","8","Friday","morning","long","high","8742893934224542619"
"2024-11-21","2024-11-29","BOD","DUB","Dublin","https://www.kayak.fr/flights/BOD-DUB/2024-11-29?sort=price_a","09:45","14:55","370","227.0","False","BOD","DUB","N/A","N/A","N/A","","Aer Lingus","N/A","N/A","44.837789, -0.57918","53.3493795, -6.2605593","1032.73","2024-11-29 09:45:00","2024-11-29 14:55:00","","8","Friday","morning","long","high","6546667249548408427"
"2024-11-21","2024-11-29","BOD","DUB","Dublin","https://www.kayak.fr/flights/BOD-DUB/2024-11-29?sort=price_a","15:00","22:50","530","261.0","False","BOD","DUB","N/A","N/A","N/A","","Air France","N/A","N/A","44.837789, -0.57918","53.3493795, -6.2605593","1032.73","2024-11-29 15:00:00","2024-11-29 22:50:00","","8","Friday","afternoon","long","high","4329285547491939309"
"2024-11-21","2024-11-29","BOD","DUB","Dublin","https://www.kayak.fr/flights/BOD-DUB/2024-11-29?sort=price_a","12:58","22:50","652","263.0","False","BOD","DUB","N/A","N/A","N/A","","Air France","N/A","N/A","44.837789, -0.57918","53.3493795, -6.2605593","1032.73","2024-11-29 12:58:00","2024-11-29 22:50:00","","8","Friday","afternoon","long","high","3165160093225274671"
"2024-11-21","2024-11-29","BOD","DUB","Dublin","https://www.kayak.fr/flights/BOD-DUB/2024-11-29?sort=price_a","17:40","00:50+1","490","269.0","False","BOD","DUB","N/A","N/A","BRS","305.0","easyJet","Aer Lingus","Standard","44.837789, -0.57918","53.3493795, -6.2605593","1032.73","2024-11-29 17:40:00","2024-11-30 00:50:00","185.0","8","Friday","evening","long","high","5084607458901586346"
"2024-11-21","2024-11-29","BOD","DUB","Dublin","https://www.kayak.fr/flights/BOD-DUB/2024-11-29?sort=price_a","10:50","19:00","550","279.0","False","BOD","DUB","N/A","N/A","BRS","305.0","easyJet","Aer Lingus","Standard","44.837789, -0.57918","53.3493795, -6.2605593","1032.73","2024-11-29 10:50:00","2024-11-29 19:00:00","245.0","8","Friday","morning","long","high","2939363652314025083"
"2024-11-21","2024-11-29","BOD","DUB","Dublin","https://www.kayak.fr/flights/BOD-DUB/2024-11-29?sort=price_a","18:35","22:50","315","297.0","False","BOD","DUB","N/A","N/A","BRS","305.0","easyJet","Aer Lingus","Standard","44.837789, -0.57918","53.3493795, -6.2605593","1032.73","2024-11-29 18:35:00","2024-11-29 22:50:00","10.0","8","Friday","evening","moyen","high","4239803224926855401"
"2024-11-21","2024-11-29","BOD","DUB","Dublin","https://www.kayak.fr/flights/BOD-DUB/2024-11-29?sort=price_a","15:55","22:50","475","297.0","False","BOD","DUB","N/A","N/A","BRS","305.0","easyJet","Aer Lingus","N/A","44.837789, -0.57918","53.3493795, -6.2605593","1032.73","2024-11-29 15:55:00","2024-11-29 22:50:00","170.0","8","Friday","afternoon","long","high","7819646509491069683"
"2024-11-21","2024-11-29","BOD","DUB","Dublin","https://www.kayak.fr/flights/BOD-DUB/2024-11-29?sort=price_a","09:05","16:10","485","302.0","False","BOD","DUB","N/A","N/A","N/A","","easyJet","Aer Lingus","N/A","44.837789, -0.57918","53.3493795, -6.2605593","1032.73","2024-11-29 09:05:00","2024-11-29 16:10:00","","8","Friday","morning","long","high","1823311165092041667"
"2024-11-21","2024-11-29","BOD","DUB","Dublin","https://www.kayak.fr/flights/BOD-DUB/2024-11-29?sort=price_a","10:50","17:45","475","305.0","False","BOD","DUB","N/A","N/A","BRS","305.0","easyJet","Aer Lingus","N/A","44.837789, -0.57918","53.3493795, -6.2605593","1032.73","2024-11-29 10:50:00","2024-11-29 17:45:00","170.0","8","Friday","morning","long","high","1035169482144046769"
"2024-11-21","2024-11-29","BOD","DUB","Dublin","https://www.kayak.fr/flights/BOD-DUB/2024-11-29?sort=price_a","12:15","16:10","295","340.0","False","BOD","DUB","N/A","N/A","N/A","","easyJet","Aer Lingus","N/A","44.837789, -0.57918","53.3493795, -6.2605593","1032.73","2024-11-29 12:15:00","2024-11-29 16:10:00","","8","Friday","afternoon","moyen","high","2848767222508747868"
"2024-11-21","2024-11-30","BOD","DUB","Dublin","https://www.kayak.fr/flights/BOD-DUB/2024-11-30?sort=price_a","15:30","07:00+1","990","124.0","False","BOD","DUB","N/A","N/A","AGP","215.0","Volotea","Ryanair","Économique","44.837789, -0.57918","53.3493795, -6.2605593","1032.73","2024-11-30 15:30:00","2024-12-01 07:00:00","775.0","9","Saturday","afternoon","long","standard","2562809317638382088"
"2024-11-21","2024-11-30","BOD","DUB","Dublin","https://www.kayak.fr/flights/BOD-DUB/2024-11-30?sort=price_a","15:30","22:55","505","126.0","False","BOD","DUB","N/A","N/A","AGP","215.0","Volotea","Ryanair","Économique","44.837789, -0.57918","53.3493795, -6.2605593","1032.73","2024-11-30 15:30:00","2024-11-30 22:55:00","290.0","9","Saturday","afternoon","long","standard","4709668595165303277"
"2024-11-21","2024-11-30","BOD","DUB","Dublin","https://www.kayak.fr/flights/BOD-DUB/2024-11-30?sort=price_a","06:45","21:05","920","137.0","False","BOD","DUB","N/A","N/A","AGP","215.0","Volotea","Ryanair","Économique","44.837789, -0.57918","53.3493795, -6.2605593","1032.73","2024-11-30 06:45:00","2024-11-30 21:05:00","705.0","9","Saturday","morning","long","standard","2486429141497907577"
"2024-11-21","2024-11-30","BOD","DUB","Dublin","https://www.kayak.fr/flights/BOD-DUB/2024-11-30?sort=price_a","06:45","23:55","1090","140.0","False","BOD","DUB","N/A","N/A","AGP","215.0","Volotea","Ryanair","N/A","44.837789, -0.57918","53.3493795, -6.2605593","1032.73","2024-11-30 06:45:00","2024-11-30 23:55:00","875.0","9","Saturday","morning","long","standard","2847481645846386918"
"2024-11-21","2024-11-30","BOD","DUB","Dublin","https://www.kayak.fr/flights/BOD-DUB/2024-11-30?sort=price_a","06:45","22:25","1000","143.0","False","BOD","DUB","N/A","N/A","N/A","","Volotea","Ryanair","N/A","44.837789, -0.57918","53.3493795, -6.2605593","1032.73","2024-11-30 06:45:00","2024-11-30 22:25:00","","9","Saturday","morning","long","standard","2554483050555626521"
"2024-11-21","2024-11-30","BOD","DUB","Dublin","https://www.kayak.fr/flights/BOD-DUB/2024-11-30?sort=price_a","06:45","20:25","880","146.0","False","BOD","DUB","N/A","N/A","AGP","215.0","Volotea","Ryanair","N/A","44.837789, -0.57918","53.3493795, -6.2605593","1032.73","2024-11-30 06:45:00","2024-11-30 20:25:00","665.0","9","Saturday","morning","long","standard","8423672216700091903"
"2024-11-21","2024-11-30","BOD","DUB","Dublin","https://www.kayak.fr/flights/BOD-DUB/2024-11-30?sort=price_a","06:30","21:55","985","149.0","False","BOD","DUB","N/A","N/A","N/A","","easyJet","Ryanair UK","N/A","44.837789, -0.57918","53.3493795, -6.2605593","1032.73","2024-11-30 06:30:00","2024-11-30 21:55:00","","9","Saturday","morning","long","standard","2019033983883797413"
"2024-11-21","2024-11-30","BOD","DUB","Dublin","https://www.kayak.fr/flights/BOD-DUB/2024-11-30?sort=price_a","17:55","10:20+1","1045","153.0","False","BOD","DUB","N/A","N/A","N/A","","Iberia","TAP AIR PORTUGAL","N/A","44.837789, -0.57918","53.3493795, -6.2605593","1032.73","2024-11-30 17:55:00","2024-12-01 10:20:00","","9","Saturday","evening","long","standard","4248559529710232122"
"2024-11-21","2024-11-30","BOD","DUB","Dublin","https://www.kayak.fr/flights/BOD-DUB/2024-11-30?sort=price_a","15:30","00:15+1","585","154.0","False","BOD","DUB","N/A","N/A","AGP","100.0","Volotea","Ryanair","Économique","44.837789, -0.57918","53.3493795, -6.2605593","1032.73","2024-11-30 15:30:00","2024-12-01 00:15:00","485.0","9","Saturday","afternoon","long","standard","3664957797051162628"
"2024-11-21","2024-11-30","BOD","DUB","Dublin","https://www.kayak.fr/flights/BOD-DUB/2024-11-30?sort=price_a","15:30","07:55+1","1045","155.0","False","BOD","DUB","N/A","N/A","AGP","100.0","Volotea","Ryanair","Économique","44.837789, -0.57918","53.3493795, -6.2605593","1032.73","2024-11-30 15:30:00","2024-12-01 07:55:00","945.0","9","Saturday","afternoon","long","high","7502121117875965426"
"2024-11-21","2024-11-30","BOD","DUB","Dublin","https://www.kayak.fr/flights/BOD-DUB/2024-11-30?sort=price_a","06:45","15:40","595","156.0","False","BOD","DUB","N/A","N/A","AGP","100.0","Volotea","Ryanair","Économique","44.837789, -0.57918","53.3493795, -6.2605593","1032.73","2024-11-30 06:45:00","2024-11-30 15:40:00","495.0","9","Saturday","morning","long","high","1483087065371340745"
"2024-11-21","2024-11-30","BOD","DUB","Dublin","https://www.kayak.fr/flights/BOD-DUB/2024-11-30?sort=price_a","06:05","23:00","1075","158.0","False","BOD","DUB","N/A","N/A","AGP","100.0","Volotea","Ryanair","N/A","44.837789, -0.57918","53.3493795, -6.2605593","1032.73","2024-11-30 06:05:00","2024-11-30 23:00:00","975.0","9","Saturday","morning","long","high","5293283614299842090"
"2024-11-21","2024-11-30","BOD","DUB","Dublin","https://www.kayak.fr/flights/BOD-DUB/2024-11-30?sort=price_a","06:05","18:20","795","160.0","False","BOD","DUB","N/A","N/A","N/A","","easyJet","Aer Lingus","N/A","44.837789, -0.57918","53.3493795, -6.2605593","1032.73","2024-11-30 06:05:00","2024-11-30 18:20:00","","9","Saturday","morning","long","high","3978676621240007847"
"2024-11-21","2024-11-30","BOD","DUB","Dublin","https://www.kayak.fr/flights/BOD-DUB/2024-11-30?sort=price_a","15:30","00:15+1","585","163.0","False","BOD","DUB","N/A","N/A","AGP","100.0","Volotea","Ryanair","N/A","44.837789, -0.57918","53.3493795, -6.2605593","1032.73","2024-11-30 15:30:00","2024-12-01 00:15:00","485.0","9","Saturday","afternoon","long","high","3664957797051162628"
"2024-11-21","2024-11-30","BOD","DUB","Dublin","https://www.kayak.fr/flights/BOD-DUB/2024-11-30?sort=price_a","06:30","18:25","775","163.0","False","BOD","DUB","N/A","N/A","N/A","","easyJet","Ryanair UK","N/A","44.837789, -0.57918","53.3493795, -6.2605593","1032.73","2024-11-30 06:30:00","2024-11-30 18:25:00","","9","Saturday","morning","long","high","6691321021979679107"
"2024-11-21","2024-12-01","BOD","DUB","Dublin","https://www.kayak.fr/flights/BOD-DUB/2024-12-01?sort=price_a","15:35","07:20+1","1005","135.0","False","BOD","DUB","N/A","N/A","N/A","","easyJet","Ryanair","Standard","44.837789, -0.57918","53.3493795, -6.2605593","1032.73","2024-12-01 15:35:00","2024-12-02 07:20:00","","10","Sunday","afternoon","long","standard","3513590095772059871"
"2024-11-21","2024-12-01","BOD","DUB","Dublin","https://www.kayak.fr/flights/BOD-DUB/2024-12-01?sort=price_a","07:10","15:25","555","210.0","False","BOD","DUB","N/A","N/A","N/A","","easyJet","Ryanair","Standard","44.837789, -0.57918","53.3493795, -6.2605593","1032.73","2024-12-01 07:10:00","2024-12-01 15:25:00","","10","Sunday","morning","long","high","631884692715986757"
"2024-11-21","2024-12-01","BOD","DUB","Dublin","https://www.kayak.fr/flights/BOD-DUB/2024-12-01?sort=price_a","17:50","23:20","390","256.0","False","BOD","DUB","N/A","N/A","N/A","","easyJet","Ryanair","Standard","44.837789, -0.57918","53.3493795, -6.2605593","1032.73","2024-12-01 17:50:00","2024-12-01 23:20:00","","10","Sunday","evening","long","high","7374155377573906169"
"2024-11-21","2024-12-01","BOD","DUB","Dublin","https://www.kayak.fr/flights/BOD-DUB/2024-12-01?sort=price_a","11:10","15:30","320","268.0","False","BOD","DUB","N/A","N/A","N/A","","easyJet","Ryanair","N/A","44.837789, -0.57918","53.3493795, -6.2605593","1032.73","2024-12-01 11:10:00","2024-12-01 15:30:00","","10","Sunday","morning","moyen","high","4656738090967353041"
"2024-11-21","2024-12-01","BOD","DUB","Dublin","https://www.kayak.fr/flights/BOD-DUB/2024-12-01?sort=price_a","08:10","15:00","470","270.0","False","BOD","DUB","N/A","N/A","N/A","","easyJet","Ryanair","N/A","44.837789, -0.57918","53.3493795, -6.2605593","1032.73","2024-12-01 08:10:00","2024-12-01 15:00:00","","10","Sunday","morning","long","high","7286816908888171771"
"2024-11-21","2024-12-01","BOD","DUB","Dublin","https://www.kayak.fr/flights/BOD-DUB/2024-12-01?sort=price_a","14:20","21:00","460","271.0","False","BOD","DUB","N/A","N/A","N/A","","easyJet","Ryanair","N/A","44.837789, -0.57918","53.3493795, -6.2605593","1032.73","2024-12-01 14:20:00","2024-12-01 21:00:00","","10","Sunday","afternoon","long","high","8615641122286848430"
"2024-11-21","2024-12-01","BOD","DUB","Dublin","https://www.kayak.fr/flights/BOD-DUB/2024-12-01?sort=price_a","15:25","16:25","120","294.0","True","BOD","DUB","N/A","N/A","N/A","","Aer Lingus","N/A","N/A","44.837789, -0.57918","53.3493795, -6.2605593","1032.73","2024-12-01 15:25:00","2024-12-01 16:25:00","","10","Sunday","afternoon","court","high","1180559865294918552"
"2024-11-21","2024-12-01","BOD","DUB","Dublin","https://www.kayak.fr/flights/BOD-DUB/2024-12-01?sort=price_a","17:50","23:50","420","308.0","False","BOD","DUB","N/A","N/A","N/A","","Vueling","Ryanair","N/A","44.837789, -0.57918","53.3493795, -6.2605593","1032.73","2024-12-01 17:50:00","2024-12-01 23:50:00","","10","Sunday","evening","long","high","1099923941748868788"
"2024-11-21","2024-12-01","BOD","DUB","Dublin","https://www.kayak.fr/flights/BOD-DUB/2024-12-01?sort=price_a","09:05","15:00","415","323.0","False","BOD","DUB","N/A","N/A","ATH","90.0","easyJet","Aer Lingus","Standard","44.837789, -0.57918","53.3493795, -6.2605593","1032.73","2024-12-01 09:05:00","2024-12-01 15:00:00","325.0","10","Sunday","morning","long","high","6969069010472138711"
"2024-11-21","2024-12-01","BOD","DUB","Dublin","https://www.kayak.fr/flights/BOD-DUB/2024-12-01?sort=price_a","17:55","23:35","400","337.0","False","BOD","DUB","N/A","N/A","ATH","90.0","easyJet","Aer Lingus","Standard","44.837789, -0.57918","53.3493795, -6.2605593","1032.73","2024-12-01 17:55:00","2024-12-01 23:35:00","310.0","10","Sunday","evening","long","high","8054136741935405264"
"2024-11-21","2024-12-01","BOD","DUB","Dublin","https://www.kayak.fr/flights/BOD-DUB/2024-12-01?sort=price_a","17:50","22:55","365","344.0","False","BOD","DUB","N/A","N/A","ATH","90.0","easyJet","Aer Lingus","Standard","44.837789, -0.57918","53.3493795, -6.2605593","1032.73","2024-12-01 17:50:00","2024-12-01 22:55:00","275.0","10","Sunday","evening","long","high","1568769371202275166"
"2024-11-21","2024-12-01","BOD","DUB","Dublin","https://www.kayak.fr/flights/BOD-DUB/2024-12-01?sort=price_a","07:15","14:50","515","357.0","False","BOD","DUB","N/A","N/A","ATH","90.0","easyJet","Aer Lingus","N/A","44.837789, -0.57918","53.3493795, -6.2605593","1032.73","2024-12-01 07:15:00","2024-12-01 14:50:00","425.0","10","Sunday","morning","long","high","8477074203493066697"
"2024-11-21","2024-12-01","BOD","DUB","Dublin","https://www.kayak.fr/flights/BOD-DUB/2024-12-01?sort=price_a","12:58","22:50","652","416.0","False","BOD","DUB","N/A","N/A","N/A","","Air France","N/A","N/A","44.837789, -0.57918","53.3493795, -6.2605593","1032.73","2024-12-01 12:58:00","2024-12-01 22:50:00","","10","Sunday","afternoon","long","high","3428420518860964420"
"2024-11-21","2024-12-01","BOD","DUB","Dublin","https://www.kayak.fr/flights/BOD-DUB/2024-12-01?sort=price_a","18:35","22:50","315","500.0","False","BOD","DUB","N/A","N/A","ATH","90.0","easyJet","Aer Lingus","N/A","44.837789, -0.57918","53.3493795, -6.2605593","1032.73","2024-12-01 18:35:00","2024-12-01 22:50:00","225.0","10","Sunday","evening","moyen","high","4414294164859678688"
"2024-11-21","2024-12-01","BOD","DUB","Dublin","https://www.kayak.fr/flights/BOD-DUB/2024-12-01?sort=price_a","14:55","22:50","535","505.0","False","BOD","DUB","N/A","N/A","N/A","","Air France","N/A","N/A","44.837789, -0.57918","53.3493795, -6.2605593","1032.73","2024-12-01 14:55:00","2024-12-01 22:50:00","","10","Sunday","afternoon","long","high","8443844686502736698"
"2024-11-21","2024-12-02","BOD","DUB","Dublin","https://www.kayak.fr/flights/BOD-DUB/2024-12-02?sort=price_a","15:25","16:25","120","80.0","True","BOD","DUB","N/A","N/A","N/A","","Aer Lingus","N/A","Saver","44.837789, -0.57918","53.3493795, -6.2605593","1032.73","2024-12-02 15:25:00","2024-12-02 16:25:00","","11","Monday","afternoon","court","cheap","6249891656346816202"
"2024-11-21","2024-12-02","BOD","DUB","Dublin","https://www.kayak.fr/flights/BOD-DUB/2024-12-02?sort=price_a","10:55","16:10","375","174.0","False","BOD","DUB","N/A","N/A","N/A","","Aer Lingus","N/A","Saver","44.837789, -0.57918","53.3493795, -6.2605593","1032.73","2024-12-02 10:55:00","2024-12-02 16:10:00","","11","Monday","morning","long","high","5467007701933142336"
"2024-11-21","2024-12-02","BOD","DUB","Dublin","https://www.kayak.fr/flights/BOD-DUB/2024-12-02?sort=price_a","15:55","22:50","475","182.0","False","BOD","DUB","N/A","N/A","N/A","","Aer Lingus","N/A","Saver","44.837789, -0.57918","53.3493795, -6.2605593","1032.73","2024-12-02 15:55:00","2024-12-02 22:50:00","","11","Monday","afternoon","long","high","2889180640802534241"
"2024-11-21","2024-12-02","BOD","DUB","Dublin","https://www.kayak.fr/flights/BOD-DUB/2024-12-02?sort=price_a","10:40","15:40","360","192.0","False","BOD","DUB","N/A","N/A","N/A","","Aer Lingus","N/A","N/A","44.837789, -0.57918","53.3493795, -6.2605593","1032.73","2024-12-02 10:40:00","2024-12-02 15:40:00","","11","Monday","morning","moyen","high","3489075860976913612"
"2024-11-21","2024-12-02","BOD","DUB","Dublin","https://www.kayak.fr/flights/BOD-DUB/2024-12-02?sort=price_a","14:50","22:50","540","195.0","False","BOD","DUB","N/A","N/A","N/A","","Air France","N/A","N/A","44.837789, -0.57918","53.3493795, -6.2605593","1032.73","2024-12-02 14:50:00","2024-12-02 22:50:00","","11","Monday","afternoon","long","high","3554649368468345709"
"2024-11-21","2024-12-02","BOD","DUB","Dublin","https://www.kayak.fr/flights/BOD-DUB/2024-12-02?sort=price_a","18:10","00:20+1","430","203.0","False","BOD","DUB","N/A","N/A","N/A","","Aer Lingus","N/A","N/A","44.837789, -0.57918","53.3493795, -6.2605593","1032.73","2024-12-02 18:10:00","2024-12-03 00:20:00","","11","Monday","evening","long","high","7938129898078341910"
"2024-11-21","2024-12-02","BOD","DUB","Dublin","https://www.kayak.fr/flights/BOD-DUB/2024-12-02?sort=price_a","08:40","16:10","510","204.0","False","BOD","DUB","N/A","N/A","N/A","","easyJet","Aer Lingus","N/A","44.837789, -0.57918","53.3493795, -6.2605593","1032.73","2024-12-02 08:40:00","2024-12-02 16:10:00","","11","Monday","morning","long","high","2919617367513178194"
"2024-11-21","2024-12-02","BOD","DUB","Dublin","https://www.kayak.fr/flights/BOD-DUB/2024-12-02?sort=price_a","18:35","22:50","315","209.0","False","BOD","DUB","N/A","N/A","N/A","","Air France","N/A","N/A","44.837789, -0.57918","53.3493795, -6.2605593","1032.73","2024-12-02 18:35:00","2024-12-02 22:50:00","","11","Monday","evening","moyen","high","8271715434722292844"
"2024-11-21","2024-12-02","BOD","DUB","Dublin","https://www.kayak.fr/flights/BOD-DUB/2024-12-02?sort=price_a","18:10","22:50","340","218.0","False","BOD","DUB","N/A","N/A","LYS","160.0","easyJet","Aer Lingus","Standard","44.837789, -0.57918","53.3493795, -6.2605593","1032.73","2024-12-02 18:10:00","2024-12-02 22:50:00","180.0","11","Monday","evening","moyen","high","5875293296815579381"
"2024-11-21","2024-12-02","BOD","DUB","Dublin","https://www.kayak.fr/flights/BOD-DUB/2024-12-02?sort=price_a","10:40","18:20","520","228.0","False","BOD","DUB","N/A","N/A","LYS","160.0","easyJet","Aer Lingus","Standard","44.837789, -0.57918","53.3493795, -6.2605593","1032.73","2024-12-02 10:40:00","2024-12-02 18:20:00","360.0","11","Monday","morning","long","high","298209425621513035"
"2024-11-21","2024-12-02","BOD","DUB","Dublin","https://www.kayak.fr/flights/BOD-DUB/2024-12-02?sort=price_a","18:10","21:45","275","234.0","False","BOD","DUB","N/A","N/A","LYS","160.0","easyJet","Aer Lingus","Standard","44.837789, -0.57918","53.3493795, -6.2605593","1032.73","2024-12-02 18:10:00","2024-12-02 21:45:00","115.0","11","Monday","evening","moyen","high","9063512725907122728"
"2024-11-21","2024-12-02","BOD","DUB","Dublin","https://www.kayak.fr/flights/BOD-DUB/2024-12-02?sort=price_a","14:50","22:05","495","264.0","False","BOD","DUB","N/A","N/A","LYS","160.0","easyJet","Aer Lingus","N/A","44.837789, -0.57918","53.3493795, -6.2605593","1032.73","2024-12-02 14:50:00","2024-12-02 22:05:00","335.0","11","Monday","afternoon","long","high","5790858333527395021"
"2024-11-21","2024-12-02","BOD","DUB","Dublin","https://www.kayak.fr/flights/BOD-DUB/2024-12-02?sort=price_a","13:55","21:30","515","273.0","False","BOD","DUB","N/A","N/A","N/A","","Vueling","Ryanair","N/A","44.837789, -0.57918","53.3493795, -6.2605593","1032.73","2024-12-02 13:55:00","2024-12-02 21:30:00","","11","Monday","afternoon","long","high","5603341898092885296"
"2024-11-21","2024-12-02","BOD","DUB","Dublin","https://www.kayak.fr/flights/BOD-DUB/2024-12-02?sort=price_a","13:55","20:10","435","279.0","False","BOD","DUB","N/A","N/A","LYS","160.0","easyJet","Aer Lingus","N/A","44.837789, -0.57918","53.3493795, -6.2605593","1032.73","2024-12-02 13:55:00","2024-12-02 20:10:00","275.0","11","Monday","afternoon","long","high","662285984204841888"
"2024-11-21","2024-12-02","BOD","DUB","Dublin","https://www.kayak.fr/flights/BOD-DUB/2024-12-02?sort=price_a","12:58","22:50","652","293.0","False","BOD","DUB","N/A","N/A","N/A","","Air France","N/A","N/A","44.837789, -0.57918","53.3493795, -6.2605593","1032.73","2024-12-02 12:58:00","2024-12-02 22:50:00","","11","Monday","afternoon","long","high","4639194200856763362"
"2024-11-21","2024-12-03","BOD","DUB","Dublin","https://www.kayak.fr/flights/BOD-DUB/2024-12-03?sort=price_a","09:35","22:25","830","105.0","False","BOD","DUB","N/A","N/A","BCN","135.0","Vueling","Wizz Air Malta","Économique","44.837789, -0.57918","53.3493795, -6.2605593","1032.73","2024-12-03 09:35:00","2024-12-03 22:25:00","695.0","12","Tuesday","morning","long","cheap","1210534469647919810"
"2024-11-21","2024-12-03","BOD","DUB","Dublin","https://www.kayak.fr/flights/BOD-DUB/2024-12-03?sort=price_a","18:50","16:10+1","1340","105.0","False","BOD","DUB","N/A","N/A","BCN","135.0","Vueling","Wizz Air Malta","Économique","44.837789, -0.57918","53.3493795, -6.2605593","1032.73","2024-12-03 18:50:00","2024-12-04 16:10:00","1205.0","12","Tuesday","evening","long","cheap","6813776566436750250"
"2024-11-21","2024-12-03","BOD","DUB","Dublin","https://www.kayak.fr/flights/BOD-DUB/2024-12-03?sort=price_a","09:35","22:25","830","116.0","False","BOD","DUB","N/A","N/A","BCN","135.0","Vueling","Wizz Air Malta","Économique","44.837789, -0.57918","53.3493795, -6.2605593","1032.73","2024-12-03 09:35:00","2024-12-03 22:25:00","695.0","12","Tuesday","morning","long","standard","1210534469647919810"
"2024-11-21","2024-12-03","BOD","DUB","Dublin","https://www.kayak.fr/flights/BOD-DUB/2024-12-03?sort=price_a","09:35","22:25","830","117.0","False","BOD","DUB","N/A","N/A","BCN","135.0","Vueling","Wizz Air Malta","N/A","44.837789, -0.57918","53.3493795, -6.2605593","1032.73","2024-12-03 09:35:00","2024-12-03 22:25:00","695.0","12","Tuesday","morning","long","standard","1210534469647919810"
"2024-11-21","2024-12-03","BOD","DUB","Dublin","https://www.kayak.fr/flights/BOD-DUB/2024-12-03?sort=price_a","09:35","22:25","830","120.0","False","BOD","DUB","N/A","N/A","N/A","","Vueling","Ryanair","N/A","44.837789, -0.57918","53.3493795, -6.2605593","1032.73","2024-12-03 09:35:00","2024-12-03 22:25:00","","12","Tuesday","morning","long","standard","1210534469647919810"
"2024-11-21","2024-12-03","BOD","DUB","Dublin","https://www.kayak.fr/flights/BOD-DUB/2024-12-03?sort=price_a","18:50","08:05+1","855","121.0","False","BOD","DUB","N/A","N/A","BCN","135.0","Vueling","Wizz Air Malta","N/A","44.837789, -0.57918","53.3493795, -6.2605593","1032.73","2024-12-03 18:50:00","2024-12-04 08:05:00","720.0","12","Tuesday","evening","long","standard","7343780206432074832"
"2024-11-21","2024-12-03","BOD","DUB","Dublin","https://www.kayak.fr/flights/BOD-DUB/2024-12-03?sort=price_a","18:50","07:50+1","840","122.0","False","BOD","DUB","N/A","N/A","N/A","","easyJet","Ryanair","N/A","44.837789, -0.57918","53.3493795, -6.2605593","1032.73","2024-12-03 18:50:00","2024-12-04 07:50:00","","12","Tuesday","evening","long","standard","128197248466308278"
"2024-11-21","2024-12-03","BOD","DUB","Dublin","https://www.kayak.fr/flights/BOD-DUB/2024-12-03?sort=price_a","07:25","11:00","275","126.0","False","BOD","DUB","N/A","N/A","N/A","","easyJet","Ryanair","N/A","44.837789, -0.57918","53.3493795, -6.2605593","1032.73","2024-12-03 07:25:00","2024-12-03 11:00:00","","12","Tuesday","morning","moyen","standard","955066600368874608"
"2024-11-21","2024-12-03","BOD","DUB","Dublin","https://www.kayak.fr/flights/BOD-DUB/2024-12-03?sort=price_a","18:50","10:10+1","980","127.0","False","BOD","DUB","N/A","N/A","LYS","1125.0","easyJet","Aer Lingus","Standard","44.837789, -0.57918","53.3493795, -6.2605593","1032.73","2024-12-03 18:50:00","2024-12-04 10:10:00","","12","Tuesday","evening","long","standard","4113067688875835709"
"2024-11-21","2024-12-03","BOD","DUB","Dublin","https://www.kayak.fr/flights/BOD-DUB/2024-12-03?sort=price_a","18:00","22:05","305","132.0","False","BOD","DUB","N/A","N/A","LYS","1125.0","easyJet","Aer Lingus","Standard","44.837789, -0.57918","53.3493795, -6.2605593","1032.73","2024-12-03 18:00:00","2024-12-03 22:05:00","","12","Tuesday","evening","moyen","standard","5918871866921322306"
"2024-11-21","2024-12-03","BOD","DUB","Dublin","https://www.kayak.fr/flights/BOD-DUB/2024-12-03?sort=price_a","12:30","16:40","310","132.0","False","BOD","DUB","N/A","N/A","LYS","1125.0","easyJet","Aer Lingus","Standard","44.837789, -0.57918","53.3493795, -6.2605593","1032.73","2024-12-03 12:30:00","2024-12-03 16:40:00","","12","Tuesday","afternoon","moyen","standard","7985677252562717081"
"2024-11-21","2024-12-03","BOD","DUB","Dublin","https://www.kayak.fr/flights/BOD-DUB/2024-12-03?sort=price_a","06:00","12:40","460","132.0","False","BOD","DUB","N/A","N/A","LYS","1125.0","easyJet","Aer Lingus","N/A","44.837789, -0.57918","53.3493795, -6.2605593","1032.73","2024-12-03 06:00:00","2024-12-03 12:40:00","","12","Tuesday","morning","long","standard","2357520263578387263"
"2024-11-21","2024-12-03","BOD","DUB","Dublin","https://www.kayak.fr/flights/BOD-DUB/2024-12-03?sort=price_a","12:30","22:05","635","132.0","False","BOD","DUB","N/A","N/A","N/A","","KLM","N/A","N/A","44.837789, -0.57918","53.3493795, -6.2605593","1032.73","2024-12-03 12:30:00","2024-12-03 22:05:00","","12","Tuesday","afternoon","long","standard","7308700564011770095"
"2024-11-21","2024-12-03","BOD","DUB","Dublin","https://www.kayak.fr/flights/BOD-DUB/2024-12-03?sort=price_a","06:00","16:40","700","132.0","False","BOD","DUB","N/A","N/A","LYS","1125.0","easyJet","Aer Lingus","N/A","44.837789, -0.57918","53.3493795, -6.2605593","1032.73","2024-12-03 06:00:00","2024-12-03 16:40:00","","12","Tuesday","morning","long","standard","2113560442593017476"
"2024-11-21","2024-12-03","BOD","DUB","Dublin","https://www.kayak.fr/flights/BOD-DUB/2024-12-03?sort=price_a","18:50","09:35+1","945","133.0","False","BOD","DUB","N/A","N/A","N/A","","easyJet","Ryanair","N/A","44.837789, -0.57918","53.3493795, -6.2605593","1032.73","2024-12-03 18:50:00","2024-12-04 09:35:00","","12","Tuesday","evening","long","standard","7241672786275842400"
"2024-11-21","2024-12-04","BOD","DUB","Dublin","https://www.kayak.fr/flights/BOD-DUB/2024-12-04?sort=price_a","15:25","16:25","120","46.0","True","BOD","DUB","N/A","N/A","N/A","","Aer Lingus","N/A","Saver","44.837789, -0.57918","53.3493795, -6.2605593","1032.73","2024-12-04 15:25:00","2024-12-04 16:25:00","","13","Wednesday","afternoon","court","cheap","428906556216074326"
"2024-11-21","2024-12-04","BOD","DUB","Dublin","https://www.kayak.fr/flights/BOD-DUB/2024-12-04?sort=price_a","09:00","16:10","490","116.0","False","BOD","DUB","N/A","N/A","N/A","","Aer Lingus","N/A","Saver","44.837789, -0.57918","53.3493795, -6.2605593","1032.73","2024-12-04 09:00:00","2024-12-04 16:10:00","","13","Wednesday","morning","long","standard","751304981033211081"
"2024-11-21","2024-12-04","BOD","DUB","Dublin","https://www.kayak.fr/flights/BOD-DUB/2024-12-04?sort=price_a","06:50","11:30","340","120.0","False","BOD","DUB","N/A","N/A","N/A","","Aer Lingus","N/A","Saver","44.837789, -0.57918","53.3493795, -6.2605593","1032.73","2024-12-04 06:50:00","2024-12-04 11:30:00","","13","Wednesday","morning","moyen","standard","5599303196821049021"
"2024-11-21","2024-12-04","BOD","DUB","Dublin","https://www.kayak.fr/flights/BOD-DUB/2024-12-04?sort=price_a","06:50","12:35","405","129.0","False","BOD","DUB","N/A","N/A","N/A","","Aer Lingus","N/A","N/A","44.837789, -0.57918","53.3493795, -6.2605593","1032.73","2024-12-04 06:50:00","2024-12-04 12:35:00","","13","Wednesday","morning","long","standard","2732038253899077218"
"2024-11-21","2024-12-04","BOD","DUB","Dublin","https://www.kayak.fr/flights/BOD-DUB/2024-12-04?sort=price_a","18:00","22:05","305","132.0","False","BOD","DUB","N/A","N/A","N/A","","KLM","N/A","N/A","44.837789, -0.57918","53.3493795, -6.2605593","1032.73","2024-12-04 18:00:00","2024-12-04 22:05:00","","13","Wednesday","evening","moyen","standard","2007631383767569150"
"2024-11-21","2024-12-04","BOD","DUB","Dublin","https://www.kayak.fr/flights/BOD-DUB/2024-12-04?sort=price_a","12:30","16:40","310","132.0","False","BOD","DUB","N/A","N/A","N/A","","Aer Lingus","N/A","N/A","44.837789, -0.57918","53.3493795, -6.2605593","1032.73","2024-12-04 12:30:00","2024-12-04 16:40:00","","13","Wednesday","afternoon","moyen","standard","2652022951293467832"
"2024-11-21","2024-12-04","BOD","DUB","Dublin","https://www.kayak.fr/flights/BOD-DUB/2024-12-04?sort=price_a","06:00","12:40","460","132.0","False","BOD","DUB","N/A","N/A","N/A","","KLM","N/A","N/A","44.837789, -0.57918","53.3493795, -6.2605593","1032.73","2024-12-04 06:00:00","2024-12-04 12:40:00","","13","Wednesday","morning","long","standard","2658697042549332110"
"2024-11-21","2024-12-04","BOD","DUB","Dublin","https://www.kayak.fr/flights/BOD-DUB/2024-12-04?sort=price_a","18:25","22:40","315","178.0","False","BOD","DUB","N/A","N/A","N/A","","Lufthansa","N/A","N/A","44.837789, -0.57918","53.3493795, -6.2605593","1032.73","2024-12-04 18:25:00","2024-12-04 22:40:00","","13","Wednesday","evening","moyen","high","7581029922727620078"
"2024-11-21","2024-12-04","BOD","DUB","Dublin","https://www.kayak.fr/flights/BOD-DUB/2024-12-04?sort=price_a","14:50","22:50","540","187.0","False","BOD","DUB","N/A","N/A","LYS","275.0","easyJet","Aer Lingus","Standard","44.837789, -0.57918","53.3493795, -6.2605593","1032.73","2024-12-04 14:50:00","2024-12-04 22:50:00","265.0","13","Wednesday","afternoon","long","high","6908129880481614680"
"2024-11-21","2024-12-04","BOD","DUB","Dublin","https://www.kayak.fr/flights/BOD-DUB/2024-12-04?sort=price_a","11:20","19:00","520","207.0","False","BOD","DUB","N/A","N/A","LYS","275.0","easyJet","Aer Lingus","Standard","44.837789, -0.57918","53.3493795, -6.2605593","1032.73","2024-12-04 11:20:00","2024-12-04 19:00:00","245.0","13","Wednesday","morning","long","high","3794012753616639833"
"2024-11-21","2024-12-04","BOD","DUB","Dublin","https://www.kayak.fr/flights/BOD-DUB/2024-12-04?sort=price_a","18:35","22:50","315","209.0","False","BOD","DUB","N/A","N/A","LYS","275.0","easyJet","Aer Lingus","Standard","44.837789, -0.57918","53.3493795, -6.2605593","1032.73","2024-12-04 18:35:00","2024-12-04 22:50:00","40.0","13","Wednesday","evening","moyen","high","4875857317432108373"
"2024-11-21","2024-12-04","BOD","DUB","Dublin","https://www.kayak.fr/flights/BOD-DUB/2024-12-04?sort=price_a","15:55","22:50","475","209.0","False","BOD","DUB","N/A","N/A","LYS","275.0","easyJet","Aer Lingus","N/A","44.837789, -0.57918","53.3493795, -6.2605593","1032.73","2024-12-04 15:55:00","2024-12-04 22:50:00","200.0","13","Wednesday","afternoon","long","high","1682965141807496654"
"2024-11-21","2024-12-04","BOD","DUB","Dublin","https://www.kayak.fr/flights/BOD-DUB/2024-12-04?sort=price_a","06:50","13:35","465","211.0","False","BOD","DUB","N/A","N/A","N/A","","easyJet","Aer Lingus","N/A","44.837789, -0.57918","53.3493795, -6.2605593","1032.73","2024-12-04 06:50:00","2024-12-04 13:35:00","","13","Wednesday","morning","long","high","2184091844421342671"
"2024-11-21","2024-12-04","BOD","DUB","Dublin","https://www.kayak.fr/flights/BOD-DUB/2024-12-04?sort=price_a","12:30","20:45","555","228.0","False","BOD","DUB","N/A","N/A","LYS","275.0","easyJet","Aer Lingus","N/A","44.837789, -0.57918","53.3493795, -6.2605593","1032.73","2024-12-04 12:30:00","2024-12-04 20:45:00","280.0","13","Wednesday","afternoon","long","high","215889838995652727"
"2024-11-21","2024-12-04","BOD","DUB","Dublin","https://www.kayak.fr/flights/BOD-DUB/2024-12-04?sort=price_a","06:50","12:05","375","231.0","False","BOD","DUB","N/A","N/A","N/A","","easyJet","British Airways","N/A","44.837789, -0.57918","53.3493795, -6.2605593","1032.73","2024-12-04 06:50:00","2024-12-04 12:05:00","","13","Wednesday","morning","long","high","4266090421407625555"
"2024-11-21","2024-12-05","BOD","DUB","Dublin","https://www.kayak.fr/flights/BOD-DUB/2024-12-05?sort=price_a","15:25","16:25","120","46.0","True","BOD","DUB","N/A","N/A","N/A","","Aer Lingus","N/A","Saver","44.837789, -0.57918","53.3493795, -6.2605593","1032.73","2024-12-05 15:25:00","2024-12-05 16:25:00","","14","Thursday","afternoon","court","cheap","14509801329280477"
"2024-11-21","2024-12-05","BOD","DUB","Dublin","https://www.kayak.fr/flights/BOD-DUB/2024-12-05?sort=price_a","12:30","16:40","310","132.0","False","BOD","DUB","N/A","N/A","N/A","","Aer Lingus","N/A","Saver","44.837789, -0.57918","53.3493795, -6.2605593","1032.73","2024-12-05 12:30:00","2024-12-05 16:40:00","","14","Thursday","afternoon","moyen","standard","934320176735631629"
"2024-11-21","2024-12-05","BOD","DUB","Dublin","https://www.kayak.fr/flights/BOD-DUB/2024-12-05?sort=price_a","09:05","16:10","485","144.0","False","BOD","DUB","N/A","N/A","N/A","","Aer Lingus","N/A","Saver","44.837789, -0.57918","53.3493795, -6.2605593","1032.73","2024-12-05 09:05:00","2024-12-05 16:10:00","","14","Thursday","morning","long","standard","4536283899837598058"
"2024-11-21","2024-12-05","BOD","DUB","Dublin","https://www.kayak.fr/flights/BOD-DUB/2024-12-05?sort=price_a","15:55","22:50","475","182.0","False","BOD","DUB","N/A","N/A","N/A","","Aer Lingus","N/A","N/A","44.837789, -0.57918","53.3493795, -6.2605593","1032.73","2024-12-05 15:55:00","2024-12-05 22:50:00","","14","Thursday","afternoon","long","high","1555194759376962404"
"2024-11-21","2024-12-05","BOD","DUB","Dublin","https://www.kayak.fr/flights/BOD-DUB/2024-12-05?sort=price_a","06:50","11:45","355","183.0","False","BOD","DUB","N/A","N/A","N/A","","easyJet","Ryanair","N/A","44.837789, -0.57918","53.3493795, -6.2605593","1032.73","2024-12-05 06:50:00","2024-12-05 11:45:00","","14","Thursday","morning","moyen","high","8749871022300948051"
"2024-11-21","2024-12-05","BOD","DUB","Dublin","https://www.kayak.fr/flights/BOD-DUB/2024-12-05?sort=price_a","18:00","22:05","305","193.0","False","BOD","DUB","N/A","N/A","N/A","","Aer Lingus","N/A","N/A","44.837789, -0.57918","53.3493795, -6.2605593","1032.73","2024-12-05 18:00:00","2024-12-05 22:05:00","","14","Thursday","evening","moyen","high","6548614906406443413"
"2024-11-21","2024-12-05","BOD","DUB","Dublin","https://www.kayak.fr/flights/BOD-DUB/2024-12-05?sort=price_a","14:50","22:50","540","195.0","False","BOD","DUB","N/A","N/A","N/A","","Air France","N/A","N/A","44.837789, -0.57918","53.3493795, -6.2605593","1032.73","2024-12-05 14:50:00","2024-12-05 22:50:00","","14","Thursday","afternoon","long","high","1199690613957461661"
"2024-11-21","2024-12-05","BOD","DUB","Dublin","https://www.kayak.fr/flights/BOD-DUB/2024-12-05?sort=price_a","06:50","12:55","425","210.0","False","BOD","DUB","N/A","N/A","N/A","","easyJet","Ryanair","N/A","44.837789, -0.57918","53.3493795, -6.2605593","1032.73","2024-12-05 06:50:00","2024-12-05 12:55:00","","14","Thursday","morning","long","high","8523673255724557475"
"2024-11-21","2024-12-05","BOD","DUB","Dublin","https://www.kayak.fr/flights/BOD-DUB/2024-12-05?sort=price_a","18:35","22:50","315","217.0","False","BOD","DUB","N/A","N/A","AMS","100.0","KLM","N/A","Light","44.837789, -0.57918","53.3493795, -6.2605593","1032.73","2024-12-05 18:35:00","2024-12-05 22:50:00","215.0","14","Thursday","evening","moyen","high","1465979692228931292"
"2024-11-21","2024-12-05","BOD","DUB","Dublin","https://www.kayak.fr/flights/BOD-DUB/2024-12-05?sort=price_a","18:30","22:50","320","217.0","False","BOD","DUB","N/A","N/A","AMS","100.0","KLM","N/A","Light","44.837789, -0.57918","53.3493795, -6.2605593","1032.73","2024-12-05 18:30:00","2024-12-05 22:50:00","220.0","14","Thursday","evening","moyen","high","7905884201875260057"
"2024-11-21","2024-12-05","BOD","DUB","Dublin","https://www.kayak.fr/flights/BOD-DUB/2024-12-05?sort=price_a","06:00","12:40","460","252.0","False","BOD","DUB","N/A","N/A","AMS","100.0","KLM","N/A","Light","44.837789, -0.57918","53.3493795, -6.2605593","1032.73","2024-12-05 06:00:00","2024-12-05 12:40:00","360.0","14","Thursday","morning","long","high","7216192955767699398"
"2024-11-21","2024-12-05","BOD","DUB","Dublin","https://www.kayak.fr/flights/BOD-DUB/2024-12-05?sort=price_a","06:50","13:35","465","254.0","False","BOD","DUB","N/A","N/A","AMS","100.0","KLM","N/A","N/A","44.837789, -0.57918","53.3493795, -6.2605593","1032.73","2024-12-05 06:50:00","2024-12-05 13:35:00","365.0","14","Thursday","morning","long","high","3352855371319681112"
"2024-11-21","2024-12-05","BOD","DUB","Dublin","https://www.kayak.fr/flights/BOD-DUB/2024-12-05?sort=price_a","06:50","12:10","380","271.0","False","BOD","DUB","N/A","N/A","N/A","","easyJet","British Airways","N/A","44.837789, -0.57918","53.3493795, -6.2605593","1032.73","2024-12-05 06:50:00","2024-12-05 12:10:00","","14","Thursday","morning","long","high","1881698082619177067"
"2024-11-21","2024-12-05","BOD","DUB","Dublin","https://www.kayak.fr/flights/BOD-DUB/2024-12-05?sort=price_a","12:30","20:45","555","275.0","False","BOD","DUB","N/A","N/A","AMS","100.0","KLM","N/A","N/A","44.837789, -0.57918","53.3493795, -6.2605593","1032.73","2024-12-05 12:30:00","2024-12-05 20:45:00","455.0","14","Thursday","afternoon","long","high","7378934374077505551"
"2024-11-21","2024-12-05","BOD","DUB","Dublin","https://www.kayak.fr/flights/BOD-DUB/2024-12-05?sort=price_a","12:30","20:05","515","302.0","False","BOD","DUB","N/A","N/A","N/A","","KLM","Aer Lingus","N/A","44.837789, -0.57918","53.3493795, -6.2605593","1032.73","2024-12-05 12:30:00","2024-12-05 20:05:00","","14","Thursday","afternoon","long","high","4376649899231168565"
"2024-11-21","2024-12-06","BOD","DUB","Dublin","https://www.kayak.fr/flights/BOD-DUB/2024-12-06?sort=price_a","15:25","16:25","120","69.0","True","BOD","DUB","N/A","N/A","N/A","","Aer Lingus","N/A","Saver","44.837789, -0.57918","53.3493795, -6.2605593","1032.73","2024-12-06 15:25:00","2024-12-06 16:25:00","","15","Friday","afternoon","court","cheap","7139714543157387646"
"2024-11-21","2024-12-06","BOD","DUB","Dublin","https://www.kayak.fr/flights/BOD-DUB/2024-12-06?sort=price_a","13:35","21:00","505","116.0","False","BOD","DUB","N/A","N/A","N/A","","Aer Lingus","N/A","Saver","44.837789, -0.57918","53.3493795, -6.2605593","1032.73","2024-12-06 13:35:00","2024-12-06 21:00:00","","15","Friday","afternoon","long","standard","9008914414182056801"
"2024-11-21","2024-12-06","BOD","DUB","Dublin","https://www.kayak.fr/flights/BOD-DUB/2024-12-06?sort=price_a","17:40","00:50+1","490","132.0","False","BOD","DUB","N/A","N/A","N/A","","Aer Lingus","N/A","Saver","44.837789, -0.57918","53.3493795, -6.2605593","1032.73","2024-12-06 17:40:00","2024-12-07 00:50:00","","15","Friday","evening","long","standard","8013927526594036389"
"2024-11-21","2024-12-06","BOD","DUB","Dublin","https://www.kayak.fr/flights/BOD-DUB/2024-12-06?sort=price_a","13:35","20:05","450","142.0","False","BOD","DUB","N/A","N/A","N/A","","Aer Lingus","N/A","N/A","44.837789, -0.57918","53.3493795, -6.2605593","1032.73","2024-12-06 13:35:00","2024-12-06 20:05:00","","15","Friday","afternoon","long","standard","8952735607638316831"
"2024-11-21","2024-12-06","BOD","DUB","Dublin","https://www.kayak.fr/flights/BOD-DUB/2024-12-06?sort=price_a","18:05","22:05","300","146.0","False","BOD","DUB","N/A","N/A","N/A","","KLM","N/A","N/A","44.837789, -0.57918","53.3493795, -6.2605593","1032.73","2024-12-06 18:05:00","2024-12-06 22:05:00","","15","Friday","evening","moyen","standard","4358229559349362350"
"2024-11-21","2024-12-06","BOD","DUB","Dublin","https://www.kayak.fr/flights/BOD-DUB/2024-12-06?sort=price_a","15:55","22:50","475","154.0","False","BOD","DUB","N/A","N/A","N/A","","Aer Lingus","N/A","N/A","44.837789, -0.57918","53.3493795, -6.2605593","1032.73","2024-12-06 15:55:00","2024-12-06 22:50:00","","15","Friday","afternoon","long","standard","3394566953487029765"
"2024-11-21","2024-12-06","BOD","DUB","Dublin","https://www.kayak.fr/flights/BOD-DUB/2024-12-06?sort=price_a","09:05","16:10","485","163.0","False","BOD","DUB","N/A","N/A","N/A","","easyJet","Aer Lingus","N/A","44.837789, -0.57918","53.3493795, -6.2605593","1032.73","2024-12-06 09:05:00","2024-12-06 16:10:00","","15","Friday","morning","long","high","2738132434893102963"
"2024-11-21","2024-12-06","BOD","DUB","Dublin","https://www.kayak.fr/flights/BOD-DUB/2024-12-06?sort=price_a","12:15","16:10","295","171.0","False","BOD","DUB","N/A","N/A","N/A","","easyJet","Aer Lingus","N/A","44.837789, -0.57918","53.3493795, -6.2605593","1032.73","2024-12-06 12:15:00","2024-12-06 16:10:00","","15","Friday","afternoon","moyen","high","8403109935620669341"
"2024-11-21","2024-12-06","BOD","DUB","Dublin","https://www.kayak.fr/flights/BOD-DUB/2024-12-06?sort=price_a","18:35","22:50","315","172.0","False","BOD","DUB","N/A","N/A","BRS","335.0","easyJet","Aer Lingus","Standard","44.837789, -0.57918","53.3493795, -6.2605593","1032.73","2024-12-06 18:35:00","2024-12-06 22:50:00","","15","Friday","evening","moyen","high","180508475006712685"
"2024-11-21","2024-12-06","BOD","DUB","Dublin","https://www.kayak.fr/flights/BOD-DUB/2024-12-06?sort=price_a","13:35","20:30","475","176.0","False","BOD","DUB","N/A","N/A","BRS","335.0","easyJet","Aer Lingus","Standard","44.837789, -0.57918","53.3493795, -6.2605593","1032.73","2024-12-06 13:35:00","2024-12-06 20:30:00","140.0","15","Friday","afternoon","long","high","7674297313699016061"
"2024-11-21","2024-12-06","BOD","DUB","Dublin","https://www.kayak.fr/flights/BOD-DUB/2024-12-06?sort=price_a","10:50","19:00","550","188.0","False","BOD","DUB","N/A","N/A","BRS","335.0","easyJet","Aer Lingus","Standard","44.837789, -0.57918","53.3493795, -6.2605593","1032.73","2024-12-06 10:50:00","2024-12-06 19:00:00","215.0","15","Friday","morning","long","high","7593116286966604109"
"2024-11-21","2024-12-06","BOD","DUB","Dublin","https://www.kayak.fr/flights/BOD-DUB/2024-12-06?sort=price_a","06:50","15:05","555","219.0","False","BOD","DUB","N/A","N/A","BRS","335.0","easyJet","Aer Lingus","N/A","44.837789, -0.57918","53.3493795, -6.2605593","1032.73","2024-12-06 06:50:00","2024-12-06 15:05:00","220.0","15","Friday","morning","long","high","5359180418279180456"
"2024-11-21","2024-12-06","BOD","DUB","Dublin","https://www.kayak.fr/flights/BOD-DUB/2024-12-06?sort=price_a","10:50","17:45","475","231.0","False","BOD","DUB","N/A","N/A","N/A","","easyJet","Ryanair","N/A","44.837789, -0.57918","53.3493795, -6.2605593","1032.73","2024-12-06 10:50:00","2024-12-06 17:45:00","","15","Friday","morning","long","high","6587917169971434999"
"2024-11-21","2024-12-06","BOD","DUB","Dublin","https://www.kayak.fr/flights/BOD-DUB/2024-12-06?sort=price_a","06:00","12:40","460","244.0","False","BOD","DUB","N/A","N/A","BRS","335.0","easyJet","Aer Lingus","N/A","44.837789, -0.57918","53.3493795, -6.2605593","1032.73","2024-12-06 06:00:00","2024-12-06 12:40:00","125.0","15","Friday","morning","long","high","8309370009326372629"
"2024-11-21","2024-12-06","BOD","DUB","Dublin","https://www.kayak.fr/flights/BOD-DUB/2024-12-06?sort=price_a","13:55","21:25","510","255.0","False","BOD","DUB","N/A","N/A","N/A","","easyJet","Ryanair","N/A","44.837789, -0.57918","53.3493795, -6.2605593","1032.73","2024-12-06 13:55:00","2024-12-06 21:25:00","","15","Friday","afternoon","long","high","9015940351341673285"
"2024-11-21","2024-12-07","BOD","DUB","Dublin","https://www.kayak.fr/flights/BOD-DUB/2024-12-07?sort=price_a","15:30","22:05","455","80.0","False","BOD","DUB","N/A","N/A","AGP","150.0","Volotea","Aer Lingus","Économique","44.837789, -0.57918","53.3493795, -6.2605593","1032.73","2024-12-07 15:30:00","2024-12-07 22:05:00","305.0","16","Saturday","afternoon","long","cheap","2147496962029371395"
"2024-11-21","2024-12-07","BOD","DUB","Dublin","https://www.kayak.fr/flights/BOD-DUB/2024-12-07?sort=price_a","21:45","11:55+1","910","85.0","False","BOD","DUB","N/A","N/A","AGP","150.0","Volotea","Aer Lingus","Économique","44.837789, -0.57918","53.3493795, -6.2605593","1032.73","2024-12-07 21:45:00","2024-12-08 11:55:00","760.0","16","Saturday","evening","long","cheap","5363374103402495502"
"2024-11-21","2024-12-07","BOD","DUB","Dublin","https://www.kayak.fr/flights/BOD-DUB/2024-12-07?sort=price_a","21:45","11:35+1","890","94.0","False","BOD","DUB","N/A","N/A","AGP","150.0","Volotea","Aer Lingus","Économique","44.837789, -0.57918","53.3493795, -6.2605593","1032.73","2024-12-07 21:45:00","2024-12-08 11:35:00","740.0","16","Saturday","evening","long","cheap","8785195868829066018"
"2024-11-21","2024-12-07","BOD","DUB","Dublin","https://www.kayak.fr/flights/BOD-DUB/2024-12-07?sort=price_a","15:30","00:15+1","585","98.0","False","BOD","DUB","N/A","N/A","AGP","150.0","Volotea","Aer Lingus","N/A","44.837789, -0.57918","53.3493795, -6.2605593","1032.73","2024-12-07 15:30:00","2024-12-08 00:15:00","435.0","16","Saturday","afternoon","long","cheap","6419355815745976183"
"2024-11-21","2024-12-07","BOD","DUB","Dublin","https://www.kayak.fr/flights/BOD-DUB/2024-12-07?sort=price_a","21:45","10:15+1","810","99.0","False","BOD","DUB","N/A","N/A","N/A","","Vueling","Air Europa","N/A","44.837789, -0.57918","53.3493795, -6.2605593","1032.73","2024-12-07 21:45:00","2024-12-08 10:15:00","","16","Saturday","evening","long","cheap","1991077557025515139"
"2024-11-21","2024-12-07","BOD","DUB","Dublin","https://www.kayak.fr/flights/BOD-DUB/2024-12-07?sort=price_a","14:45","08:05+1","1100","100.0","False","BOD","DUB","N/A","N/A","AGP","150.0","Volotea","Aer Lingus","N/A","44.837789, -0.57918","53.3493795, -6.2605593","1032.73","2024-12-07 14:45:00","2024-12-08 08:05:00","950.0","16","Saturday","afternoon","long","cheap","3153493248170116653"
"2024-11-21","2024-12-07","BOD","DUB","Dublin","https://www.kayak.fr/flights/BOD-DUB/2024-12-07?sort=price_a","15:30","07:55+1","1045","103.0","False","BOD","DUB","N/A","N/A","N/A","","Volotea","Ryanair","N/A","44.837789, -0.57918","53.3493795, -6.2605593","1032.73","2024-12-07 15:30:00","2024-12-08 07:55:00","","16","Saturday","afternoon","long","cheap","1466322974860148172"
"2024-11-21","2024-12-07","BOD","DUB","Dublin","https://www.kayak.fr/flights/BOD-DUB/2024-12-07?sort=price_a","15:30","00:15+1","585","106.0","False","BOD","DUB","N/A","N/A","N/A","","Volotea","easyJet","N/A","44.837789, -0.57918","53.3493795, -6.2605593","1032.73","2024-12-07 15:30:00","2024-12-08 00:15:00","","16","Saturday","afternoon","long","cheap","6419355815745976183"
"2024-11-21","2024-12-07","BOD","DUB","Dublin","https://www.kayak.fr/flights/BOD-DUB/2024-12-07?sort=price_a","15:30","07:00+1","990","117.0","False","BOD","DUB","N/A","N/A","BCN","675.0","Vueling","N/A","Économique","44.837789, -0.57918","53.3493795, -6.2605593","1032.73","2024-12-07 15:30:00","2024-12-08 07:00:00","315.0","16","Saturday","afternoon","long","standard","5762723952400152497"
"2024-11-21","2024-12-07","BOD","DUB","Dublin","https://www.kayak.fr/flights/BOD-DUB/2024-12-07?sort=price_a","21:45","10:35+1","830","120.0","False","BOD","DUB","N/A","N/A","BCN","675.0","Vueling","N/A","Économique","44.837789, -0.57918","53.3493795, -6.2605593","1032.73","2024-12-07 21:45:00","2024-12-08 10:35:00","155.0","16","Saturday","evening","long","standard","5844289864435328609"
"2024-11-21","2024-12-07","BOD","DUB","Dublin","https://www.kayak.fr/flights/BOD-DUB/2024-12-07?sort=price_a","21:45","12:00+1","915","121.0","False","BOD","DUB","N/A","N/A","BCN","675.0","Vueling","N/A","Économique","44.837789, -0.57918","53.3493795, -6.2605593","1032.73","2024-12-07 21:45:00","2024-12-08 12:00:00","240.0","16","Saturday","evening","long","standard","7765888843647969411"
"2024-11-21","2024-12-07","BOD","DUB","Dublin","https://www.kayak.fr/flights/BOD-DUB/2024-12-07?sort=price_a","12:30","22:05","635","123.0","False","BOD","DUB","N/A","N/A","BCN","675.0","Vueling","N/A","N/A","44.837789, -0.57918","53.3493795, -6.2605593","1032.73","2024-12-07 12:30:00","2024-12-07 22:05:00","","16","Saturday","afternoon","long","standard","4620755076369055446"
"2024-11-21","2024-12-07","BOD","DUB","Dublin","https://www.kayak.fr/flights/BOD-DUB/2024-12-07?sort=price_a","17:55","10:15+1","1040","124.0","False","BOD","DUB","N/A","N/A","N/A","","Iberia","Iberia Express","N/A","44.837789, -0.57918","53.3493795, -6.2605593","1032.73","2024-12-07 17:55:00","2024-12-08 10:15:00","","16","Saturday","evening","long","standard","6048828715088437974"
"2024-11-21","2024-12-07","BOD","DUB","Dublin","https://www.kayak.fr/flights/BOD-DUB/2024-12-07?sort=price_a","21:45","14:45+1","1080","124.0","False","BOD","DUB","N/A","N/A","BCN","675.0","Vueling","N/A","N/A","44.837789, -0.57918","53.3493795, -6.2605593","1032.73","2024-12-07 21:45:00","2024-12-08 14:45:00","405.0","16","Saturday","evening","long","standard","8913320493948212500"
"2024-11-21","2024-12-07","BOD","DUB","Dublin","https://www.kayak.fr/flights/BOD-DUB/2024-12-07?sort=price_a","17:55","10:15+1","1040","127.0","False","BOD","DUB","N/A","N/A","N/A","","Iberia","N/A","N/A","44.837789, -0.57918","53.3493795, -6.2605593","1032.73","2024-12-07 17:55:00","2024-12-08 10:15:00","","16","Saturday","evening","long","standard","6048828715088437974"
"2024-11-21","2024-12-08","BOD","DUB","Dublin","https://www.kayak.fr/flights/BOD-DUB/2024-12-08?sort=price_a","15:25","16:25","120","69.0","True","BOD","DUB","N/A","N/A","N/A","","Aer Lingus","N/A","Saver","44.837789, -0.57918","53.3493795, -6.2605593","1032.73","2024-12-08 15:25:00","2024-12-08 16:25:00","","17","Sunday","afternoon","court","cheap","3391745811207998973"
"2024-11-21","2024-12-08","BOD","DUB","Dublin","https://www.kayak.fr/flights/BOD-DUB/2024-12-08?sort=price_a","17:50","23:20","390","180.0","False","BOD","DUB","N/A","N/A","N/A","","Aer Lingus","N/A","Saver","44.837789, -0.57918","53.3493795, -6.2605593","1032.73","2024-12-08 17:50:00","2024-12-08 23:20:00","","17","Sunday","evening","long","high","2277328704403475790"
"2024-11-21","2024-12-08","BOD","DUB","Dublin","https://www.kayak.fr/flights/BOD-DUB/2024-12-08?sort=price_a","11:10","15:30","320","199.0","False","BOD","DUB","N/A","N/A","N/A","","Aer Lingus","N/A","Saver","44.837789, -0.57918","53.3493795, -6.2605593","1032.73","2024-12-08 11:10:00","2024-12-08 15:30:00","","17","Sunday","morning","moyen","high","6275686931121715178"
"2024-11-21","2024-12-08","BOD","DUB","Dublin","https://www.kayak.fr/flights/BOD-DUB/2024-12-08?sort=price_a","07:10","15:25","555","202.0","False","BOD","DUB","N/A","N/A","N/A","","Aer Lingus","N/A","N/A","44.837789, -0.57918","53.3493795, -6.2605593","1032.73","2024-12-08 07:10:00","2024-12-08 15:25:00","","17","Sunday","morning","long","high","1745808535278322847"
"2024-11-21","2024-12-08","BOD","DUB","Dublin","https://www.kayak.fr/flights/BOD-DUB/2024-12-08?sort=price_a","17:50","23:30","400","216.0","False","BOD","DUB","N/A","N/A","N/A","","easyJet","Ryanair","N/A","44.837789, -0.57918","53.3493795, -6.2605593","1032.73","2024-12-08 17:50:00","2024-12-08 23:30:00","","17","Sunday","evening","long","high","2198575261768256891"
"2024-11-21","2024-12-08","BOD","DUB","Dublin","https://www.kayak.fr/flights/BOD-DUB/2024-12-08?sort=price_a","14:20","21:00","460","224.0","False","BOD","DUB","N/A","N/A","N/A","","Aer Lingus","N/A","N/A","44.837789, -0.57918","53.3493795, -6.2605593","1032.73","2024-12-08 14:20:00","2024-12-08 21:00:00","","17","Sunday","afternoon","long","high","2031293386332147789"
"2024-11-21","2024-12-08","BOD","DUB","Dublin","https://www.kayak.fr/flights/BOD-DUB/2024-12-08?sort=price_a","18:35","22:50","315","246.0","False","BOD","DUB","N/A","N/A","N/A","","Air France","N/A","N/A","44.837789, -0.57918","53.3493795, -6.2605593","1032.73","2024-12-08 18:35:00","2024-12-08 22:50:00","","17","Sunday","evening","moyen","high","3549831474779984204"
"2024-11-21","2024-12-08","BOD","DUB","Dublin","https://www.kayak.fr/flights/BOD-DUB/2024-12-08?sort=price_a","07:15","14:50","515","263.0","False","BOD","DUB","N/A","N/A","N/A","","Volotea","Ryanair","N/A","44.837789, -0.57918","53.3493795, -6.2605593","1032.73","2024-12-08 07:15:00","2024-12-08 14:50:00","","17","Sunday","morning","long","high","7415055585839602778"
"2024-11-21","2024-12-08","BOD","DUB","Dublin","https://www.kayak.fr/flights/BOD-DUB/2024-12-08?sort=price_a","06:00","12:40","460","274.0","False","BOD","DUB","N/A","N/A","LIS","95.0","easyJet","TAP AIR PORTUGAL","Standard","44.837789, -0.57918","53.3493795, -6.2605593","1032.73","2024-12-08 06:00:00","2024-12-08 12:40:00","365.0","17","Sunday","morning","long","high","2042436154506025880"
"2024-11-21","2024-12-08","BOD","DUB","Dublin","https://www.kayak.fr/flights/BOD-DUB/2024-12-08?sort=price_a","09:05","15:00","415","295.0","False","BOD","DUB","N/A","N/A","LIS","95.0","easyJet","TAP AIR PORTUGAL","Standard","44.837789, -0.57918","53.3493795, -6.2605593","1032.73","2024-12-08 09:05:00","2024-12-08 15:00:00","320.0","17","Sunday","morning","long","high","6820046856326560490"
"2024-11-21","2024-12-08","BOD","DUB","Dublin","https://www.kayak.fr/flights/BOD-DUB/2024-12-08?sort=price_a","14:55","21:30","455","319.0","False","BOD","DUB","N/A","N/A","LIS","95.0","easyJet","TAP AIR PORTUGAL","Standard","44.837789, -0.57918","53.3493795, -6.2605593","1032.73","2024-12-08 14:55:00","2024-12-08 21:30:00","360.0","17","Sunday","afternoon","long","high","3354229132421141807"
"2024-11-21","2024-12-08","BOD","DUB","Dublin","https://www.kayak.fr/flights/BOD-DUB/2024-12-08?sort=price_a","12:58","22:50","652","327.0","False","BOD","DUB","N/A","N/A","LIS","95.0","easyJet","TAP AIR PORTUGAL","N/A","44.837789, -0.57918","53.3493795, -6.2605593","1032.73","2024-12-08 12:58:00","2024-12-08 22:50:00","557.0","17","Sunday","afternoon","long","high","8574577152037105866"
"2024-11-21","2024-12-08","BOD","DUB","Dublin","https://www.kayak.fr/flights/BOD-DUB/2024-12-08?sort=price_a","12:30","16:40","310","328.0","False","BOD","DUB","N/A","N/A","N/A","","KLM","N/A","N/A","44.837789, -0.57918","53.3493795, -6.2605593","1032.73","2024-12-08 12:30:00","2024-12-08 16:40:00","","17","Sunday","afternoon","moyen","high","7695072032366518397"
"2024-11-21","2024-12-08","BOD","DUB","Dublin","https://www.kayak.fr/flights/BOD-DUB/2024-12-08?sort=price_a","14:55","21:55","480","332.0","False","BOD","DUB","N/A","N/A","LIS","95.0","easyJet","TAP AIR PORTUGAL","N/A","44.837789, -0.57918","53.3493795, -6.2605593","1032.73","2024-12-08 14:55:00","2024-12-08 21:55:00","385.0","17","Sunday","afternoon","long","high","1244447534441019782"
"2024-11-21","2024-12-08","BOD","DUB","Dublin","https://www.kayak.fr/flights/BOD-DUB/2024-12-08?sort=price_a","14:55","22:50","535","354.0","False","BOD","DUB","N/A","N/A","N/A","","Air France","N/A","N/A","44.837789, -0.57918","53.3493795, -6.2605593","1032.73","2024-12-08 14:55:00","2024-12-08 22:50:00","","17","Sunday","afternoon","long","high","6338876740549667972"
"2024-11-21","2024-12-09","BOD","DUB","Dublin","https://www.kayak.fr/flights/BOD-DUB/2024-12-09?sort=price_a","15:25","16:25","120","46.0","True","BOD","DUB","N/A","N/A","N/A","","Aer Lingus","N/A","Saver","44.837789, -0.57918","53.3493795, -6.2605593","1032.73","2024-12-09 15:25:00","2024-12-09 16:25:00","","18","Monday","afternoon","court","cheap","803481451655750778"
"2024-11-21","2024-12-09","BOD","DUB","Dublin","https://www.kayak.fr/flights/BOD-DUB/2024-12-09?sort=price_a","15:15","23:20","545","137.0","False","BOD","DUB","N/A","N/A","N/A","","Aer Lingus","N/A","Saver","44.837789, -0.57918","53.3493795, -6.2605593","1032.73","2024-12-09 15:15:00","2024-12-09 23:20:00","","18","Monday","afternoon","long","standard","4005258558999511386"
"2024-11-21","2024-12-09","BOD","DUB","Dublin","https://www.kayak.fr/flights/BOD-DUB/2024-12-09?sort=price_a","07:45","13:30","405","145.0","False","BOD","DUB","N/A","N/A","N/A","","Aer Lingus","N/A","Saver","44.837789, -0.57918","53.3493795, -6.2605593","1032.73","2024-12-09 07:45:00","2024-12-09 13:30:00","","18","Monday","morning","long","standard","8361554676084488587"
"2024-11-21","2024-12-09","BOD","DUB","Dublin","https://www.kayak.fr/flights/BOD-DUB/2024-12-09?sort=price_a","15:55","22:50","475","151.0","False","BOD","DUB","N/A","N/A","N/A","","Aer Lingus","N/A","N/A","44.837789, -0.57918","53.3493795, -6.2605593","1032.73","2024-12-09 15:55:00","2024-12-09 22:50:00","","18","Monday","afternoon","long","standard","3879006029675915308"
"2024-11-21","2024-12-09","BOD","DUB","Dublin","https://www.kayak.fr/flights/BOD-DUB/2024-12-09?sort=price_a","10:55","16:10","375","152.0","False","BOD","DUB","N/A","N/A","N/A","","easyJet","Aer Lingus","N/A","44.837789, -0.57918","53.3493795, -6.2605593","1032.73","2024-12-09 10:55:00","2024-12-09 16:10:00","","18","Monday","morning","long","standard","6345519509237007255"
"2024-11-21","2024-12-09","BOD","DUB","Dublin","https://www.kayak.fr/flights/BOD-DUB/2024-12-09?sort=price_a","08:40","16:10","510","157.0","False","BOD","DUB","N/A","N/A","N/A","","Aer Lingus","N/A","N/A","44.837789, -0.57918","53.3493795, -6.2605593","1032.73","2024-12-09 08:40:00","2024-12-09 16:10:00","","18","Monday","morning","long","high","1760169520681820816"
"2024-11-21","2024-12-09","BOD","DUB","Dublin","https://www.kayak.fr/flights/BOD-DUB/2024-12-09?sort=price_a","18:35","22:50","315","160.0","False","BOD","DUB","N/A","N/A","N/A","","Air France","N/A","N/A","44.837789, -0.57918","53.3493795, -6.2605593","1032.73","2024-12-09 18:35:00","2024-12-09 22:50:00","","18","Monday","evening","moyen","high","4455448851862641203"
"2024-11-21","2024-12-09","BOD","DUB","Dublin","https://www.kayak.fr/flights/BOD-DUB/2024-12-09?sort=price_a","10:40","15:40","360","166.0","False","BOD","DUB","N/A","N/A","N/A","","easyJet","Ryanair","N/A","44.837789, -0.57918","53.3493795, -6.2605593","1032.73","2024-12-09 10:40:00","2024-12-09 15:40:00","","18","Monday","morning","moyen","high","7637072264278036617"
"2024-11-21","2024-12-09","BOD","DUB","Dublin","https://www.kayak.fr/flights/BOD-DUB/2024-12-09?sort=price_a","14:50","22:50","540","167.0","False","BOD","DUB","N/A","N/A","FCO","230.0","easyJet","Ryanair","Standard","44.837789, -0.57918","53.3493795, -6.2605593","1032.73","2024-12-09 14:50:00","2024-12-09 22:50:00","310.0","18","Monday","afternoon","long","high","8199968049653320651"
"2024-11-21","2024-12-09","BOD","DUB","Dublin","https://www.kayak.fr/flights/BOD-DUB/2024-12-09?sort=price_a","18:10","00:20+1","430","186.0","False","BOD","DUB","N/A","N/A","FCO","230.0","easyJet","Ryanair","Standard","44.837789, -0.57918","53.3493795, -6.2605593","1032.73","2024-12-09 18:10:00","2024-12-10 00:20:00","200.0","18","Monday","evening","long","high","6665228768463631310"
"2024-11-21","2024-12-09","BOD","DUB","Dublin","https://www.kayak.fr/flights/BOD-DUB/2024-12-09?sort=price_a","07:45","13:30","405","193.0","False","BOD","DUB","N/A","N/A","FCO","230.0","easyJet","Ryanair","Standard","44.837789, -0.57918","53.3493795, -6.2605593","1032.73","2024-12-09 07:45:00","2024-12-09 13:30:00","175.0","18","Monday","morning","long","high","9012788856235669267"
"2024-11-21","2024-12-09","BOD","DUB","Dublin","https://www.kayak.fr/flights/BOD-DUB/2024-12-09?sort=price_a","15:55","22:50","475","194.0","False","BOD","DUB","N/A","N/A","FCO","230.0","easyJet","Ryanair","N/A","44.837789, -0.57918","53.3493795, -6.2605593","1032.73","2024-12-09 15:55:00","2024-12-09 22:50:00","245.0","18","Monday","afternoon","long","high","1731126872156333482"
"2024-11-21","2024-12-09","BOD","DUB","Dublin","https://www.kayak.fr/flights/BOD-DUB/2024-12-09?sort=price_a","06:50","15:05","555","195.0","False","BOD","DUB","N/A","N/A","N/A","","easyJet","Ryanair","N/A","44.837789, -0.57918","53.3493795, -6.2605593","1032.73","2024-12-09 06:50:00","2024-12-09 15:05:00","","18","Monday","morning","long","high","7342489316538644375"
"2024-11-21","2024-12-09","BOD","DUB","Dublin","https://www.kayak.fr/flights/BOD-DUB/2024-12-09?sort=price_a","18:10","22:50","340","198.0","False","BOD","DUB","N/A","N/A","FCO","230.0","easyJet","Ryanair","N/A","44.837789, -0.57918","53.3493795, -6.2605593","1032.73","2024-12-09 18:10:00","2024-12-09 22:50:00","110.0","18","Monday","evening","moyen","high","5363420827494728971"
"2024-11-21","2024-12-09","BOD","DUB","Dublin","https://www.kayak.fr/flights/BOD-DUB/2024-12-09?sort=price_a","18:10","21:45","275","203.0","False","BOD","DUB","N/A","N/A","N/A","","easyJet","Ryanair","N/A","44.837789, -0.57918","53.3493795, -6.2605593","1032.73","2024-12-09 18:10:00","2024-12-09 21:45:00","","18","Monday","evening","moyen","high","2479680830244917216"
"2024-11-21","2024-12-10","BOD","DUB","Dublin","https://www.kayak.fr/flights/BOD-DUB/2024-12-10?sort=price_a","09:35","10:30+1","1555","76.0","False","BOD","DUB","N/A","N/A","BCN","1310.0","Vueling","N/A","Économique","44.837789, -0.57918","53.3493795, -6.2605593","1032.73","2024-12-10 09:35:00","2024-12-11 10:30:00","245.0","19","Tuesday","morning","long","cheap","3118260141597571942"
"2024-11-21","2024-12-10","BOD","DUB","Dublin","https://www.kayak.fr/flights/BOD-DUB/2024-12-10?sort=price_a","19:35","07:50+1","795","89.0","False","BOD","DUB","N/A","N/A","BCN","1310.0","Vueling","N/A","Économique","44.837789, -0.57918","53.3493795, -6.2605593","1032.73","2024-12-10 19:35:00","2024-12-11 07:50:00","","19","Tuesday","evening","long","cheap","6049899177284453863"
"2024-11-21","2024-12-10","BOD","DUB","Dublin","https://www.kayak.fr/flights/BOD-DUB/2024-12-10?sort=price_a","19:35","08:05+1","810","89.0","False","BOD","DUB","N/A","N/A","BCN","1310.0","Vueling","N/A","Économique","44.837789, -0.57918","53.3493795, -6.2605593","1032.73","2024-12-10 19:35:00","2024-12-11 08:05:00","","19","Tuesday","evening","long","cheap","2909923217203532887"
"2024-11-21","2024-12-10","BOD","DUB","Dublin","https://www.kayak.fr/flights/BOD-DUB/2024-12-10?sort=price_a","19:35","11:30+1","1015","89.0","False","BOD","DUB","N/A","N/A","BCN","1310.0","Vueling","N/A","N/A","44.837789, -0.57918","53.3493795, -6.2605593","1032.73","2024-12-10 19:35:00","2024-12-11 11:30:00","","19","Tuesday","evening","long","cheap","2255669589190082304"
"2024-11-21","2024-12-10","BOD","DUB","Dublin","https://www.kayak.fr/flights/BOD-DUB/2024-12-10?sort=price_a","19:35","09:35+1","900","92.0","False","BOD","DUB","N/A","N/A","N/A","","easyJet","Ryanair","N/A","44.837789, -0.57918","53.3493795, -6.2605593","1032.73","2024-12-10 19:35:00","2024-12-11 09:35:00","","19","Tuesday","evening","long","cheap","1417264930619672629"
"2024-11-21","2024-12-10","BOD","DUB","Dublin","https://www.kayak.fr/flights/BOD-DUB/2024-12-10?sort=price_a","19:35","10:10+1","935","95.0","False","BOD","DUB","N/A","N/A","BCN","1310.0","Vueling","N/A","N/A","44.837789, -0.57918","53.3493795, -6.2605593","1032.73","2024-12-10 19:35:00","2024-12-11 10:10:00","","19","Tuesday","evening","long","cheap","4879768601330432200"
"2024-11-21","2024-12-10","BOD","DUB","Dublin","https://www.kayak.fr/flights/BOD-DUB/2024-12-10?sort=price_a","09:35","22:25","830","98.0","False","BOD","DUB","N/A","N/A","N/A","","Vueling","Ryanair","N/A","44.837789, -0.57918","53.3493795, -6.2605593","1032.73","2024-12-10 09:35:00","2024-12-10 22:25:00","","19","Tuesday","morning","long","cheap","4693255765574432532"
"2024-11-21","2024-12-10","BOD","DUB","Dublin","https://www.kayak.fr/flights/BOD-DUB/2024-12-10?sort=price_a","09:35","22:25","830","98.0","False","BOD","DUB","N/A","N/A","N/A","","Vueling","Ryanair","N/A","44.837789, -0.57918","53.3493795, -6.2605593","1032.73","2024-12-10 09:35:00","2024-12-10 22:25:00","","19","Tuesday","morning","long","cheap","4693255765574432532"
"2024-11-21","2024-12-10","BOD","DUB","Dublin","https://www.kayak.fr/flights/BOD-DUB/2024-12-10?sort=price_a","19:55","11:30+1","995","99.0","False","BOD","DUB","N/A","N/A","N/A","","easyJet","Ryanair","Standard","44.837789, -0.57918","53.3493795, -6.2605593","1032.73","2024-12-10 19:55:00","2024-12-11 11:30:00","","19","Tuesday","evening","long","cheap","7655829290627041557"
"2024-11-21","2024-12-10","BOD","DUB","Dublin","https://www.kayak.fr/flights/BOD-DUB/2024-12-10?sort=price_a","09:35","22:25","830","100.0","False","BOD","DUB","N/A","N/A","N/A","","easyJet","Ryanair","Standard","44.837789, -0.57918","53.3493795, -6.2605593","1032.73","2024-12-10 09:35:00","2024-12-10 22:25:00","","19","Tuesday","morning","long","cheap","8055464733223618311"
"2024-11-21","2024-12-10","BOD","DUB","Dublin","https://www.kayak.fr/flights/BOD-DUB/2024-12-10?sort=price_a","17:55","10:15+1","1040","101.0","False","BOD","DUB","N/A","N/A","N/A","","easyJet","Ryanair","Standard","44.837789, -0.57918","53.3493795, -6.2605593","1032.73","2024-12-10 17:55:00","2024-12-11 10:15:00","","19","Tuesday","evening","long","cheap","1864004035769449644"
"2024-11-21","2024-12-10","BOD","DUB","Dublin","https://www.kayak.fr/flights/BOD-DUB/2024-12-10?sort=price_a","15:05","23:45","580","103.0","False","BOD","DUB","N/A","N/A","N/A","","easyJet","Ryanair","N/A","44.837789, -0.57918","53.3493795, -6.2605593","1032.73","2024-12-10 15:05:00","2024-12-10 23:45:00","","19","Tuesday","afternoon","long","cheap","7972466153593870162"
"2024-11-21","2024-12-10","BOD","DUB","Dublin","https://www.kayak.fr/flights/BOD-DUB/2024-12-10?sort=price_a","14:10","23:00","590","105.0","False","BOD","DUB","N/A","N/A","N/A","","easyJet","Ryanair","N/A","44.837789, -0.57918","53.3493795, -6.2605593","1032.73","2024-12-10 14:10:00","2024-12-10 23:00:00","","19","Tuesday","afternoon","long","cheap","2876143121580811166"
"2024-11-21","2024-12-10","BOD","DUB","Dublin","https://www.kayak.fr/flights/BOD-DUB/2024-12-10?sort=price_a","06:30","16:45","675","106.0","False","BOD","DUB","N/A","N/A","N/A","","easyJet","Ryanair","N/A","44.837789, -0.57918","53.3493795, -6.2605593","1032.73","2024-12-10 06:30:00","2024-12-10 16:45:00","","19","Tuesday","morning","long","cheap","8480130333508076187"
"2024-11-21","2024-12-10","BOD","DUB","Dublin","https://www.kayak.fr/flights/BOD-DUB/2024-12-10?sort=price_a","15:30","07:50+1","1040","107.0","False","BOD","DUB","N/A","N/A","N/A","","Volotea","Ryanair UK","N/A","44.837789, -0.57918","53.3493795, -6.2605593","1032.73","2024-12-10 15:30:00","2024-12-11 07:50:00","","19","Tuesday","afternoon","long","cheap","77452701801919333"
"2024-11-21","2024-12-11","BOD","DUB","Dublin","https://www.kayak.fr/flights/BOD-DUB/2024-12-11?sort=price_a","15:25","16:25","120","46.0","True","BOD","DUB","N/A","N/A","N/A","","Aer Lingus","N/A","Saver","44.837789, -0.57918","53.3493795, -6.2605593","1032.73","2024-12-11 15:25:00","2024-12-11 16:25:00","","20","Wednesday","afternoon","court","cheap","1380805593843804612"
"2024-11-21","2024-12-11","BOD","DUB","Dublin","https://www.kayak.fr/flights/BOD-DUB/2024-12-11?sort=price_a","06:50","11:30","340","94.0","False","BOD","DUB","N/A","N/A","N/A","","Aer Lingus","N/A","Saver","44.837789, -0.57918","53.3493795, -6.2605593","1032.73","2024-12-11 06:50:00","2024-12-11 11:30:00","","20","Wednesday","morning","moyen","cheap","2969928420246666969"
"2024-11-21","2024-12-11","BOD","DUB","Dublin","https://www.kayak.fr/flights/BOD-DUB/2024-12-11?sort=price_a","06:50","12:35","405","101.0","False","BOD","DUB","N/A","N/A","N/A","","Aer Lingus","N/A","Saver","44.837789, -0.57918","53.3493795, -6.2605593","1032.73","2024-12-11 06:50:00","2024-12-11 12:35:00","","20","Wednesday","morning","long","cheap","5206106533956862630"
"2024-11-21","2024-12-11","BOD","DUB","Dublin","https://www.kayak.fr/flights/BOD-DUB/2024-12-11?sort=price_a","09:00","16:10","490","103.0","False","BOD","DUB","N/A","N/A","N/A","","Aer Lingus","N/A","N/A","44.837789, -0.57918","53.3493795, -6.2605593","1032.73","2024-12-11 09:00:00","2024-12-11 16:10:00","","20","Wednesday","morning","long","cheap","7221816149494589603"
"2024-11-21","2024-12-11","BOD","DUB","Dublin","https://www.kayak.fr/flights/BOD-DUB/2024-12-11?sort=price_a","19:25","23:00","275","109.0","False","BOD","DUB","N/A","N/A","N/A","","easyJet","Ryanair","N/A","44.837789, -0.57918","53.3493795, -6.2605593","1032.73","2024-12-11 19:25:00","2024-12-11 23:00:00","","20","Wednesday","evening","moyen","cheap","8708396966024543844"
"2024-11-21","2024-12-11","BOD","DUB","Dublin","https://www.kayak.fr/flights/BOD-DUB/2024-12-11?sort=price_a","18:00","22:05","305","111.0","False","BOD","DUB","N/A","N/A","N/A","","Aer Lingus","N/A","N/A","44.837789, -0.57918","53.3493795, -6.2605593","1032.73","2024-12-11 18:00:00","2024-12-11 22:05:00","","20","Wednesday","evening","moyen","cheap","8239855986044256706"
"2024-11-21","2024-12-11","BOD","DUB","Dublin","https://www.kayak.fr/flights/BOD-DUB/2024-12-11?sort=price_a","12:30","16:40","310","111.0","False","BOD","DUB","N/A","N/A","N/A","","KLM","N/A","N/A","44.837789, -0.57918","53.3493795, -6.2605593","1032.73","2024-12-11 12:30:00","2024-12-11 16:40:00","","20","Wednesday","afternoon","moyen","cheap","2246794027265941285"
"2024-11-21","2024-12-11","BOD","DUB","Dublin","https://www.kayak.fr/flights/BOD-DUB/2024-12-11?sort=price_a","06:00","12:40","460","111.0","False","BOD","DUB","N/A","N/A","N/A","","KLM","N/A","N/A","44.837789, -0.57918","53.3493795, -6.2605593","1032.73","2024-12-11 06:00:00","2024-12-11 12:40:00","","20","Wednesday","morning","long","cheap","6090126022921327372"
"2024-11-21","2024-12-11","BOD","DUB","Dublin","https://www.kayak.fr/flights/BOD-DUB/2024-12-11?sort=price_a","14:50","20:10","380","112.0","False","BOD","DUB","N/A","N/A","LGW","160.0","easyJet","Ryanair","Standard","44.837789, -0.57918","53.3493795, -6.2605593","1032.73","2024-12-11 14:50:00","2024-12-11 20:10:00","220.0","20","Wednesday","afternoon","long","standard","1697117150984888079"
"2024-11-21","2024-12-11","BOD","DUB","Dublin","https://www.kayak.fr/flights/BOD-DUB/2024-12-11?sort=price_a","09:05","14:10","365","120.0","False","BOD","DUB","N/A","N/A","LGW","160.0","easyJet","Ryanair","Standard","44.837789, -0.57918","53.3493795, -6.2605593","1032.73","2024-12-11 09:05:00","2024-12-11 14:10:00","205.0","20","Wednesday","morning","long","standard","3720180022202670454"
"2024-11-21","2024-12-11","BOD","DUB","Dublin","https://www.kayak.fr/flights/BOD-DUB/2024-12-11?sort=price_a","14:50","20:45","415","120.0","False","BOD","DUB","N/A","N/A","LGW","160.0","easyJet","Ryanair","Standard","44.837789, -0.57918","53.3493795, -6.2605593","1032.73","2024-12-11 14:50:00","2024-12-11 20:45:00","255.0","20","Wednesday","afternoon","long","standard","5373524135653850298"
"2024-11-21","2024-12-11","BOD","DUB","Dublin","https://www.kayak.fr/flights/BOD-DUB/2024-12-11?sort=price_a","14:50","23:00","550","136.0","False","BOD","DUB","N/A","N/A","LGW","160.0","easyJet","Ryanair","N/A","44.837789, -0.57918","53.3493795, -6.2605593","1032.73","2024-12-11 14:50:00","2024-12-11 23:00:00","390.0","20","Wednesday","afternoon","long","standard","8631364834435908062"
"2024-11-21","2024-12-11","BOD","DUB","Dublin","https://www.kayak.fr/flights/BOD-DUB/2024-12-11?sort=price_a","18:25","22:40","315","149.0","False","BOD","DUB","N/A","N/A","N/A","","Lufthansa","N/A","N/A","44.837789, -0.57918","53.3493795, -6.2605593","1032.73","2024-12-11 18:25:00","2024-12-11 22:40:00","","20","Wednesday","evening","moyen","standard","4724501502892500382"
"2024-11-21","2024-12-11","BOD","DUB","Dublin","https://www.kayak.fr/flights/BOD-DUB/2024-12-11?sort=price_a","14:50","22:40","530","159.0","False","BOD","DUB","N/A","N/A","LGW","160.0","easyJet","Ryanair","N/A","44.837789, -0.57918","53.3493795, -6.2605593","1032.73","2024-12-11 14:50:00","2024-12-11 22:40:00","370.0","20","Wednesday","afternoon","long","high","2421612710111266432"
"2024-11-21","2024-12-11","BOD","DUB","Dublin","https://www.kayak.fr/flights/BOD-DUB/2024-12-11?sort=price_a","13:55","21:55","540","161.0","False","BOD","DUB","N/A","N/A","N/A","","easyJet","Ryanair","N/A","44.837789, -0.57918","53.3493795, -6.2605593","1032.73","2024-12-11 13:55:00","2024-12-11 21:55:00","","20","Wednesday","afternoon","long","high","4974381522626694540"
"2024-11-21","2024-12-12","BOD","DUB","Dublin","https://www.kayak.fr/flights/BOD-DUB/2024-12-12?sort=price_a","21:50","13:25+1","995","85.0","False","BOD","DUB","N/A","N/A","N/A","","easyJet","Aer Lingus","Standard","44.837789, -0.57918","53.3493795, -6.2605593","1032.73","2024-12-12 21:50:00","2024-12-13 13:25:00","","21","Thursday","evening","long","cheap","7592660381438417241"
"2024-11-21","2024-12-12","BOD","DUB","Dublin","https://www.kayak.fr/flights/BOD-DUB/2024-12-12?sort=price_a","15:25","16:25","120","99.0","True","BOD","DUB","N/A","N/A","N/A","","easyJet","Aer Lingus","Standard","44.837789, -0.57918","53.3493795, -6.2605593","1032.73","2024-12-12 15:25:00","2024-12-12 16:25:00","","21","Thursday","afternoon","court","cheap","3776274024927852903"
"2024-11-21","2024-12-12","BOD","DUB","Dublin","https://www.kayak.fr/flights/BOD-DUB/2024-12-12?sort=price_a","18:00","22:05","305","111.0","False","BOD","DUB","N/A","N/A","N/A","","easyJet","Aer Lingus","Standard","44.837789, -0.57918","53.3493795, -6.2605593","1032.73","2024-12-12 18:00:00","2024-12-12 22:05:00","","21","Thursday","evening","moyen","cheap","702210782997310551"
"2024-11-21","2024-12-12","BOD","DUB","Dublin","https://www.kayak.fr/flights/BOD-DUB/2024-12-12?sort=price_a","12:30","16:40","310","111.0","False","BOD","DUB","N/A","N/A","N/A","","easyJet","Aer Lingus","N/A","44.837789, -0.57918","53.3493795, -6.2605593","1032.73","2024-12-12 12:30:00","2024-12-12 16:40:00","","21","Thursday","afternoon","moyen","cheap","8306104752599138595"
"2024-11-21","2024-12-12","BOD","DUB","Dublin","https://www.kayak.fr/flights/BOD-DUB/2024-12-12?sort=price_a","06:00","12:40","460","111.0","False","BOD","DUB","N/A","N/A","N/A","","KLM","N/A","N/A","44.837789, -0.57918","53.3493795, -6.2605593","1032.73","2024-12-12 06:00:00","2024-12-12 12:40:00","","21","Thursday","morning","long","cheap","250209596421751089"
"2024-11-21","2024-12-12","BOD","DUB","Dublin","https://www.kayak.fr/flights/BOD-DUB/2024-12-12?sort=price_a","09:05","14:30","385","113.0","False","BOD","DUB","N/A","N/A","N/A","","easyJet","Aer Lingus","N/A","44.837789, -0.57918","53.3493795, -6.2605593","1032.73","2024-12-12 09:05:00","2024-12-12 14:30:00","","21","Thursday","morning","long","standard","2460495361476624180"
"2024-11-21","2024-12-12","BOD","DUB","Dublin","https://www.kayak.fr/flights/BOD-DUB/2024-12-12?sort=price_a","13:35","20:15","460","119.0","False","BOD","DUB","N/A","N/A","N/A","","Vueling","Ryanair","N/A","44.837789, -0.57918","53.3493795, -6.2605593","1032.73","2024-12-12 13:35:00","2024-12-12 20:15:00","","21","Thursday","afternoon","long","standard","1297070447358111795"
"2024-11-21","2024-12-12","BOD","DUB","Dublin","https://www.kayak.fr/flights/BOD-DUB/2024-12-12?sort=price_a","14:25","22:10","525","129.0","False","BOD","DUB","N/A","N/A","N/A","","easyJet","Ryanair","N/A","44.837789, -0.57918","53.3493795, -6.2605593","1032.73","2024-12-12 14:25:00","2024-12-12 22:10:00","","21","Thursday","afternoon","long","standard","2541516624871811058"
"2024-11-21","2024-12-12","BOD","DUB","Dublin","https://www.kayak.fr/flights/BOD-DUB/2024-12-12?sort=price_a","15:55","22:35","460","137.0","False","BOD","DUB","N/A","N/A","N/A","","Aer Lingus","N/A","Saver","44.837789, -0.57918","53.3493795, -6.2605593","1032.73","2024-12-12 15:55:00","2024-12-12 22:35:00","","21","Thursday","afternoon","long","standard","5878049217036663186"
"2024-11-21","2024-12-12","BOD","DUB","Dublin","https://www.kayak.fr/flights/BOD-DUB/2024-12-12?sort=price_a","18:35","22:35","300","141.0","False","BOD","DUB","N/A","N/A","N/A","","Aer Lingus","N/A","Saver","44.837789, -0.57918","53.3493795, -6.2605593","1032.73","2024-12-12 18:35:00","2024-12-12 22:35:00","","21","Thursday","evening","moyen","standard","4803730638181425806"
"2024-11-21","2024-12-12","BOD","DUB","Dublin","https://www.kayak.fr/flights/BOD-DUB/2024-12-12?sort=price_a","06:50","14:50","540","142.0","False","BOD","DUB","N/A","N/A","N/A","","Aer Lingus","N/A","Saver","44.837789, -0.57918","53.3493795, -6.2605593","1032.73","2024-12-12 06:50:00","2024-12-12 14:50:00","","21","Thursday","morning","long","standard","6679788293687175116"
"2024-11-21","2024-12-12","BOD","DUB","Dublin","https://www.kayak.fr/flights/BOD-DUB/2024-12-12?sort=price_a","09:05","16:15","490","149.0","False","BOD","DUB","N/A","N/A","N/A","","Aer Lingus","N/A","N/A","44.837789, -0.57918","53.3493795, -6.2605593","1032.73","2024-12-12 09:05:00","2024-12-12 16:15:00","","21","Thursday","morning","long","standard","5489293232720843025"
"2024-11-21","2024-12-12","BOD","DUB","Dublin","https://www.kayak.fr/flights/BOD-DUB/2024-12-12?sort=price_a","15:30","22:40","490","150.0","False","BOD","DUB","N/A","N/A","N/A","","easyJet","Ryanair","N/A","44.837789, -0.57918","53.3493795, -6.2605593","1032.73","2024-12-12 15:30:00","2024-12-12 22:40:00","","21","Thursday","afternoon","long","standard","5363111297083460896"
"2024-11-21","2024-12-12","BOD","DUB","Dublin","https://www.kayak.fr/flights/BOD-DUB/2024-12-12?sort=price_a","15:30","20:40","370","153.0","False","BOD","DUB","N/A","N/A","N/A","","Aer Lingus","N/A","N/A","44.837789, -0.57918","53.3493795, -6.2605593","1032.73","2024-12-12 15:30:00","2024-12-12 20:40:00","","21","Thursday","afternoon","long","standard","5715857285944355216"
"2024-11-21","2024-12-12","BOD","DUB","Dublin","https://www.kayak.fr/flights/BOD-DUB/2024-12-12?sort=price_a","18:30","22:50","320","154.0","False","BOD","DUB","N/A","N/A","N/A","","Lufthansa","N/A","N/A","44.837789, -0.57918","53.3493795, -6.2605593","1032.73","2024-12-12 18:30:00","2024-12-12 22:50:00","","21","Thursday","evening","moyen","standard","5299711407214241802"
"2024-11-21","2024-12-13","BOD","DUB","Dublin","https://www.kayak.fr/flights/BOD-DUB/2024-12-13?sort=price_a","15:25","16:25","120","69.0","True","BOD","DUB","N/A","N/A","N/A","","Aer Lingus","N/A","Saver","44.837789, -0.57918","53.3493795, -6.2605593","1032.73","2024-12-13 15:25:00","2024-12-13 16:25:00","","22","Friday","afternoon","court","cheap","3300837232751739517"
"2024-11-21","2024-12-13","BOD","DUB","Dublin","https://www.kayak.fr/flights/BOD-DUB/2024-12-13?sort=price_a","08:30","13:30","360","102.0","False","BOD","DUB","N/A","N/A","N/A","","Aer Lingus","N/A","Saver","44.837789, -0.57918","53.3493795, -6.2605593","1032.73","2024-12-13 08:30:00","2024-12-13 13:30:00","","22","Friday","morning","moyen","cheap","4859419500818456424"
"2024-11-21","2024-12-13","BOD","DUB","Dublin","https://www.kayak.fr/flights/BOD-DUB/2024-12-13?sort=price_a","13:00","20:10","490","102.0","False","BOD","DUB","N/A","N/A","N/A","","Aer Lingus","N/A","Saver","44.837789, -0.57918","53.3493795, -6.2605593","1032.73","2024-12-13 13:00:00","2024-12-13 20:10:00","","22","Friday","afternoon","long","cheap","905692360948681377"
"2024-11-21","2024-12-13","BOD","DUB","Dublin","https://www.kayak.fr/flights/BOD-DUB/2024-12-13?sort=price_a","15:45","20:10","325","104.0","False","BOD","DUB","N/A","N/A","N/A","","Aer Lingus","N/A","N/A","44.837789, -0.57918","53.3493795, -6.2605593","1032.73","2024-12-13 15:45:00","2024-12-13 20:10:00","","22","Friday","afternoon","moyen","cheap","5061802764251511066"
"2024-11-21","2024-12-13","BOD","DUB","Dublin","https://www.kayak.fr/flights/BOD-DUB/2024-12-13?sort=price_a","18:05","22:05","300","111.0","False","BOD","DUB","N/A","N/A","N/A","","KLM","N/A","N/A","44.837789, -0.57918","53.3493795, -6.2605593","1032.73","2024-12-13 18:05:00","2024-12-13 22:05:00","","22","Friday","evening","moyen","cheap","1503251267874003577"
"2024-11-21","2024-12-13","BOD","DUB","Dublin","https://www.kayak.fr/flights/BOD-DUB/2024-12-13?sort=price_a","12:30","16:40","310","111.0","False","BOD","DUB","N/A","N/A","N/A","","Aer Lingus","N/A","N/A","44.837789, -0.57918","53.3493795, -6.2605593","1032.73","2024-12-13 12:30:00","2024-12-13 16:40:00","","22","Friday","afternoon","moyen","cheap","2812478005437046898"
"2024-11-21","2024-12-13","BOD","DUB","Dublin","https://www.kayak.fr/flights/BOD-DUB/2024-12-13?sort=price_a","17:25","22:15","350","120.0","False","BOD","DUB","N/A","N/A","N/A","","easyJet","Ryanair","N/A","44.837789, -0.57918","53.3493795, -6.2605593","1032.73","2024-12-13 17:25:00","2024-12-13 22:15:00","","22","Friday","evening","moyen","standard","8016090538736029967"
"2024-11-21","2024-12-13","BOD","DUB","Dublin","https://www.kayak.fr/flights/BOD-DUB/2024-12-13?sort=price_a","15:55","22:35","460","121.0","False","BOD","DUB","N/A","N/A","N/A","","Air France","N/A","N/A","44.837789, -0.57918","53.3493795, -6.2605593","1032.73","2024-12-13 15:55:00","2024-12-13 22:35:00","","22","Friday","afternoon","long","standard","6438200167555911618"
"2024-11-21","2024-12-13","BOD","DUB","Dublin","https://www.kayak.fr/flights/BOD-DUB/2024-12-13?sort=price_a","09:45","14:55","370","123.0","False","BOD","DUB","N/A","N/A","MAD","110.0","Volotea","Aer Lingus","Économique","44.837789, -0.57918","53.3493795, -6.2605593","1032.73","2024-12-13 09:45:00","2024-12-13 14:55:00","260.0","22","Friday","morning","long","standard","4277902025151514586"
"2024-11-21","2024-12-13","BOD","DUB","Dublin","https://www.kayak.fr/flights/BOD-DUB/2024-12-13?sort=price_a","17:40","00:50+1","490","124.0","False","BOD","DUB","N/A","N/A","MAD","110.0","Volotea","Aer Lingus","Économique","44.837789, -0.57918","53.3493795, -6.2605593","1032.73","2024-12-13 17:40:00","2024-12-14 00:50:00","380.0","22","Friday","evening","long","standard","7894268532747537116"
"2024-11-21","2024-12-13","BOD","DUB","Dublin","https://www.kayak.fr/flights/BOD-DUB/2024-12-13?sort=price_a","13:35","21:00","505","126.0","False","BOD","DUB","N/A","N/A","MAD","110.0","Volotea","Aer Lingus","Économique","44.837789, -0.57918","53.3493795, -6.2605593","1032.73","2024-12-13 13:35:00","2024-12-13 21:00:00","395.0","22","Friday","afternoon","long","standard","5924412783854101984"
"2024-11-21","2024-12-13","BOD","DUB","Dublin","https://www.kayak.fr/flights/BOD-DUB/2024-12-13?sort=price_a","18:35","22:35","300","133.0","False","BOD","DUB","N/A","N/A","MAD","110.0","Volotea","Aer Lingus","N/A","44.837789, -0.57918","53.3493795, -6.2605593","1032.73","2024-12-13 18:35:00","2024-12-13 22:35:00","190.0","22","Friday","evening","moyen","standard","4667079487588234878"
"2024-11-21","2024-12-13","BOD","DUB","Dublin","https://www.kayak.fr/flights/BOD-DUB/2024-12-13?sort=price_a","09:45","18:00","555","144.0","False","BOD","DUB","N/A","N/A","N/A","","Vueling","Ryanair","N/A","44.837789, -0.57918","53.3493795, -6.2605593","1032.73","2024-12-13 09:45:00","2024-12-13 18:00:00","","22","Friday","morning","long","standard","8990119864303574767"
"2024-11-21","2024-12-13","BOD","DUB","Dublin","https://www.kayak.fr/flights/BOD-DUB/2024-12-13?sort=price_a","10:50","17:45","475","157.0","False","BOD","DUB","N/A","N/A","MAD","110.0","Volotea","Aer Lingus","N/A","44.837789, -0.57918","53.3493795, -6.2605593","1032.73","2024-12-13 10:50:00","2024-12-13 17:45:00","365.0","22","Friday","morning","long","high","8864330627034643341"
"2024-11-21","2024-12-13","BOD","DUB","Dublin","https://www.kayak.fr/flights/BOD-DUB/2024-12-13?sort=price_a","13:35","20:05","450","165.0","False","BOD","DUB","N/A","N/A","N/A","","easyJet","Ryanair","N/A","44.837789, -0.57918","53.3493795, -6.2605593","1032.73","2024-12-13 13:35:00","2024-12-13 20:05:00","","22","Friday","afternoon","long","high","5063284372713665552"
"2024-11-21","2024-12-14","BOD","DUB","Dublin","https://www.kayak.fr/flights/BOD-DUB/2024-12-14?sort=price_a","21:45","11:55+1","910","61.0","False","BOD","DUB","N/A","N/A","BCN","675.0","Vueling","N/A","Économique","44.837789, -0.57918","53.3493795, -6.2605593","1032.73","2024-12-14 21:45:00","2024-12-15 11:55:00","235.0","23","Saturday","evening","long","cheap","4309650741724803254"
"2024-11-21","2024-12-14","BOD","DUB","Dublin","https://www.kayak.fr/flights/BOD-DUB/2024-12-14?sort=price_a","21:45","11:35+1","890","76.0","False","BOD","DUB","N/A","N/A","BCN","675.0","Vueling","N/A","Économique","44.837789, -0.57918","53.3493795, -6.2605593","1032.73","2024-12-14 21:45:00","2024-12-15 11:35:00","215.0","23","Saturday","evening","long","cheap","318626212876810778"
"2024-11-21","2024-12-14","BOD","DUB","Dublin","https://www.kayak.fr/flights/BOD-DUB/2024-12-14?sort=price_a","15:30","22:05","455","80.0","False","BOD","DUB","N/A","N/A","BCN","675.0","Vueling","N/A","Économique","44.837789, -0.57918","53.3493795, -6.2605593","1032.73","2024-12-14 15:30:00","2024-12-14 22:05:00","","23","Saturday","afternoon","long","cheap","8983988269074080277"
"2024-11-21","2024-12-14","BOD","DUB","Dublin","https://www.kayak.fr/flights/BOD-DUB/2024-12-14?sort=price_a","17:55","10:15+1","1040","83.0","False","BOD","DUB","N/A","N/A","BCN","675.0","Vueling","N/A","N/A","44.837789, -0.57918","53.3493795, -6.2605593","1032.73","2024-12-14 17:55:00","2024-12-15 10:15:00","365.0","23","Saturday","evening","long","cheap","2302994932645918882"
"2024-11-21","2024-12-14","BOD","DUB","Dublin","https://www.kayak.fr/flights/BOD-DUB/2024-12-14?sort=price_a","15:30","07:55+1","1045","85.0","False","BOD","DUB","N/A","N/A","N/A","","Volotea","Ryanair","N/A","44.837789, -0.57918","53.3493795, -6.2605593","1032.73","2024-12-14 15:30:00","2024-12-15 07:55:00","","23","Saturday","afternoon","long","cheap","6786676244813367053"
"2024-11-21","2024-12-14","BOD","DUB","Dublin","https://www.kayak.fr/flights/BOD-DUB/2024-12-14?sort=price_a","21:25","07:50+1","685","87.0","False","BOD","DUB","N/A","N/A","BCN","675.0","Vueling","N/A","N/A","44.837789, -0.57918","53.3493795, -6.2605593","1032.73","2024-12-14 21:25:00","2024-12-15 07:50:00","10.0","23","Saturday","evening","long","cheap","5362826931897091112"
"2024-11-21","2024-12-14","BOD","DUB","Dublin","https://www.kayak.fr/flights/BOD-DUB/2024-12-14?sort=price_a","16:55","00:25+1","510","93.0","False","BOD","DUB","N/A","N/A","N/A","","easyJet","Ryanair","N/A","44.837789, -0.57918","53.3493795, -6.2605593","1032.73","2024-12-14 16:55:00","2024-12-15 00:25:00","","23","Saturday","afternoon","long","cheap","587557616787665768"
"2024-11-21","2024-12-14","BOD","DUB","Dublin","https://www.kayak.fr/flights/BOD-DUB/2024-12-14?sort=price_a","21:25","09:35+1","790","94.0","False","BOD","DUB","N/A","N/A","N/A","","easyJet","Ryanair","N/A","44.837789, -0.57918","53.3493795, -6.2605593","1032.73","2024-12-14 21:25:00","2024-12-15 09:35:00","","23","Saturday","evening","long","cheap","9213259647510783965"
"2024-11-21","2024-12-14","BOD","DUB","Dublin","https://www.kayak.fr/flights/BOD-DUB/2024-12-14?sort=price_a","06:45","15:40","595","95.0","False","BOD","DUB","N/A","N/A","BCN","655.0","Vueling","Ryanair","Économique","44.837789, -0.57918","53.3493795, -6.2605593","1032.73","2024-12-14 06:45:00","2024-12-14 15:40:00","","23","Saturday","morning","long","cheap","638416930140471889"
"2024-11-21","2024-12-14","BOD","DUB","Dublin","https://www.kayak.fr/flights/BOD-DUB/2024-12-14?sort=price_a","10:20","21:55","755","100.0","False","BOD","DUB","N/A","N/A","BCN","655.0","Vueling","Ryanair","Économique","44.837789, -0.57918","53.3493795, -6.2605593","1032.73","2024-12-14 10:20:00","2024-12-14 21:55:00","100.0","23","Saturday","morning","long","cheap","6929270161263040983"
"2024-11-21","2024-12-14","BOD","DUB","Dublin","https://www.kayak.fr/flights/BOD-DUB/2024-12-14?sort=price_a","10:20","19:55","635","102.0","False","BOD","DUB","N/A","N/A","BCN","655.0","Vueling","Ryanair","Économique","44.837789, -0.57918","53.3493795, -6.2605593","1032.73","2024-12-14 10:20:00","2024-12-14 19:55:00","","23","Saturday","morning","long","cheap","1915172775326508994"
"2024-11-21","2024-12-14","BOD","DUB","Dublin","https://www.kayak.fr/flights/BOD-DUB/2024-12-14?sort=price_a","10:20","21:50","750","102.0","False","BOD","DUB","N/A","N/A","BCN","655.0","Vueling","Ryanair","N/A","44.837789, -0.57918","53.3493795, -6.2605593","1032.73","2024-12-14 10:20:00","2024-12-14 21:50:00","95.0","23","Saturday","morning","long","cheap","6677422493715585464"
"2024-11-21","2024-12-14","BOD","DUB","Dublin","https://www.kayak.fr/flights/BOD-DUB/2024-12-14?sort=price_a","21:45","13:20+1","995","103.0","False","BOD","DUB","N/A","N/A","N/A","","Vueling","Aer Lingus","N/A","44.837789, -0.57918","53.3493795, -6.2605593","1032.73","2024-12-14 21:45:00","2024-12-15 13:20:00","","23","Saturday","evening","long","cheap","3297598600668839268"
"2024-11-21","2024-12-14","BOD","DUB","Dublin","https://www.kayak.fr/flights/BOD-DUB/2024-12-14?sort=price_a","17:55","10:15+1","1040","103.0","False","BOD","DUB","N/A","N/A","BCN","655.0","Vueling","Ryanair","N/A","44.837789, -0.57918","53.3493795, -6.2605593","1032.73","2024-12-14 17:55:00","2024-12-15 10:15:00","385.0","23","Saturday","evening","long","cheap","2302994932645918882"
"2024-11-21","2024-12-14","BOD","DUB","Dublin","https://www.kayak.fr/flights/BOD-DUB/2024-12-14?sort=price_a","10:20","19:20","600","105.0","False","BOD","DUB","N/A","N/A","N/A","","British Airways","Ryanair","N/A","44.837789, -0.57918","53.3493795, -6.2605593","1032.73","2024-12-14 10:20:00","2024-12-14 19:20:00","","23","Saturday","morning","long","cheap","8801795299768308467"
"2024-11-21","2024-12-15","BOD","DUB","Dublin","https://www.kayak.fr/flights/BOD-DUB/2024-12-15?sort=price_a","11:05","12:05","120","69.0","True","BOD","DUB","N/A","N/A","N/A","","Aer Lingus","N/A","Saver","44.837789, -0.57918","53.3493795, -6.2605593","1032.73","2024-12-15 11:05:00","2024-12-15 12:05:00","","24","Sunday","morning","court","cheap","1308784314811907194"
"2024-11-21","2024-12-15","BOD","DUB","Dublin","https://www.kayak.fr/flights/BOD-DUB/2024-12-15?sort=price_a","18:05","22:05","300","118.0","False","BOD","DUB","N/A","N/A","N/A","","Aer Lingus","N/A","Saver","44.837789, -0.57918","53.3493795, -6.2605593","1032.73","2024-12-15 18:05:00","2024-12-15 22:05:00","","24","Sunday","evening","moyen","standard","4635369375440802449"
"2024-11-21","2024-12-15","BOD","DUB","Dublin","https://www.kayak.fr/flights/BOD-DUB/2024-12-15?sort=price_a","16:45","22:25","400","127.0","False","BOD","DUB","N/A","N/A","N/A","","Aer Lingus","N/A","Saver","44.837789, -0.57918","53.3493795, -6.2605593","1032.73","2024-12-15 16:45:00","2024-12-15 22:25:00","","24","Sunday","afternoon","long","standard","1622662079503924515"
"2024-11-21","2024-12-15","BOD","DUB","Dublin","https://www.kayak.fr/flights/BOD-DUB/2024-12-15?sort=price_a","17:50","23:30","400","140.0","False","BOD","DUB","N/A","N/A","N/A","","Aer Lingus","N/A","N/A","44.837789, -0.57918","53.3493795, -6.2605593","1032.73","2024-12-15 17:50:00","2024-12-15 23:30:00","","24","Sunday","evening","long","standard","193957642419119695"
"2024-11-21","2024-12-15","BOD","DUB","Dublin","https://www.kayak.fr/flights/BOD-DUB/2024-12-15?sort=price_a","18:00","23:50","410","153.0","False","BOD","DUB","N/A","N/A","N/A","","Vueling","Ryanair","N/A","44.837789, -0.57918","53.3493795, -6.2605593","1032.73","2024-12-15 18:00:00","2024-12-15 23:50:00","","24","Sunday","evening","long","standard","4472275538272934347"
"2024-11-21","2024-12-15","BOD","DUB","Dublin","https://www.kayak.fr/flights/BOD-DUB/2024-12-15?sort=price_a","07:00","14:25","505","167.0","False","BOD","DUB","N/A","N/A","N/A","","Aer Lingus","N/A","N/A","44.837789, -0.57918","53.3493795, -6.2605593","1032.73","2024-12-15 07:00:00","2024-12-15 14:25:00","","24","Sunday","morning","long","high","3234697016235424387"
"2024-11-21","2024-12-15","BOD","DUB","Dublin","https://www.kayak.fr/flights/BOD-DUB/2024-12-15?sort=price_a","14:10","21:00","470","181.0","False","BOD","DUB","N/A","N/A","N/A","","easyJet","Aer Lingus","N/A","44.837789, -0.57918","53.3493795, -6.2605593","1032.73","2024-12-15 14:10:00","2024-12-15 21:00:00","","24","Sunday","afternoon","long","high","390001520989149800"
"2024-11-21","2024-12-15","BOD","DUB","Dublin","https://www.kayak.fr/flights/BOD-DUB/2024-12-15?sort=price_a","18:35","22:35","300","182.0","False","BOD","DUB","N/A","N/A","N/A","","Air France","N/A","N/A","44.837789, -0.57918","53.3493795, -6.2605593","1032.73","2024-12-15 18:35:00","2024-12-15 22:35:00","","24","Sunday","evening","moyen","high","7269814894504301754"
"2024-11-21","2024-12-15","BOD","DUB","Dublin","https://www.kayak.fr/flights/BOD-DUB/2024-12-15?sort=price_a","06:00","12:40","460","189.0","False","BOD","DUB","N/A","N/A","AMS","90.0","KLM","N/A","Light","44.837789, -0.57918","53.3493795, -6.2605593","1032.73","2024-12-15 06:00:00","2024-12-15 12:40:00","370.0","24","Sunday","morning","long","high","7004476873744037842"
"2024-11-21","2024-12-15","BOD","DUB","Dublin","https://www.kayak.fr/flights/BOD-DUB/2024-12-15?sort=price_a","10:10","18:05","535","189.0","False","BOD","DUB","N/A","N/A","AMS","90.0","KLM","N/A","Light","44.837789, -0.57918","53.3493795, -6.2605593","1032.73","2024-12-15 10:10:00","2024-12-15 18:05:00","445.0","24","Sunday","morning","long","high","3954805890626898613"
"2024-11-21","2024-12-15","BOD","DUB","Dublin","https://www.kayak.fr/flights/BOD-DUB/2024-12-15?sort=price_a","17:50","23:20","390","194.0","False","BOD","DUB","N/A","N/A","AMS","90.0","KLM","N/A","Light","44.837789, -0.57918","53.3493795, -6.2605593","1032.73","2024-12-15 17:50:00","2024-12-15 23:20:00","300.0","24","Sunday","evening","long","high","7884887531887637208"
"2024-11-21","2024-12-15","BOD","DUB","Dublin","https://www.kayak.fr/flights/BOD-DUB/2024-12-15?sort=price_a","07:10","15:25","555","199.0","False","BOD","DUB","N/A","N/A","AMS","90.0","KLM","N/A","N/A","44.837789, -0.57918","53.3493795, -6.2605593","1032.73","2024-12-15 07:10:00","2024-12-15 15:25:00","465.0","24","Sunday","morning","long","high","3032189535259619653"
"2024-11-21","2024-12-15","BOD","DUB","Dublin","https://www.kayak.fr/flights/BOD-DUB/2024-12-15?sort=price_a","12:20","19:15","475","201.0","False","BOD","DUB","N/A","N/A","N/A","","easyJet","Ryanair","N/A","44.837789, -0.57918","53.3493795, -6.2605593","1032.73","2024-12-15 12:20:00","2024-12-15 19:15:00","","24","Sunday","afternoon","long","high","8512566929234972666"
"2024-11-21","2024-12-15","BOD","DUB","Dublin","https://www.kayak.fr/flights/BOD-DUB/2024-12-15?sort=price_a","12:30","16:40","310","202.0","False","BOD","DUB","N/A","N/A","AMS","90.0","KLM","N/A","N/A","44.837789, -0.57918","53.3493795, -6.2605593","1032.73","2024-12-15 12:30:00","2024-12-15 16:40:00","220.0","24","Sunday","afternoon","moyen","high","2339328830440590863"
"2024-11-21","2024-12-15","BOD","DUB","Dublin","https://www.kayak.fr/flights/BOD-DUB/2024-12-15?sort=price_a","08:10","15:00","470","204.0","False","BOD","DUB","N/A","N/A","N/A","","easyJet","Ryanair","N/A","44.837789, -0.57918","53.3493795, -6.2605593","1032.73","2024-12-15 08:10:00","2024-12-15 15:00:00","","24","Sunday","morning","long","high","5431723385535027735"
"2024-11-21","2024-12-16","BOD","DUB","Dublin","https://www.kayak.fr/flights/BOD-DUB/2024-12-16?sort=price_a","15:25","16:25","120","46.0","True","BOD","DUB","N/A","N/A","N/A","","Aer Lingus","N/A","Saver","44.837789, -0.57918","53.3493795, -6.2605593","1032.73","2024-12-16 15:25:00","2024-12-16 16:25:00","","25","Monday","afternoon","court","cheap","6393712074984532540"
"2024-11-21","2024-12-16","BOD","DUB","Dublin","https://www.kayak.fr/flights/BOD-DUB/2024-12-16?sort=price_a","07:45","13:30","405","84.0","False","BOD","DUB","N/A","N/A","N/A","","Aer Lingus","N/A","Saver","44.837789, -0.57918","53.3493795, -6.2605593","1032.73","2024-12-16 07:45:00","2024-12-16 13:30:00","","25","Monday","morning","long","cheap","9171729208045344828"
"2024-11-21","2024-12-16","BOD","DUB","Dublin","https://www.kayak.fr/flights/BOD-DUB/2024-12-16?sort=price_a","07:45","14:00","435","88.0","False","BOD","DUB","N/A","N/A","N/A","","Aer Lingus","N/A","Saver","44.837789, -0.57918","53.3493795, -6.2605593","1032.73","2024-12-16 07:45:00","2024-12-16 14:00:00","","25","Monday","morning","long","cheap","2827814551316342980"
"2024-11-21","2024-12-16","BOD","DUB","Dublin","https://www.kayak.fr/flights/BOD-DUB/2024-12-16?sort=price_a","18:00","22:05","305","98.0","False","BOD","DUB","N/A","N/A","N/A","","Aer Lingus","N/A","N/A","44.837789, -0.57918","53.3493795, -6.2605593","1032.73","2024-12-16 18:00:00","2024-12-16 22:05:00","","25","Monday","evening","moyen","cheap","4890409018043422727"
"2024-11-21","2024-12-16","BOD","DUB","Dublin","https://www.kayak.fr/flights/BOD-DUB/2024-12-16?sort=price_a","12:30","16:40","310","98.0","False","BOD","DUB","N/A","N/A","N/A","","KLM","N/A","N/A","44.837789, -0.57918","53.3493795, -6.2605593","1032.73","2024-12-16 12:30:00","2024-12-16 16:40:00","","25","Monday","afternoon","moyen","cheap","5567609435327702607"
"2024-11-21","2024-12-16","BOD","DUB","Dublin","https://www.kayak.fr/flights/BOD-DUB/2024-12-16?sort=price_a","08:40","16:10","510","100.0","False","BOD","DUB","N/A","N/A","N/A","","Aer Lingus","N/A","N/A","44.837789, -0.57918","53.3493795, -6.2605593","1032.73","2024-12-16 08:40:00","2024-12-16 16:10:00","","25","Monday","morning","long","cheap","5505886566686908618"
"2024-11-21","2024-12-16","BOD","DUB","Dublin","https://www.kayak.fr/flights/BOD-DUB/2024-12-16?sort=price_a","10:55","16:10","375","102.0","False","BOD","DUB","N/A","N/A","N/A","","easyJet","Aer Lingus","N/A","44.837789, -0.57918","53.3493795, -6.2605593","1032.73","2024-12-16 10:55:00","2024-12-16 16:10:00","","25","Monday","morning","long","cheap","2855774896284733082"
"2024-11-21","2024-12-16","BOD","DUB","Dublin","https://www.kayak.fr/flights/BOD-DUB/2024-12-16?sort=price_a","13:55","20:10","435","103.0","False","BOD","DUB","N/A","N/A","N/A","","easyJet","Ryanair","N/A","44.837789, -0.57918","53.3493795, -6.2605593","1032.73","2024-12-16 13:55:00","2024-12-16 20:10:00","","25","Monday","afternoon","long","cheap","5383093246682210866"
"2024-11-21","2024-12-16","BOD","DUB","Dublin","https://www.kayak.fr/flights/BOD-DUB/2024-12-16?sort=price_a","06:00","12:40","460","106.0","False","BOD","DUB","N/A","N/A","MAD","155.0","Volotea","Aer Lingus","Économique","44.837789, -0.57918","53.3493795, -6.2605593","1032.73","2024-12-16 06:00:00","2024-12-16 12:40:00","305.0","25","Monday","morning","long","cheap","5735210716010281450"
"2024-11-21","2024-12-16","BOD","DUB","Dublin","https://www.kayak.fr/flights/BOD-DUB/2024-12-16?sort=price_a","10:40","15:40","360","116.0","False","BOD","DUB","N/A","N/A","MAD","155.0","Volotea","Aer Lingus","Économique","44.837789, -0.57918","53.3493795, -6.2605593","1032.73","2024-12-16 10:40:00","2024-12-16 15:40:00","205.0","25","Monday","morning","moyen","standard","4475399344221481804"
"2024-11-21","2024-12-16","BOD","DUB","Dublin","https://www.kayak.fr/flights/BOD-DUB/2024-12-16?sort=price_a","15:15","23:20","545","119.0","False","BOD","DUB","N/A","N/A","MAD","155.0","Volotea","Aer Lingus","Économique","44.837789, -0.57918","53.3493795, -6.2605593","1032.73","2024-12-16 15:15:00","2024-12-16 23:20:00","390.0","25","Monday","afternoon","long","standard","6169421970379037006"
"2024-11-21","2024-12-16","BOD","DUB","Dublin","https://www.kayak.fr/flights/BOD-DUB/2024-12-16?sort=price_a","18:10","00:20+1","430","124.0","False","BOD","DUB","N/A","N/A","MAD","155.0","Volotea","Aer Lingus","N/A","44.837789, -0.57918","53.3493795, -6.2605593","1032.73","2024-12-16 18:10:00","2024-12-17 00:20:00","275.0","25","Monday","evening","long","standard","6906317968553248427"
"2024-11-21","2024-12-16","BOD","DUB","Dublin","https://www.kayak.fr/flights/BOD-DUB/2024-12-16?sort=price_a","16:50","00:50+1","540","125.0","False","BOD","DUB","N/A","N/A","N/A","","Transavia France","TAP AIR PORTUGAL","N/A","44.837789, -0.57918","53.3493795, -6.2605593","1032.73","2024-12-16 16:50:00","2024-12-17 00:50:00","","25","Monday","afternoon","long","standard","5874521754987148505"
"2024-11-21","2024-12-16","BOD","DUB","Dublin","https://www.kayak.fr/flights/BOD-DUB/2024-12-16?sort=price_a","11:10","18:20","490","126.0","False","BOD","DUB","N/A","N/A","MAD","155.0","Volotea","Aer Lingus","N/A","44.837789, -0.57918","53.3493795, -6.2605593","1032.73","2024-12-16 11:10:00","2024-12-16 18:20:00","335.0","25","Monday","morning","long","standard","1829758512993310002"
"2024-11-21","2024-12-16","BOD","DUB","Dublin","https://www.kayak.fr/flights/BOD-DUB/2024-12-16?sort=price_a","18:35","22:35","300","132.0","False","BOD","DUB","N/A","N/A","N/A","","Air France","N/A","N/A","44.837789, -0.57918","53.3493795, -6.2605593","1032.73","2024-12-16 18:35:00","2024-12-16 22:35:00","","25","Monday","evening","moyen","standard","7665330703446667617"
"2024-11-21","2024-12-17","BOD","DUB","Dublin","https://www.kayak.fr/flights/BOD-DUB/2024-12-17?sort=price_a","14:35","10:30+1","1255","73.0","False","BOD","DUB","N/A","N/A","AGP","395.0","Volotea","Vueling","Économique","44.837789, -0.57918","53.3493795, -6.2605593","1032.73","2024-12-17 14:35:00","2024-12-18 10:30:00","860.0","26","Tuesday","afternoon","long","cheap","6010505909832280306"
"2024-11-21","2024-12-17","BOD","DUB","Dublin","https://www.kayak.fr/flights/BOD-DUB/2024-12-17?sort=price_a","09:35","13:55","320","92.0","False","BOD","DUB","N/A","N/A","AGP","395.0","Volotea","Vueling","Économique","44.837789, -0.57918","53.3493795, -6.2605593","1032.73","2024-12-17 09:35:00","2024-12-17 13:55:00","","26","Tuesday","morning","moyen","cheap","2929612513963190792"
"2024-11-21","2024-12-17","BOD","DUB","Dublin","https://www.kayak.fr/flights/BOD-DUB/2024-12-17?sort=price_a","20:10","08:05+1","775","96.0","False","BOD","DUB","N/A","N/A","AGP","395.0","Volotea","Vueling","Économique","44.837789, -0.57918","53.3493795, -6.2605593","1032.73","2024-12-17 20:10:00","2024-12-18 08:05:00","380.0","26","Tuesday","evening","long","cheap","681388948846957473"
"2024-11-21","2024-12-17","BOD","DUB","Dublin","https://www.kayak.fr/flights/BOD-DUB/2024-12-17?sort=price_a","18:00","22:05","305","98.0","False","BOD","DUB","N/A","N/A","AGP","395.0","Volotea","Vueling","N/A","44.837789, -0.57918","53.3493795, -6.2605593","1032.73","2024-12-17 18:00:00","2024-12-17 22:05:00","","26","Tuesday","evening","moyen","cheap","6797796808682075278"
"2024-11-21","2024-12-17","BOD","DUB","Dublin","https://www.kayak.fr/flights/BOD-DUB/2024-12-17?sort=price_a","12:30","16:40","310","98.0","False","BOD","DUB","N/A","N/A","N/A","","KLM","N/A","N/A","44.837789, -0.57918","53.3493795, -6.2605593","1032.73","2024-12-17 12:30:00","2024-12-17 16:40:00","","26","Tuesday","afternoon","moyen","cheap","2094845406691650701"
"2024-11-21","2024-12-17","BOD","DUB","Dublin","https://www.kayak.fr/flights/BOD-DUB/2024-12-17?sort=price_a","06:00","12:40","460","98.0","False","BOD","DUB","N/A","N/A","AGP","395.0","Volotea","Vueling","N/A","44.837789, -0.57918","53.3493795, -6.2605593","1032.73","2024-12-17 06:00:00","2024-12-17 12:40:00","65.0","26","Tuesday","morning","long","cheap","6650653765309684003"
"2024-11-21","2024-12-17","BOD","DUB","Dublin","https://www.kayak.fr/flights/BOD-DUB/2024-12-17?sort=price_a","12:30","22:05","635","98.0","False","BOD","DUB","N/A","N/A","N/A","","KLM","N/A","N/A","44.837789, -0.57918","53.3493795, -6.2605593","1032.73","2024-12-17 12:30:00","2024-12-17 22:05:00","","26","Tuesday","afternoon","long","cheap","1654959938513595550"
"2024-11-21","2024-12-17","BOD","DUB","Dublin","https://www.kayak.fr/flights/BOD-DUB/2024-12-17?sort=price_a","06:00","16:40","700","98.0","False","BOD","DUB","N/A","N/A","N/A","","KLM","N/A","N/A","44.837789, -0.57918","53.3493795, -6.2605593","1032.73","2024-12-17 06:00:00","2024-12-17 16:40:00","","26","Tuesday","morning","long","cheap","2331777212693101800"
"2024-11-21","2024-12-17","BOD","DUB","Dublin","https://www.kayak.fr/flights/BOD-DUB/2024-12-17?sort=price_a","18:00","08:05+1","905","100.0","False","BOD","DUB","N/A","N/A","BCN","80.0","Vueling","N/A","Économique","44.837789, -0.57918","53.3493795, -6.2605593","1032.73","2024-12-17 18:00:00","2024-12-18 08:05:00","825.0","26","Tuesday","evening","long","cheap","2773653222958738961"
"2024-11-21","2024-12-17","BOD","DUB","Dublin","https://www.kayak.fr/flights/BOD-DUB/2024-12-17?sort=price_a","09:35","22:55","860","101.0","False","BOD","DUB","N/A","N/A","BCN","80.0","Vueling","N/A","Économique","44.837789, -0.57918","53.3493795, -6.2605593","1032.73","2024-12-17 09:35:00","2024-12-17 22:55:00","780.0","26","Tuesday","morning","long","cheap","3393943047825930685"
"2024-11-21","2024-12-17","BOD","DUB","Dublin","https://www.kayak.fr/flights/BOD-DUB/2024-12-17?sort=price_a","15:55","22:35","460","104.0","False","BOD","DUB","N/A","N/A","BCN","80.0","Vueling","N/A","Économique","44.837789, -0.57918","53.3493795, -6.2605593","1032.73","2024-12-17 15:55:00","2024-12-17 22:35:00","380.0","26","Tuesday","afternoon","long","cheap","3432133331231492021"
"2024-11-21","2024-12-17","BOD","DUB","Dublin","https://www.kayak.fr/flights/BOD-DUB/2024-12-17?sort=price_a","17:55","10:15+1","1040","105.0","False","BOD","DUB","N/A","N/A","BCN","80.0","Vueling","N/A","N/A","44.837789, -0.57918","53.3493795, -6.2605593","1032.73","2024-12-17 17:55:00","2024-12-18 10:15:00","960.0","26","Tuesday","evening","long","cheap","8077495772311774908"
"2024-11-21","2024-12-17","BOD","DUB","Dublin","https://www.kayak.fr/flights/BOD-DUB/2024-12-17?sort=price_a","15:05","23:45","580","106.0","False","BOD","DUB","N/A","N/A","N/A","","easyJet","Ryanair","N/A","44.837789, -0.57918","53.3493795, -6.2605593","1032.73","2024-12-17 15:05:00","2024-12-17 23:45:00","","26","Tuesday","afternoon","long","cheap","7685493815141098816"
"2024-11-21","2024-12-17","BOD","DUB","Dublin","https://www.kayak.fr/flights/BOD-DUB/2024-12-17?sort=price_a","09:00","22:55","895","107.0","False","BOD","DUB","N/A","N/A","BCN","80.0","Vueling","N/A","N/A","44.837789, -0.57918","53.3493795, -6.2605593","1032.73","2024-12-17 09:00:00","2024-12-17 22:55:00","815.0","26","Tuesday","morning","long","cheap","6934322026449625273"
"2024-11-21","2024-12-17","BOD","DUB","Dublin","https://www.kayak.fr/flights/BOD-DUB/2024-12-17?sort=price_a","14:10","23:00","590","108.0","False","BOD","DUB","N/A","N/A","N/A","","easyJet","Ryanair","N/A","44.837789, -0.57918","53.3493795, -6.2605593","1032.73","2024-12-17 14:10:00","2024-12-17 23:00:00","","26","Tuesday","afternoon","long","cheap","2586272156654573981"
"2024-11-21","2024-12-18","BOD","DUB","Dublin","https://www.kayak.fr/flights/BOD-DUB/2024-12-18?sort=price_a","15:25","16:25","120","46.0","True","BOD","DUB","N/A","N/A","N/A","","Aer Lingus","N/A","Saver","44.837789, -0.57918","53.3493795, -6.2605593","1032.73","2024-12-18 15:25:00","2024-12-18 16:25:00","","27","Wednesday","afternoon","court","cheap","1318366354989504694"
"2024-11-21","2024-12-18","BOD","DUB","Dublin","https://www.kayak.fr/flights/BOD-DUB/2024-12-18?sort=price_a","18:00","22:05","305","98.0","False","BOD","DUB","N/A","N/A","N/A","","Aer Lingus","N/A","Saver","44.837789, -0.57918","53.3493795, -6.2605593","1032.73","2024-12-18 18:00:00","2024-12-18 22:05:00","","27","Wednesday","evening","moyen","cheap","2718216219460057067"
"2024-11-21","2024-12-18","BOD","DUB","Dublin","https://www.kayak.fr/flights/BOD-DUB/2024-12-18?sort=price_a","12:30","16:40","310","98.0","False","BOD","DUB","N/A","N/A","N/A","","Aer Lingus","N/A","Saver","44.837789, -0.57918","53.3493795, -6.2605593","1032.73","2024-12-18 12:30:00","2024-12-18 16:40:00","","27","Wednesday","afternoon","moyen","cheap","5424292101282728924"
"2024-11-21","2024-12-18","BOD","DUB","Dublin","https://www.kayak.fr/flights/BOD-DUB/2024-12-18?sort=price_a","06:00","12:40","460","98.0","False","BOD","DUB","N/A","N/A","N/A","","Aer Lingus","N/A","N/A","44.837789, -0.57918","53.3493795, -6.2605593","1032.73","2024-12-18 06:00:00","2024-12-18 12:40:00","","27","Wednesday","morning","long","cheap","7201104490327504663"
"2024-11-21","2024-12-18","BOD","DUB","Dublin","https://www.kayak.fr/flights/BOD-DUB/2024-12-18?sort=price_a","09:00","16:10","490","121.0","False","BOD","DUB","N/A","N/A","N/A","","easyJet","Aer Lingus","N/A","44.837789, -0.57918","53.3493795, -6.2605593","1032.73","2024-12-18 09:00:00","2024-12-18 16:10:00","","27","Wednesday","morning","long","standard","6183349591564893892"
"2024-11-21","2024-12-18","BOD","DUB","Dublin","https://www.kayak.fr/flights/BOD-DUB/2024-12-18?sort=price_a","09:05","14:10","365","136.0","False","BOD","DUB","N/A","N/A","N/A","","Aer Lingus","N/A","N/A","44.837789, -0.57918","53.3493795, -6.2605593","1032.73","2024-12-18 09:05:00","2024-12-18 14:10:00","","27","Wednesday","morning","long","standard","7217972286094382398"
"2024-11-21","2024-12-18","BOD","DUB","Dublin","https://www.kayak.fr/flights/BOD-DUB/2024-12-18?sort=price_a","18:25","22:40","315","153.0","False","BOD","DUB","N/A","N/A","N/A","","Lufthansa","N/A","N/A","44.837789, -0.57918","53.3493795, -6.2605593","1032.73","2024-12-18 18:25:00","2024-12-18 22:40:00","","27","Wednesday","evening","moyen","standard","7094758085304656995"
"2024-11-21","2024-12-18","BOD","DUB","Dublin","https://www.kayak.fr/flights/BOD-DUB/2024-12-18?sort=price_a","14:50","21:25","455","153.0","False","BOD","DUB","N/A","N/A","N/A","","easyJet","Ryanair","N/A","44.837789, -0.57918","53.3493795, -6.2605593","1032.73","2024-12-18 14:50:00","2024-12-18 21:25:00","","27","Wednesday","afternoon","long","standard","8651954304432970746"
"2024-11-21","2024-12-18","BOD","DUB","Dublin","https://www.kayak.fr/flights/BOD-DUB/2024-12-18?sort=price_a","14:50","20:10","380","156.0","False","BOD","DUB","N/A","N/A","AMS","95.0","KLM","N/A","Light","44.837789, -0.57918","53.3493795, -6.2605593","1032.73","2024-12-18 14:50:00","2024-12-18 20:10:00","285.0","27","Wednesday","afternoon","long","high","2249852569376309746"
"2024-11-21","2024-12-18","BOD","DUB","Dublin","https://www.kayak.fr/flights/BOD-DUB/2024-12-18?sort=price_a","13:50","22:05","555","158.0","False","BOD","DUB","N/A","N/A","AMS","95.0","KLM","N/A","Light","44.837789, -0.57918","53.3493795, -6.2605593","1032.73","2024-12-18 13:50:00","2024-12-18 22:05:00","460.0","27","Wednesday","afternoon","long","high","7003080337176826451"
"2024-11-21","2024-12-18","BOD","DUB","Dublin","https://www.kayak.fr/flights/BOD-DUB/2024-12-18?sort=price_a","13:55","21:55","540","177.0","False","BOD","DUB","N/A","N/A","AMS","95.0","KLM","N/A","Light","44.837789, -0.57918","53.3493795, -6.2605593","1032.73","2024-12-18 13:55:00","2024-12-18 21:55:00","445.0","27","Wednesday","afternoon","long","high","3587451988160743334"
"2024-11-21","2024-12-18","BOD","DUB","Dublin","https://www.kayak.fr/flights/BOD-DUB/2024-12-18?sort=price_a","14:50","22:05","495","180.0","False","BOD","DUB","N/A","N/A","AMS","95.0","KLM","N/A","N/A","44.837789, -0.57918","53.3493795, -6.2605593","1032.73","2024-12-18 14:50:00","2024-12-18 22:05:00","400.0","27","Wednesday","afternoon","long","high","6850116217334141620"
"2024-11-21","2024-12-18","BOD","DUB","Dublin","https://www.kayak.fr/flights/BOD-DUB/2024-12-18?sort=price_a","14:50","22:35","525","181.0","False","BOD","DUB","N/A","N/A","N/A","","Air France","N/A","N/A","44.837789, -0.57918","53.3493795, -6.2605593","1032.73","2024-12-18 14:50:00","2024-12-18 22:35:00","","27","Wednesday","afternoon","long","high","7528463845551304364"
"2024-11-21","2024-12-18","BOD","DUB","Dublin","https://www.kayak.fr/flights/BOD-DUB/2024-12-18?sort=price_a","14:50","21:55","485","190.0","False","BOD","DUB","N/A","N/A","AMS","95.0","KLM","N/A","N/A","44.837789, -0.57918","53.3493795, -6.2605593","1032.73","2024-12-18 14:50:00","2024-12-18 21:55:00","390.0","27","Wednesday","afternoon","long","high","3494350093544925929"
"2024-11-21","2024-12-18","BOD","DUB","Dublin","https://www.kayak.fr/flights/BOD-DUB/2024-12-18?sort=price_a","14:50","20:45","415","204.0","False","BOD","DUB","N/A","N/A","N/A","","easyJet","Aer Lingus","N/A","44.837789, -0.57918","53.3493795, -6.2605593","1032.73","2024-12-18 14:50:00","2024-12-18 20:45:00","","27","Wednesday","afternoon","long","high","4840935863643449476"
"2024-11-21","2024-12-19","BOD","DUB","Dublin","https://www.kayak.fr/flights/BOD-DUB/2024-12-19?sort=price_a","21:35","10:50+1","855","69.0","False","BOD","DUB","N/A","N/A","BCN","615.0","Vueling","N/A","Économique","44.837789, -0.57918","53.3493795, -6.2605593","1032.73","2024-12-19 21:35:00","2024-12-20 10:50:00","240.0","28","Thursday","evening","long","cheap","4835915955096853342"
"2024-11-21","2024-12-19","BOD","DUB","Dublin","https://www.kayak.fr/flights/BOD-DUB/2024-12-19?sort=price_a","15:25","16:25","120","99.0","True","BOD","DUB","N/A","N/A","N/A","","Vueling","N/A","Économique","44.837789, -0.57918","53.3493795, -6.2605593","1032.73","2024-12-19 15:25:00","2024-12-19 16:25:00","","28","Thursday","afternoon","court","cheap","1314586919398859800"
"2024-11-21","2024-12-19","BOD","DUB","Dublin","https://www.kayak.fr/flights/BOD-DUB/2024-12-19?sort=price_a","13:35","20:15","460","123.0","False","BOD","DUB","N/A","N/A","BCN","615.0","Vueling","N/A","Économique","44.837789, -0.57918","53.3493795, -6.2605593","1032.73","2024-12-19 13:35:00","2024-12-19 20:15:00","","28","Thursday","afternoon","long","standard","6591973588109440825"
"2024-11-21","2024-12-19","BOD","DUB","Dublin","https://www.kayak.fr/flights/BOD-DUB/2024-12-19?sort=price_a","09:25","15:25","420","136.0","False","BOD","DUB","N/A","N/A","BCN","615.0","Vueling","N/A","N/A","44.837789, -0.57918","53.3493795, -6.2605593","1032.73","2024-12-19 09:25:00","2024-12-19 15:25:00","","28","Thursday","morning","long","standard","7807583762191480562"
"2024-11-21","2024-12-19","BOD","DUB","Dublin","https://www.kayak.fr/flights/BOD-DUB/2024-12-19?sort=price_a","09:05","16:10","485","155.0","False","BOD","DUB","N/A","N/A","N/A","","easyJet","Aer Lingus","N/A","44.837789, -0.57918","53.3493795, -6.2605593","1032.73","2024-12-19 09:05:00","2024-12-19 16:10:00","","28","Thursday","morning","long","high","3815071910013919354"
"2024-11-21","2024-12-19","BOD","DUB","Dublin","https://www.kayak.fr/flights/BOD-DUB/2024-12-19?sort=price_a","18:00","22:05","305","174.0","False","BOD","DUB","N/A","N/A","BCN","615.0","Vueling","N/A","N/A","44.837789, -0.57918","53.3493795, -6.2605593","1032.73","2024-12-19 18:00:00","2024-12-19 22:05:00","","28","Thursday","evening","moyen","high","7570833439201338907"
"2024-11-21","2024-12-19","BOD","DUB","Dublin","https://www.kayak.fr/flights/BOD-DUB/2024-12-19?sort=price_a","18:35","22:35","300","181.0","False","BOD","DUB","N/A","N/A","N/A","","Air France","N/A","N/A","44.837789, -0.57918","53.3493795, -6.2605593","1032.73","2024-12-19 18:35:00","2024-12-19 22:35:00","","28","Thursday","evening","moyen","high","2713432344466836252"
"2024-11-21","2024-12-19","BOD","DUB","Dublin","https://www.kayak.fr/flights/BOD-DUB/2024-12-19?sort=price_a","11:00","19:15","555","191.0","False","BOD","DUB","N/A","N/A","N/A","","Volotea","easyJet","N/A","44.837789, -0.57918","53.3493795, -6.2605593","1032.73","2024-12-19 11:00:00","2024-12-19 19:15:00","","28","Thursday","morning","long","high","2008472760126590335"
"2024-11-21","2024-12-19","BOD","DUB","Dublin","https://www.kayak.fr/flights/BOD-DUB/2024-12-19?sort=price_a","06:00","12:40","460","192.0","False","BOD","DUB","N/A","N/A","N/A","","Aer Lingus","N/A","Saver","44.837789, -0.57918","53.3493795, -6.2605593","1032.73","2024-12-19 06:00:00","2024-12-19 12:40:00","","28","Thursday","morning","long","high","5561992229138018520"
"2024-11-21","2024-12-19","BOD","DUB","Dublin","https://www.kayak.fr/flights/BOD-DUB/2024-12-19?sort=price_a","17:55","22:10","315","211.0","False","BOD","DUB","N/A","N/A","N/A","","Aer Lingus","N/A","Saver","44.837789, -0.57918","53.3493795, -6.2605593","1032.73","2024-12-19 17:55:00","2024-12-19 22:10:00","","28","Thursday","evening","moyen","high","7522345212170834969"
"2024-11-21","2024-12-19","BOD","DUB","Dublin","https://www.kayak.fr/flights/BOD-DUB/2024-12-19?sort=price_a","18:30","22:50","320","217.0","False","BOD","DUB","N/A","N/A","N/A","","Aer Lingus","N/A","Saver","44.837789, -0.57918","53.3493795, -6.2605593","1032.73","2024-12-19 18:30:00","2024-12-19 22:50:00","","28","Thursday","evening","moyen","high","6065929388196810023"
"2024-11-21","2024-12-19","BOD","DUB","Dublin","https://www.kayak.fr/flights/BOD-DUB/2024-12-19?sort=price_a","13:50","22:05","555","224.0","False","BOD","DUB","N/A","N/A","N/A","","Aer Lingus","N/A","N/A","44.837789, -0.57918","53.3493795, -6.2605593","1032.73","2024-12-19 13:50:00","2024-12-19 22:05:00","","28","Thursday","afternoon","long","high","3554039394815603285"
"2024-11-21","2024-12-19","BOD","DUB","Dublin","https://www.kayak.fr/flights/BOD-DUB/2024-12-19?sort=price_a","09:25","17:20","535","234.0","False","BOD","DUB","N/A","N/A","N/A","","easyJet","Jet2","N/A","44.837789, -0.57918","53.3493795, -6.2605593","1032.73","2024-12-19 09:25:00","2024-12-19 17:20:00","","28","Thursday","morning","long","high","3064841504037328313"
"2024-11-21","2024-12-19","BOD","DUB","Dublin","https://www.kayak.fr/flights/BOD-DUB/2024-12-19?sort=price_a","15:55","22:35","460","246.0","False","BOD","DUB","N/A","N/A","N/A","","Aer Lingus","N/A","N/A","44.837789, -0.57918","53.3493795, -6.2605593","1032.73","2024-12-19 15:55:00","2024-12-19 22:35:00","","28","Thursday","afternoon","long","high","1964933216895830989"
"2024-11-21","2024-12-19","BOD","DUB","Dublin","https://www.kayak.fr/flights/BOD-DUB/2024-12-19?sort=price_a","12:57","22:35","638","251.0","False","BOD","DUB","N/A","N/A","N/A","","Air France","N/A","N/A","44.837789, -0.57918","53.3493795, -6.2605593","1032.73","2024-12-19 12:57:00","2024-12-19 22:35:00","","28","Thursday","afternoon","long","high","9161900089131915852"
"2024-11-21","2024-12-20","BOD","DUB","Dublin","https://www.kayak.fr/flights/BOD-DUB/2024-12-20?sort=price_a","20:00","07:30+1","750","106.0","False","BOD","DUB","N/A","N/A","BCN","515.0","Vueling","Ryanair","Économique","44.837789, -0.57918","53.3493795, -6.2605593","1032.73","2024-12-20 20:00:00","2024-12-21 07:30:00","235.0","29","Friday","evening","long","cheap","6606951121569271875"
"2024-11-21","2024-12-20","BOD","DUB","Dublin","https://www.kayak.fr/flights/BOD-DUB/2024-12-20?sort=price_a","09:45","14:55","370","111.0","False","BOD","DUB","N/A","N/A","BCN","515.0","Vueling","Ryanair","Économique","44.837789, -0.57918","53.3493795, -6.2605593","1032.73","2024-12-20 09:45:00","2024-12-20 14:55:00","","29","Friday","morning","long","cheap","5981673316096377381"
"2024-11-21","2024-12-20","BOD","DUB","Dublin","https://www.kayak.fr/flights/BOD-DUB/2024-12-20?sort=price_a","09:45","18:00","555","111.0","False","BOD","DUB","N/A","N/A","BCN","515.0","Vueling","Ryanair","Économique","44.837789, -0.57918","53.3493795, -6.2605593","1032.73","2024-12-20 09:45:00","2024-12-20 18:00:00","40.0","29","Friday","morning","long","cheap","3568237102966752580"
"2024-11-21","2024-12-20","BOD","DUB","Dublin","https://www.kayak.fr/flights/BOD-DUB/2024-12-20?sort=price_a","13:35","20:30","475","136.0","False","BOD","DUB","N/A","N/A","BCN","515.0","Vueling","Ryanair","N/A","44.837789, -0.57918","53.3493795, -6.2605593","1032.73","2024-12-20 13:35:00","2024-12-20 20:30:00","","29","Friday","afternoon","long","standard","2199275238643043005"
"2024-11-21","2024-12-20","BOD","DUB","Dublin","https://www.kayak.fr/flights/BOD-DUB/2024-12-20?sort=price_a","13:35","21:00","505","137.0","False","BOD","DUB","N/A","N/A","N/A","","easyJet","Aer Lingus","N/A","44.837789, -0.57918","53.3493795, -6.2605593","1032.73","2024-12-20 13:35:00","2024-12-20 21:00:00","","29","Friday","afternoon","long","standard","4658395808780947421"
"2024-11-21","2024-12-20","BOD","DUB","Dublin","https://www.kayak.fr/flights/BOD-DUB/2024-12-20?sort=price_a","13:35","20:05","450","165.0","False","BOD","DUB","N/A","N/A","BCN","515.0","Vueling","Ryanair","N/A","44.837789, -0.57918","53.3493795, -6.2605593","1032.73","2024-12-20 13:35:00","2024-12-20 20:05:00","","29","Friday","afternoon","long","high","1939733222822155346"
"2024-11-21","2024-12-20","BOD","DUB","Dublin","https://www.kayak.fr/flights/BOD-DUB/2024-12-20?sort=price_a","10:50","17:45","475","183.0","False","BOD","DUB","N/A","N/A","N/A","","easyJet","Ryanair","N/A","44.837789, -0.57918","53.3493795, -6.2605593","1032.73","2024-12-20 10:50:00","2024-12-20 17:45:00","","29","Friday","morning","long","high","4912411542258642723"
"2024-11-21","2024-12-20","BOD","DUB","Dublin","https://www.kayak.fr/flights/BOD-DUB/2024-12-20?sort=price_a","15:25","16:25","120","191.0","True","BOD","DUB","N/A","N/A","N/A","","Aer Lingus","N/A","N/A","44.837789, -0.57918","53.3493795, -6.2605593","1032.73","2024-12-20 15:25:00","2024-12-20 16:25:00","","29","Friday","afternoon","court","high","1974142665708671255"
"2024-11-21","2024-12-20","BOD","DUB","Dublin","https://www.kayak.fr/flights/BOD-DUB/2024-12-20?sort=price_a","13:00","20:10","490","191.0","False","BOD","DUB","N/A","N/A","BCN","130.0","Vueling","Ryanair","Économique","44.837789, -0.57918","53.3493795, -6.2605593","1032.73","2024-12-20 13:00:00","2024-12-20 20:10:00","360.0","29","Friday","afternoon","long","high","1393461149680787096"
"2024-11-21","2024-12-20","BOD","DUB","Dublin","https://www.kayak.fr/flights/BOD-DUB/2024-12-20?sort=price_a","15:55","21:45","410","196.0","False","BOD","DUB","N/A","N/A","BCN","130.0","Vueling","Ryanair","Économique","44.837789, -0.57918","53.3493795, -6.2605593","1032.73","2024-12-20 15:55:00","2024-12-20 21:45:00","280.0","29","Friday","afternoon","long","high","3359122215603592850"
"2024-11-21","2024-12-20","BOD","DUB","Dublin","https://www.kayak.fr/flights/BOD-DUB/2024-12-20?sort=price_a","17:25","22:15","350","224.0","False","BOD","DUB","N/A","N/A","BCN","130.0","Vueling","Ryanair","Économique","44.837789, -0.57918","53.3493795, -6.2605593","1032.73","2024-12-20 17:25:00","2024-12-20 22:15:00","220.0","29","Friday","evening","moyen","high","5046976595609356547"
"2024-11-21","2024-12-20","BOD","DUB","Dublin","https://www.kayak.fr/flights/BOD-DUB/2024-12-20?sort=price_a","06:15","13:25","490","231.0","False","BOD","DUB","N/A","N/A","BCN","130.0","Vueling","Ryanair","N/A","44.837789, -0.57918","53.3493795, -6.2605593","1032.73","2024-12-20 06:15:00","2024-12-20 13:25:00","360.0","29","Friday","morning","long","high","7577796753190154806"
"2024-11-21","2024-12-20","BOD","DUB","Dublin","https://www.kayak.fr/flights/BOD-DUB/2024-12-20?sort=price_a","15:45","20:10","325","238.0","False","BOD","DUB","N/A","N/A","N/A","","easyJet","Ryanair","N/A","44.837789, -0.57918","53.3493795, -6.2605593","1032.73","2024-12-20 15:45:00","2024-12-20 20:10:00","","29","Friday","afternoon","moyen","high","2266621105987835437"
"2024-11-21","2024-12-20","BOD","DUB","Dublin","https://www.kayak.fr/flights/BOD-DUB/2024-12-20?sort=price_a","06:15","14:05","530","254.0","False","BOD","DUB","N/A","N/A","BCN","130.0","Vueling","Ryanair","N/A","44.837789, -0.57918","53.3493795, -6.2605593","1032.73","2024-12-20 06:15:00","2024-12-20 14:05:00","400.0","29","Friday","morning","long","high","9076877754735782733"
"2024-11-21","2024-12-20","BOD","DUB","Dublin","https://www.kayak.fr/flights/BOD-DUB/2024-12-20?sort=price_a","14:45","18:30","285","260.0","False","BOD","DUB","N/A","N/A","N/A","","easyJet","Ryanair","N/A","44.837789, -0.57918","53.3493795, -6.2605593","1032.73","2024-12-20 14:45:00","2024-12-20 18:30:00","","29","Friday","afternoon","moyen","high","7429355242304989941"
"2024-11-21","2024-12-21","BOD","DUB","Dublin","https://www.kayak.fr/flights/BOD-DUB/2024-12-21?sort=price_a","21:45","11:35+1","890","112.0","False","BOD","DUB","N/A","N/A","BCN","655.0","Vueling","Ryanair","Économique","44.837789, -0.57918","53.3493795, -6.2605593","1032.73","2024-12-21 21:45:00","2024-12-22 11:35:00","235.0","30","Saturday","evening","long","standard","3583169380230217503"
"2024-11-21","2024-12-21","BOD","DUB","Dublin","https://www.kayak.fr/flights/BOD-DUB/2024-12-21?sort=price_a","21:45","17:45+1","1260","112.0","False","BOD","DUB","N/A","N/A","BCN","655.0","Vueling","Ryanair","Économique","44.837789, -0.57918","53.3493795, -6.2605593","1032.73","2024-12-21 21:45:00","2024-12-22 17:45:00","605.0","30","Saturday","evening","long","standard","4400946345337613982"
"2024-11-21","2024-12-21","BOD","DUB","Dublin","https://www.kayak.fr/flights/BOD-DUB/2024-12-21?sort=price_a","21:45","11:55+1","910","123.0","False","BOD","DUB","N/A","N/A","BCN","655.0","Vueling","Ryanair","Économique","44.837789, -0.57918","53.3493795, -6.2605593","1032.73","2024-12-21 21:45:00","2024-12-22 11:55:00","255.0","30","Saturday","evening","long","standard","3127354985583752420"
"2024-11-21","2024-12-21","BOD","DUB","Dublin","https://www.kayak.fr/flights/BOD-DUB/2024-12-21?sort=price_a","08:05","17:55","650","152.0","False","BOD","DUB","N/A","N/A","BCN","655.0","Vueling","Ryanair","N/A","44.837789, -0.57918","53.3493795, -6.2605593","1032.73","2024-12-21 08:05:00","2024-12-21 17:55:00","","30","Saturday","morning","long","standard","5268567646575200527"
"2024-11-21","2024-12-21","BOD","DUB","Dublin","https://www.kayak.fr/flights/BOD-DUB/2024-12-21?sort=price_a","08:05","19:40","755","152.0","False","BOD","DUB","N/A","N/A","N/A","","Vueling","Ryanair","N/A","44.837789, -0.57918","53.3493795, -6.2605593","1032.73","2024-12-21 08:05:00","2024-12-21 19:40:00","","30","Saturday","morning","long","standard","4313742091109340945"
"2024-11-21","2024-12-21","BOD","DUB","Dublin","https://www.kayak.fr/flights/BOD-DUB/2024-12-21?sort=price_a","08:05","21:20","855","152.0","False","BOD","DUB","N/A","N/A","BCN","655.0","Vueling","Ryanair","N/A","44.837789, -0.57918","53.3493795, -6.2605593","1032.73","2024-12-21 08:05:00","2024-12-21 21:20:00","200.0","30","Saturday","morning","long","standard","2490773354148934513"
"2024-11-21","2024-12-21","BOD","DUB","Dublin","https://www.kayak.fr/flights/BOD-DUB/2024-12-21?sort=price_a","21:45","13:20+1","995","154.0","False","BOD","DUB","N/A","N/A","N/A","","Vueling","Aer Lingus","N/A","44.837789, -0.57918","53.3493795, -6.2605593","1032.73","2024-12-21 21:45:00","2024-12-22 13:20:00","","30","Saturday","evening","long","standard","451138242784599157"
"2024-11-21","2024-12-21","BOD","DUB","Dublin","https://www.kayak.fr/flights/BOD-DUB/2024-12-21?sort=price_a","18:30","11:10+1","1060","174.0","False","BOD","DUB","N/A","N/A","N/A","","Volotea","Ryanair","N/A","44.837789, -0.57918","53.3493795, -6.2605593","1032.73","2024-12-21 18:30:00","2024-12-22 11:10:00","","30","Saturday","evening","long","high","2139488270874513114"
"2024-11-21","2024-12-21","BOD","DUB","Dublin","https://www.kayak.fr/flights/BOD-DUB/2024-12-21?sort=price_a","21:45","10:35+1","830","176.0","False","BOD","DUB","N/A","N/A","BCN","1025.0","Vueling","Ryanair","Économique","44.837789, -0.57918","53.3493795, -6.2605593","1032.73","2024-12-21 21:45:00","2024-12-22 10:35:00","","30","Saturday","evening","long","high","683106866011777815"
"2024-11-21","2024-12-21","BOD","DUB","Dublin","https://www.kayak.fr/flights/BOD-DUB/2024-12-21?sort=price_a","08:50","23:55","965","187.0","False","BOD","DUB","N/A","N/A","BCN","1025.0","Vueling","Ryanair","Économique","44.837789, -0.57918","53.3493795, -6.2605593","1032.73","2024-12-21 08:50:00","2024-12-21 23:55:00","","30","Saturday","morning","long","high","2876868939662778314"
"2024-11-21","2024-12-21","BOD","DUB","Dublin","https://www.kayak.fr/flights/BOD-DUB/2024-12-21?sort=price_a","08:50","22:25","875","191.0","False","BOD","DUB","N/A","N/A","BCN","1025.0","Vueling","Ryanair","Économique","44.837789, -0.57918","53.3493795, -6.2605593","1032.73","2024-12-21 08:50:00","2024-12-21 22:25:00","","30","Saturday","morning","long","high","2594458236383410996"
"2024-11-21","2024-12-21","BOD","DUB","Dublin","https://www.kayak.fr/flights/BOD-DUB/2024-12-21?sort=price_a","16:55","00:25+1","510","200.0","False","BOD","DUB","N/A","N/A","BCN","1025.0","Vueling","Ryanair","N/A","44.837789, -0.57918","53.3493795, -6.2605593","1032.73","2024-12-21 16:55:00","2024-12-22 00:25:00","","30","Saturday","afternoon","long","high","822557195131209192"
"2024-11-21","2024-12-21","BOD","DUB","Dublin","https://www.kayak.fr/flights/BOD-DUB/2024-12-21?sort=price_a","08:05","12:55","350","203.0","False","BOD","DUB","N/A","N/A","N/A","","Vueling","N/A","N/A","44.837789, -0.57918","53.3493795, -6.2605593","1032.73","2024-12-21 08:05:00","2024-12-21 12:55:00","","30","Saturday","morning","moyen","high","3502753305189094055"
"2024-11-21","2024-12-21","BOD","DUB","Dublin","https://www.kayak.fr/flights/BOD-DUB/2024-12-21?sort=price_a","08:50","17:15","565","204.0","False","BOD","DUB","N/A","N/A","BCN","1025.0","Vueling","Ryanair","N/A","44.837789, -0.57918","53.3493795, -6.2605593","1032.73","2024-12-21 08:50:00","2024-12-21 17:15:00","","30","Saturday","morning","long","high","530928129308556738"
"2024-11-21","2024-12-21","BOD","DUB","Dublin","https://www.kayak.fr/flights/BOD-DUB/2024-12-21?sort=price_a","08:50","18:00","610","204.0","False","BOD","DUB","N/A","N/A","N/A","","easyJet","Jet2","N/A","44.837789, -0.57918","53.3493795, -6.2605593","1032.73","2024-12-21 08:50:00","2024-12-21 18:00:00","","30","Saturday","morning","long","high","6019626247621147338"
"2024-11-21","2024-12-22","BOD","DUB","Dublin","https://www.kayak.fr/flights/BOD-DUB/2024-12-22?sort=price_a","13:45","19:50","425","144.0","False","BOD","DUB","N/A","N/A","BCN","185.0","Vueling","Ryanair","Économique","44.837789, -0.57918","53.3493795, -6.2605593","1032.73","2024-12-22 13:45:00","2024-12-22 19:50:00","240.0","31","Sunday","afternoon","long","standard","1839548780837232318"
"2024-11-21","2024-12-22","BOD","DUB","Dublin","https://www.kayak.fr/flights/BOD-DUB/2024-12-22?sort=price_a","13:45","23:50","665","144.0","False","BOD","DUB","N/A","N/A","BCN","185.0","Vueling","Ryanair","Économique","44.837789, -0.57918","53.3493795, -6.2605593","1032.73","2024-12-22 13:45:00","2024-12-22 23:50:00","480.0","31","Sunday","afternoon","long","standard","3069716962591799176"
"2024-11-21","2024-12-22","BOD","DUB","Dublin","https://www.kayak.fr/flights/BOD-DUB/2024-12-22?sort=price_a","17:50","23:50","420","161.0","False","BOD","DUB","N/A","N/A","BCN","185.0","Vueling","Ryanair","Économique","44.837789, -0.57918","53.3493795, -6.2605593","1032.73","2024-12-22 17:50:00","2024-12-22 23:50:00","235.0","31","Sunday","evening","long","high","6958891541344372242"
"2024-11-21","2024-12-22","BOD","DUB","Dublin","https://www.kayak.fr/flights/BOD-DUB/2024-12-22?sort=price_a","15:35","21:00","385","170.0","False","BOD","DUB","N/A","N/A","BCN","185.0","Vueling","Ryanair","N/A","44.837789, -0.57918","53.3493795, -6.2605593","1032.73","2024-12-22 15:35:00","2024-12-22 21:00:00","200.0","31","Sunday","afternoon","long","high","1439349679796109618"
"2024-11-21","2024-12-22","BOD","DUB","Dublin","https://www.kayak.fr/flights/BOD-DUB/2024-12-22?sort=price_a","17:50","22:55","365","192.0","False","BOD","DUB","N/A","N/A","N/A","","Vueling","Aer Lingus","N/A","44.837789, -0.57918","53.3493795, -6.2605593","1032.73","2024-12-22 17:50:00","2024-12-22 22:55:00","","31","Sunday","evening","long","high","1932268857669397476"
"2024-11-21","2024-12-22","BOD","DUB","Dublin","https://www.kayak.fr/flights/BOD-DUB/2024-12-22?sort=price_a","17:50","23:30","400","208.0","False","BOD","DUB","N/A","N/A","BCN","185.0","Vueling","Ryanair","N/A","44.837789, -0.57918","53.3493795, -6.2605593","1032.73","2024-12-22 17:50:00","2024-12-22 23:30:00","215.0","31","Sunday","evening","long","high","4010633648699698652"
"2024-11-21","2024-12-22","BOD","DUB","Dublin","https://www.kayak.fr/flights/BOD-DUB/2024-12-22?sort=price_a","14:20","21:00","460","220.0","False","BOD","DUB","N/A","N/A","N/A","","easyJet","Ryanair","N/A","44.837789, -0.57918","53.3493795, -6.2605593","1032.73","2024-12-22 14:20:00","2024-12-22 21:00:00","","31","Sunday","afternoon","long","high","4262986045893453442"
"2024-11-21","2024-12-22","BOD","DUB","Dublin","https://www.kayak.fr/flights/BOD-DUB/2024-12-22?sort=price_a","07:10","15:25","555","223.0","False","BOD","DUB","N/A","N/A","N/A","","easyJet","Aer Lingus","N/A","44.837789, -0.57918","53.3493795, -6.2605593","1032.73","2024-12-22 07:10:00","2024-12-22 15:25:00","","31","Sunday","morning","long","high","7153960113546567578"
"2024-11-21","2024-12-22","BOD","DUB","Dublin","https://www.kayak.fr/flights/BOD-DUB/2024-12-22?sort=price_a","18:35","22:35","300","267.0","False","BOD","DUB","N/A","N/A","BCN","425.0","Vueling","Ryanair","Économique","44.837789, -0.57918","53.3493795, -6.2605593","1032.73","2024-12-22 18:35:00","2024-12-22 22:35:00","","31","Sunday","evening","moyen","high","6381402829734335101"
"2024-11-21","2024-12-22","BOD","DUB","Dublin","https://www.kayak.fr/flights/BOD-DUB/2024-12-22?sort=price_a","18:15","22:55","340","273.0","False","BOD","DUB","N/A","N/A","BCN","425.0","Vueling","Ryanair","Économique","44.837789, -0.57918","53.3493795, -6.2605593","1032.73","2024-12-22 18:15:00","2024-12-22 22:55:00","","31","Sunday","evening","moyen","high","5289957824898404173"
"2024-11-21","2024-12-22","BOD","DUB","Dublin","https://www.kayak.fr/flights/BOD-DUB/2024-12-22?sort=price_a","16:45","22:25","400","274.0","False","BOD","DUB","N/A","N/A","BCN","425.0","Vueling","Ryanair","Économique","44.837789, -0.57918","53.3493795, -6.2605593","1032.73","2024-12-22 16:45:00","2024-12-22 22:25:00","","31","Sunday","afternoon","long","high","1666776473145368607"
"2024-11-21","2024-12-22","BOD","DUB","Dublin","https://www.kayak.fr/flights/BOD-DUB/2024-12-22?sort=price_a","15:25","16:25","120","277.0","True","BOD","DUB","N/A","N/A","N/A","","Vueling","Ryanair","N/A","44.837789, -0.57918","53.3493795, -6.2605593","1032.73","2024-12-22 15:25:00","2024-12-22 16:25:00","","31","Sunday","afternoon","court","high","8931525339826409910"
"2024-11-21","2024-12-22","BOD","DUB","Dublin","https://www.kayak.fr/flights/BOD-DUB/2024-12-22?sort=price_a","08:10","15:00","470","278.0","False","BOD","DUB","N/A","N/A","N/A","","easyJet","Ryanair","N/A","44.837789, -0.57918","53.3493795, -6.2605593","1032.73","2024-12-22 08:10:00","2024-12-22 15:00:00","","31","Sunday","morning","long","high","6989939913856695865"
"2024-11-21","2024-12-22","BOD","DUB","Dublin","https://www.kayak.fr/flights/BOD-DUB/2024-12-22?sort=price_a","09:05","15:00","415","304.0","False","BOD","DUB","N/A","N/A","BCN","425.0","Vueling","Ryanair","N/A","44.837789, -0.57918","53.3493795, -6.2605593","1032.73","2024-12-22 09:05:00","2024-12-22 15:00:00","","31","Sunday","morning","long","high","4920275327299384932"
"2024-11-21","2024-12-22","BOD","DUB","Dublin","https://www.kayak.fr/flights/BOD-DUB/2024-12-22?sort=price_a","11:10","15:30","320","309.0","False","BOD","DUB","N/A","N/A","N/A","","easyJet","Aer Lingus","N/A","44.837789, -0.57918","53.3493795, -6.2605593","1032.73","2024-12-22 11:10:00","2024-12-22 15:30:00","","31","Sunday","morning","moyen","high","4396402326699880054"
"2024-11-21","2024-12-23","BOD","DUB","Dublin","https://www.kayak.fr/flights/BOD-DUB/2024-12-23?sort=price_a","20:55","08:05+1","730","98.0","False","BOD","DUB","N/A","N/A","CDG","535.0","Air France","N/A","Light","44.837789, -0.57918","53.3493795, -6.2605593","1032.73","2024-12-23 20:55:00","2024-12-24 08:05:00","195.0","32","Monday","evening","long","cheap","3694923568196077995"
"2024-11-21","2024-12-23","BOD","DUB","Dublin","https://www.kayak.fr/flights/BOD-DUB/2024-12-23?sort=price_a","15:50","23:05","495","127.0","False","BOD","DUB","N/A","N/A","CDG","535.0","Air France","N/A","Light","44.837789, -0.57918","53.3493795, -6.2605593","1032.73","2024-12-23 15:50:00","2024-12-23 23:05:00","","32","Monday","afternoon","long","standard","3264079111643227803"
"2024-11-21","2024-12-23","BOD","DUB","Dublin","https://www.kayak.fr/flights/BOD-DUB/2024-12-23?sort=price_a","15:50","20:25","335","132.0","False","BOD","DUB","N/A","N/A","CDG","535.0","Air France","N/A","Light","44.837789, -0.57918","53.3493795, -6.2605593","1032.73","2024-12-23 15:50:00","2024-12-23 20:25:00","","32","Monday","afternoon","moyen","standard","6259707059543597779"
"2024-11-21","2024-12-23","BOD","DUB","Dublin","https://www.kayak.fr/flights/BOD-DUB/2024-12-23?sort=price_a","13:55","21:30","515","136.0","False","BOD","DUB","N/A","N/A","CDG","535.0","Air France","N/A","N/A","44.837789, -0.57918","53.3493795, -6.2605593","1032.73","2024-12-23 13:55:00","2024-12-23 21:30:00","","32","Monday","afternoon","long","standard","1771694775976209926"
"2024-11-21","2024-12-23","BOD","DUB","Dublin","https://www.kayak.fr/flights/BOD-DUB/2024-12-23?sort=price_a","09:55","17:45","530","136.0","False","BOD","DUB","N/A","N/A","N/A","","Vueling","Ryanair","N/A","44.837789, -0.57918","53.3493795, -6.2605593","1032.73","2024-12-23 09:55:00","2024-12-23 17:45:00","","32","Monday","morning","long","standard","2091427694085948210"
"2024-11-21","2024-12-23","BOD","DUB","Dublin","https://www.kayak.fr/flights/BOD-DUB/2024-12-23?sort=price_a","10:40","15:40","360","142.0","False","BOD","DUB","N/A","N/A","CDG","535.0","Air France","N/A","N/A","44.837789, -0.57918","53.3493795, -6.2605593","1032.73","2024-12-23 10:40:00","2024-12-23 15:40:00","","32","Monday","morning","moyen","standard","3307643428160484882"
"2024-11-21","2024-12-23","BOD","DUB","Dublin","https://www.kayak.fr/flights/BOD-DUB/2024-12-23?sort=price_a","17:55","23:05","370","160.0","False","BOD","DUB","N/A","N/A","N/A","","Iberia","Aer Lingus","N/A","44.837789, -0.57918","53.3493795, -6.2605593","1032.73","2024-12-23 17:55:00","2024-12-23 23:05:00","","32","Monday","evening","long","high","6585369149048613597"
"2024-11-21","2024-12-23","BOD","DUB","Dublin","https://www.kayak.fr/flights/BOD-DUB/2024-12-23?sort=price_a","15:15","23:20","545","180.0","False","BOD","DUB","N/A","N/A","N/A","","easyJet","Ryanair","N/A","44.837789, -0.57918","53.3493795, -6.2605593","1032.73","2024-12-23 15:15:00","2024-12-23 23:20:00","","32","Monday","afternoon","long","high","3872111063197686612"
"2024-11-21","2024-12-23","BOD","DUB","Dublin","https://www.kayak.fr/flights/BOD-DUB/2024-12-23?sort=price_a","09:05","14:00","355","193.0","False","BOD","DUB","N/A","N/A","MAD","250.0","Volotea","Aer Lingus","Économique","44.837789, -0.57918","53.3493795, -6.2605593","1032.73","2024-12-23 09:05:00","2024-12-23 14:00:00","105.0","32","Monday","morning","moyen","high","4683926698054562099"
"2024-11-21","2024-12-23","BOD","DUB","Dublin","https://www.kayak.fr/flights/BOD-DUB/2024-12-23?sort=price_a","09:55","18:05","550","201.0","False","BOD","DUB","N/A","N/A","MAD","250.0","Volotea","Aer Lingus","Économique","44.837789, -0.57918","53.3493795, -6.2605593","1032.73","2024-12-23 09:55:00","2024-12-23 18:05:00","300.0","32","Monday","morning","long","high","8460801582199205611"
"2024-11-21","2024-12-23","BOD","DUB","Dublin","https://www.kayak.fr/flights/BOD-DUB/2024-12-23?sort=price_a","18:35","22:35","300","208.0","False","BOD","DUB","N/A","N/A","MAD","250.0","Volotea","Aer Lingus","Économique","44.837789, -0.57918","53.3493795, -6.2605593","1032.73","2024-12-23 18:35:00","2024-12-23 22:35:00","50.0","32","Monday","evening","moyen","high","6294467867949479788"
"2024-11-21","2024-12-23","BOD","DUB","Dublin","https://www.kayak.fr/flights/BOD-DUB/2024-12-23?sort=price_a","13:55","20:10","435","210.0","False","BOD","DUB","N/A","N/A","MAD","250.0","Volotea","Aer Lingus","N/A","44.837789, -0.57918","53.3493795, -6.2605593","1032.73","2024-12-23 13:55:00","2024-12-23 20:10:00","185.0","32","Monday","afternoon","long","high","9192642743253962079"
"2024-11-21","2024-12-23","BOD","DUB","Dublin","https://www.kayak.fr/flights/BOD-DUB/2024-12-23?sort=price_a","16:35","00:50+1","555","219.0","False","BOD","DUB","N/A","N/A","N/A","","easyJet","TAP AIR PORTUGAL","N/A","44.837789, -0.57918","53.3493795, -6.2605593","1032.73","2024-12-23 16:35:00","2024-12-24 00:50:00","","32","Monday","afternoon","long","high","5158529999827955441"
"2024-11-21","2024-12-23","BOD","DUB","Dublin","https://www.kayak.fr/flights/BOD-DUB/2024-12-23?sort=price_a","18:10","21:45","275","244.0","False","BOD","DUB","N/A","N/A","MAD","250.0","Volotea","Aer Lingus","N/A","44.837789, -0.57918","53.3493795, -6.2605593","1032.73","2024-12-23 18:10:00","2024-12-23 21:45:00","25.0","32","Monday","evening","moyen","high","2961252787992773754"
"2024-11-21","2024-12-23","BOD","DUB","Dublin","https://www.kayak.fr/flights/BOD-DUB/2024-12-23?sort=price_a","06:00","12:50","470","245.0","False","BOD","DUB","N/A","N/A","N/A","","Volotea","Ryanair","N/A","44.837789, -0.57918","53.3493795, -6.2605593","1032.73","2024-12-23 06:00:00","2024-12-23 12:50:00","","32","Monday","morning","long","high","4368034741149050480"
"2024-11-21","2024-12-24","BOD","DUB","Dublin","https://www.kayak.fr/flights/BOD-DUB/2024-12-24?sort=price_a","09:35","13:55","320","134.0","False","BOD","DUB","N/A","N/A","BCN","80.0","Vueling","N/A","Économique","44.837789, -0.57918","53.3493795, -6.2605593","1032.73","2024-12-24 09:35:00","2024-12-24 13:55:00","240.0","33","Tuesday","morning","moyen","standard","7196937436598957213"
"2024-11-21","2024-12-24","BOD","DUB","Dublin","https://www.kayak.fr/flights/BOD-DUB/2024-12-24?sort=price_a","06:00","13:55","535","137.0","False","BOD","DUB","N/A","N/A","BCN","80.0","Vueling","N/A","Économique","44.837789, -0.57918","53.3493795, -6.2605593","1032.73","2024-12-24 06:00:00","2024-12-24 13:55:00","455.0","33","Tuesday","morning","long","standard","4437618431942627624"
"2024-11-21","2024-12-24","BOD","DUB","Dublin","https://www.kayak.fr/flights/BOD-DUB/2024-12-24?sort=price_a","06:00","13:10","490","145.0","False","BOD","DUB","N/A","N/A","BCN","80.0","Vueling","N/A","Économique","44.837789, -0.57918","53.3493795, -6.2605593","1032.73","2024-12-24 06:00:00","2024-12-24 13:10:00","410.0","33","Tuesday","morning","long","standard","777371555569521194"
"2024-11-21","2024-12-24","BOD","DUB","Dublin","https://www.kayak.fr/flights/BOD-DUB/2024-12-24?sort=price_a","09:35","21:00","745","182.0","False","BOD","DUB","N/A","N/A","BCN","80.0","Vueling","N/A","N/A","44.837789, -0.57918","53.3493795, -6.2605593","1032.73","2024-12-24 09:35:00","2024-12-24 21:00:00","665.0","33","Tuesday","morning","long","high","5658113591968038503"
"2024-11-21","2024-12-24","BOD","DUB","Dublin","https://www.kayak.fr/flights/BOD-DUB/2024-12-24?sort=price_a","09:25","21:00","755","198.0","False","BOD","DUB","N/A","N/A","N/A","","easyJet","Aer Lingus","N/A","44.837789, -0.57918","53.3493795, -6.2605593","1032.73","2024-12-24 09:25:00","2024-12-24 21:00:00","","33","Tuesday","morning","long","high","7135951892255055490"
"2024-11-21","2024-12-24","BOD","DUB","Dublin","https://www.kayak.fr/flights/BOD-DUB/2024-12-24?sort=price_a","14:50","23:45","595","205.0","False","BOD","DUB","N/A","N/A","BCN","80.0","Vueling","N/A","N/A","44.837789, -0.57918","53.3493795, -6.2605593","1032.73","2024-12-24 14:50:00","2024-12-24 23:45:00","515.0","33","Tuesday","afternoon","long","high","3936506699596709692"
"2024-11-21","2024-12-24","BOD","DUB","Dublin","https://www.kayak.fr/flights/BOD-DUB/2024-12-24?sort=price_a","09:35","18:15","580","207.0","False","BOD","DUB","N/A","N/A","N/A","","Vueling","TAP AIR PORTUGAL","N/A","44.837789, -0.57918","53.3493795, -6.2605593","1032.73","2024-12-24 09:35:00","2024-12-24 18:15:00","","33","Tuesday","morning","long","high","2749550339326892473"
"2024-11-21","2024-12-24","BOD","DUB","Dublin","https://www.kayak.fr/flights/BOD-DUB/2024-12-24?sort=price_a","09:35","20:05","690","207.0","False","BOD","DUB","N/A","N/A","N/A","","Vueling","Aer Lingus","N/A","44.837789, -0.57918","53.3493795, -6.2605593","1032.73","2024-12-24 09:35:00","2024-12-24 20:05:00","","33","Tuesday","morning","long","high","5886927583831101880"
"2024-11-21","2024-12-24","BOD","DUB","Dublin","https://www.kayak.fr/flights/BOD-DUB/2024-12-24?sort=price_a","09:25","21:00","755","210.0","False","BOD","DUB","N/A","N/A","FCO","210.0","Volotea","Aer Lingus","Économique","44.837789, -0.57918","53.3493795, -6.2605593","1032.73","2024-12-24 09:25:00","2024-12-24 21:00:00","545.0","33","Tuesday","morning","long","high","6740114957464115747"
"2024-11-21","2024-12-24","BOD","DUB","Dublin","https://www.kayak.fr/flights/BOD-DUB/2024-12-24?sort=price_a","07:25","11:00","275","212.0","False","BOD","DUB","N/A","N/A","FCO","210.0","Volotea","Aer Lingus","Économique","44.837789, -0.57918","53.3493795, -6.2605593","1032.73","2024-12-24 07:25:00","2024-12-24 11:00:00","65.0","33","Tuesday","morning","moyen","high","5416897307563075018"
"2024-11-21","2024-12-24","BOD","DUB","Dublin","https://www.kayak.fr/flights/BOD-DUB/2024-12-24?sort=price_a","09:35","18:15","580","212.0","False","BOD","DUB","N/A","N/A","FCO","210.0","Volotea","Aer Lingus","Économique","44.837789, -0.57918","53.3493795, -6.2605593","1032.73","2024-12-24 09:35:00","2024-12-24 18:15:00","370.0","33","Tuesday","morning","long","high","5701559489198611305"
"2024-11-21","2024-12-24","BOD","DUB","Dublin","https://www.kayak.fr/flights/BOD-DUB/2024-12-24?sort=price_a","09:05","16:10","485","213.0","False","BOD","DUB","N/A","N/A","FCO","210.0","Volotea","Aer Lingus","N/A","44.837789, -0.57918","53.3493795, -6.2605593","1032.73","2024-12-24 09:05:00","2024-12-24 16:10:00","275.0","33","Tuesday","morning","long","high","5966655937428548573"
"2024-11-21","2024-12-24","BOD","DUB","Dublin","https://www.kayak.fr/flights/BOD-DUB/2024-12-24?sort=price_a","09:35","17:35","540","213.0","False","BOD","DUB","N/A","N/A","N/A","","Vueling","Ryanair","N/A","44.837789, -0.57918","53.3493795, -6.2605593","1032.73","2024-12-24 09:35:00","2024-12-24 17:35:00","","33","Tuesday","morning","long","high","1077833733141906911"
"2024-11-21","2024-12-24","BOD","DUB","Dublin","https://www.kayak.fr/flights/BOD-DUB/2024-12-24?sort=price_a","11:40","20:35","595","216.0","False","BOD","DUB","N/A","N/A","FCO","210.0","Volotea","Aer Lingus","N/A","44.837789, -0.57918","53.3493795, -6.2605593","1032.73","2024-12-24 11:40:00","2024-12-24 20:35:00","385.0","33","Tuesday","morning","long","high","5584390503909585134"
"2024-11-21","2024-12-24","BOD","DUB","Dublin","https://www.kayak.fr/flights/BOD-DUB/2024-12-24?sort=price_a","06:00","17:50","770","217.0","False","BOD","DUB","N/A","N/A","N/A","","Volotea","SWISS","N/A","44.837789, -0.57918","53.3493795, -6.2605593","1032.73","2024-12-24 06:00:00","2024-12-24 17:50:00","","33","Tuesday","morning","long","high","2108760499724096656"
"2024-11-21","2024-12-25","BOD","DUB","Dublin","https://www.kayak.fr/flights/BOD-DUB/2024-12-25?sort=price_a","06:00","08:05+1","1625","163.0","False","BOD","DUB","N/A","N/A","AMS","1420.0","KLM","N/A","Light","44.837789, -0.57918","53.3493795, -6.2605593","1032.73","2024-12-25 06:00:00","2024-12-26 08:05:00","205.0","34","Wednesday","morning","long","high","4689101610167446599"
"2024-11-21","2024-12-25","BOD","DUB","Dublin","https://www.kayak.fr/flights/BOD-DUB/2024-12-25?sort=price_a","15:55","08:05+1","1030","219.0","False","BOD","DUB","N/A","N/A","AMS","1420.0","KLM","N/A","Light","44.837789, -0.57918","53.3493795, -6.2605593","1032.73","2024-12-25 15:55:00","2024-12-26 08:05:00","","34","Wednesday","afternoon","long","high","1972954579834562602"
"2024-11-21","2024-12-25","BOD","DUB","Dublin","https://www.kayak.fr/flights/BOD-DUB/2024-12-25?sort=price_a","14:05","07:55+1","1130","255.0","False","BOD","DUB","N/A","N/A","AMS","1420.0","KLM","N/A","Light","44.837789, -0.57918","53.3493795, -6.2605593","1032.73","2024-12-25 14:05:00","2024-12-26 07:55:00","","34","Wednesday","afternoon","long","high","6815250676938076830"
"2024-11-21","2024-12-25","BOD","DUB","Dublin","https://www.kayak.fr/flights/BOD-DUB/2024-12-25?sort=price_a","14:05","07:55+1","1130","256.0","False","BOD","DUB","N/A","N/A","AMS","1420.0","KLM","N/A","N/A","44.837789, -0.57918","53.3493795, -6.2605593","1032.73","2024-12-25 14:05:00","2024-12-26 07:55:00","","34","Wednesday","afternoon","long","high","6815250676938076830"
"2024-11-21","2024-12-25","BOD","DUB","Dublin","https://www.kayak.fr/flights/BOD-DUB/2024-12-25?sort=price_a","20:10","08:05+1","775","270.0","False","BOD","DUB","N/A","N/A","N/A","","Air France","N/A","N/A","44.837789, -0.57918","53.3493795, -6.2605593","1032.73","2024-12-25 20:10:00","2024-12-26 08:05:00","","34","Wednesday","evening","long","high","2172017569196226828"
"2024-11-21","2024-12-25","BOD","DUB","Dublin","https://www.kayak.fr/flights/BOD-DUB/2024-12-25?sort=price_a","18:00","08:05+1","905","273.0","False","BOD","DUB","N/A","N/A","AMS","1420.0","KLM","N/A","N/A","44.837789, -0.57918","53.3493795, -6.2605593","1032.73","2024-12-25 18:00:00","2024-12-26 08:05:00","","34","Wednesday","evening","long","high","3844669919228981420"
"2024-11-21","2024-12-25","BOD","DUB","Dublin","https://www.kayak.fr/flights/BOD-DUB/2024-12-25?sort=price_a","11:15","08:05+1","1310","279.0","False","BOD","DUB","N/A","N/A","N/A","","easyJet","KLM","N/A","44.837789, -0.57918","53.3493795, -6.2605593","1032.73","2024-12-25 11:15:00","2024-12-26 08:05:00","","34","Wednesday","morning","long","high","2628016404984044904"
"2024-11-21","2024-12-25","BOD","DUB","Dublin","https://www.kayak.fr/flights/BOD-DUB/2024-12-25?sort=price_a","15:25","10:25+1","1200","280.0","False","BOD","DUB","N/A","N/A","N/A","","Volotea","Scandinavian Airlines","N/A","44.837789, -0.57918","53.3493795, -6.2605593","1032.73","2024-12-25 15:25:00","2024-12-26 10:25:00","","34","Wednesday","afternoon","long","high","3471332534821646585"
"2024-11-21","2024-12-25","BOD","DUB","Dublin","https://www.kayak.fr/flights/BOD-DUB/2024-12-25?sort=price_a","18:35","09:20+1","945","283.0","False","BOD","DUB","N/A","N/A","CDG","190.0","Air France","KLM","Light","44.837789, -0.57918","53.3493795, -6.2605593","1032.73","2024-12-25 18:35:00","2024-12-26 09:20:00","755.0","34","Wednesday","evening","long","high","2769883142165756071"
"2024-11-21","2024-12-25","BOD","DUB","Dublin","https://www.kayak.fr/flights/BOD-DUB/2024-12-25?sort=price_a","15:55","09:20+1","1105","283.0","False","BOD","DUB","N/A","N/A","CDG","190.0","Air France","KLM","Light","44.837789, -0.57918","53.3493795, -6.2605593","1032.73","2024-12-25 15:55:00","2024-12-26 09:20:00","915.0","34","Wednesday","afternoon","long","high","3734046566106658043"
"2024-11-21","2024-12-25","BOD","DUB","Dublin","https://www.kayak.fr/flights/BOD-DUB/2024-12-25?sort=price_a","15:55","08:05+1","1030","288.0","False","BOD","DUB","N/A","N/A","CDG","190.0","Air France","KLM","Light","44.837789, -0.57918","53.3493795, -6.2605593","1032.73","2024-12-25 15:55:00","2024-12-26 08:05:00","840.0","34","Wednesday","afternoon","long","high","508047552040721856"
"2024-11-21","2024-12-25","BOD","DUB","Dublin","https://www.kayak.fr/flights/BOD-DUB/2024-12-25?sort=price_a","14:05","07:55+1","1130","288.0","False","BOD","DUB","N/A","N/A","CDG","190.0","Air France","KLM","N/A","44.837789, -0.57918","53.3493795, -6.2605593","1032.73","2024-12-25 14:05:00","2024-12-26 07:55:00","940.0","34","Wednesday","afternoon","long","high","5248088196157969097"
"2024-11-21","2024-12-25","BOD","DUB","Dublin","https://www.kayak.fr/flights/BOD-DUB/2024-12-25?sort=price_a","14:05","07:55+1","1130","290.0","False","BOD","DUB","N/A","N/A","N/A","","easyJet","TAP AIR PORTUGAL","N/A","44.837789, -0.57918","53.3493795, -6.2605593","1032.73","2024-12-25 14:05:00","2024-12-26 07:55:00","","34","Wednesday","afternoon","long","high","409437357386321884"
"2024-11-21","2024-12-25","BOD","DUB","Dublin","https://www.kayak.fr/flights/BOD-DUB/2024-12-25?sort=price_a","15:55","08:05+1","1030","300.0","False","BOD","DUB","N/A","N/A","CDG","190.0","Air France","KLM","N/A","44.837789, -0.57918","53.3493795, -6.2605593","1032.73","2024-12-25 15:55:00","2024-12-26 08:05:00","840.0","34","Wednesday","afternoon","long","high","508047552040721856"
"2024-11-21","2024-12-25","BOD","DUB","Dublin","https://www.kayak.fr/flights/BOD-DUB/2024-12-25?sort=price_a","17:55","10:15+1","1040","303.0","False","BOD","DUB","N/A","N/A","N/A","","Iberia","N/A","N/A","44.837789, -0.57918","53.3493795, -6.2605593","1032.73","2024-12-25 17:55:00","2024-12-26 10:15:00","","34","Wednesday","evening","long","high","4856585316216065917"
"2024-11-21","2024-12-26","BOD","DUB","Dublin","https://www.kayak.fr/flights/BOD-DUB/2024-12-26?sort=price_a","21:40","14:55+1","1095","185.0","False","BOD","DUB","N/A","N/A","BCN","860.0","Vueling","Ryanair","Économique","44.837789, -0.57918","53.3493795, -6.2605593","1032.73","2024-12-26 21:40:00","2024-12-27 14:55:00","235.0","35","Thursday","evening","long","high","5327073238681673574"
"2024-11-21","2024-12-26","BOD","DUB","Dublin","https://www.kayak.fr/flights/BOD-DUB/2024-12-26?sort=price_a","13:35","20:15","460","246.0","False","BOD","DUB","N/A","N/A","BCN","860.0","Vueling","Ryanair","Économique","44.837789, -0.57918","53.3493795, -6.2605593","1032.73","2024-12-26 13:35:00","2024-12-26 20:15:00","","35","Thursday","afternoon","long","high","8385489525413147052"
"2024-11-21","2024-12-26","BOD","DUB","Dublin","https://www.kayak.fr/flights/BOD-DUB/2024-12-26?sort=price_a","15:25","16:25","120","253.0","True","BOD","DUB","N/A","N/A","N/A","","Vueling","Ryanair","Économique","44.837789, -0.57918","53.3493795, -6.2605593","1032.73","2024-12-26 15:25:00","2024-12-26 16:25:00","","35","Thursday","afternoon","court","high","2802645255539129488"
"2024-11-21","2024-12-26","BOD","DUB","Dublin","https://www.kayak.fr/flights/BOD-DUB/2024-12-26?sort=price_a","17:55","22:10","315","279.0","False","BOD","DUB","N/A","N/A","BCN","860.0","Vueling","Ryanair","N/A","44.837789, -0.57918","53.3493795, -6.2605593","1032.73","2024-12-26 17:55:00","2024-12-26 22:10:00","","35","Thursday","evening","moyen","high","1336061421282816870"
"2024-11-21","2024-12-26","BOD","DUB","Dublin","https://www.kayak.fr/flights/BOD-DUB/2024-12-26?sort=price_a","09:05","14:30","385","301.0","False","BOD","DUB","N/A","N/A","N/A","","Iberia","Ryanair","N/A","44.837789, -0.57918","53.3493795, -6.2605593","1032.73","2024-12-26 09:05:00","2024-12-26 14:30:00","","35","Thursday","morning","long","high","2309262519609100332"
"2024-11-21","2024-12-26","BOD","DUB","Dublin","https://www.kayak.fr/flights/BOD-DUB/2024-12-26?sort=price_a","09:25","17:20","535","335.0","False","BOD","DUB","N/A","N/A","BCN","860.0","Vueling","Ryanair","N/A","44.837789, -0.57918","53.3493795, -6.2605593","1032.73","2024-12-26 09:25:00","2024-12-26 17:20:00","","35","Thursday","morning","long","high","4235804188962566232"
"2024-11-21","2024-12-26","BOD","DUB","Dublin","https://www.kayak.fr/flights/BOD-DUB/2024-12-26?sort=price_a","09:25","15:25","420","338.0","False","BOD","DUB","N/A","N/A","N/A","","easyJet","Ryanair","N/A","44.837789, -0.57918","53.3493795, -6.2605593","1032.73","2024-12-26 09:25:00","2024-12-26 15:25:00","","35","Thursday","morning","long","high","7696523689223151895"
"2024-11-21","2024-12-26","BOD","DUB","Dublin","https://www.kayak.fr/flights/BOD-DUB/2024-12-26?sort=price_a","15:30","23:00","510","350.0","False","BOD","DUB","N/A","N/A","N/A","","easyJet","Ryanair","N/A","44.837789, -0.57918","53.3493795, -6.2605593","1032.73","2024-12-26 15:30:00","2024-12-26 23:00:00","","35","Thursday","afternoon","long","high","1102400921398503510"
"2024-11-21","2024-12-26","BOD","DUB","Dublin","https://www.kayak.fr/flights/BOD-DUB/2024-12-26?sort=price_a","13:50","22:05","555","352.0","False","BOD","DUB","N/A","N/A","BCN","220.0","Vueling","Ryanair","Économique","44.837789, -0.57918","53.3493795, -6.2605593","1032.73","2024-12-26 13:50:00","2024-12-26 22:05:00","335.0","35","Thursday","afternoon","long","high","5377216301874600268"
"2024-11-21","2024-12-26","BOD","DUB","Dublin","https://www.kayak.fr/flights/BOD-DUB/2024-12-26?sort=price_a","15:30","22:40","490","363.0","False","BOD","DUB","N/A","N/A","BCN","220.0","Vueling","Ryanair","Économique","44.837789, -0.57918","53.3493795, -6.2605593","1032.73","2024-12-26 15:30:00","2024-12-26 22:40:00","270.0","35","Thursday","afternoon","long","high","2265970448839508281"
"2024-11-21","2024-12-26","BOD","DUB","Dublin","https://www.kayak.fr/flights/BOD-DUB/2024-12-26?sort=price_a","18:35","22:35","300","364.0","False","BOD","DUB","N/A","N/A","BCN","220.0","Vueling","Ryanair","Économique","44.837789, -0.57918","53.3493795, -6.2605593","1032.73","2024-12-26 18:35:00","2024-12-26 22:35:00","80.0","35","Thursday","evening","moyen","high","6570002383049405946"
"2024-11-21","2024-12-26","BOD","DUB","Dublin","https://www.kayak.fr/flights/BOD-DUB/2024-12-26?sort=price_a","15:30","21:40","430","365.0","False","BOD","DUB","N/A","N/A","BCN","220.0","Vueling","Ryanair","N/A","44.837789, -0.57918","53.3493795, -6.2605593","1032.73","2024-12-26 15:30:00","2024-12-26 21:40:00","210.0","35","Thursday","afternoon","long","high","3108739552693044364"
"2024-11-21","2024-12-26","BOD","DUB","Dublin","https://www.kayak.fr/flights/BOD-DUB/2024-12-26?sort=price_a","15:30","20:40","370","367.0","False","BOD","DUB","N/A","N/A","N/A","","easyJet","Ryanair","N/A","44.837789, -0.57918","53.3493795, -6.2605593","1032.73","2024-12-26 15:30:00","2024-12-26 20:40:00","","35","Thursday","afternoon","long","high","3243596230595070225"
"2024-11-21","2024-12-26","BOD","DUB","Dublin","https://www.kayak.fr/flights/BOD-DUB/2024-12-26?sort=price_a","06:50","11:45","355","378.0","False","BOD","DUB","N/A","N/A","BCN","220.0","Vueling","Ryanair","N/A","44.837789, -0.57918","53.3493795, -6.2605593","1032.73","2024-12-26 06:50:00","2024-12-26 11:45:00","135.0","35","Thursday","morning","moyen","high","2021985568689533914"
"2024-11-21","2024-12-26","BOD","DUB","Dublin","https://www.kayak.fr/flights/BOD-DUB/2024-12-26?sort=price_a","15:30","19:05","275","382.0","False","BOD","DUB","N/A","N/A","N/A","","easyJet","Ryanair","N/A","44.837789, -0.57918","53.3493795, -6.2605593","1032.73","2024-12-26 15:30:00","2024-12-26 19:05:00","","35","Thursday","afternoon","moyen","high","2140159292257115998"
"2024-11-21","2024-12-27","BOD","DUB","Dublin","https://www.kayak.fr/flights/BOD-DUB/2024-12-27?sort=price_a","09:45","14:55","370","201.0","False","BOD","DUB","N/A","N/A","BCN","130.0","Vueling","Ryanair","Économique","44.837789, -0.57918","53.3493795, -6.2605593","1032.73","2024-12-27 09:45:00","2024-12-27 14:55:00","240.0","36","Friday","morning","long","high","5610242129442327026"
"2024-11-21","2024-12-27","BOD","DUB","Dublin","https://www.kayak.fr/flights/BOD-DUB/2024-12-27?sort=price_a","09:45","18:00","555","201.0","False","BOD","DUB","N/A","N/A","BCN","130.0","Vueling","Ryanair","Économique","44.837789, -0.57918","53.3493795, -6.2605593","1032.73","2024-12-27 09:45:00","2024-12-27 18:00:00","425.0","36","Friday","morning","long","high","8917626264521128435"
"2024-11-21","2024-12-27","BOD","DUB","Dublin","https://www.kayak.fr/flights/BOD-DUB/2024-12-27?sort=price_a","20:45","09:05+1","800","234.0","False","BOD","DUB","N/A","N/A","BCN","130.0","Vueling","Ryanair","Économique","44.837789, -0.57918","53.3493795, -6.2605593","1032.73","2024-12-27 20:45:00","2024-12-28 09:05:00","670.0","36","Friday","evening","long","high","1533508274292581301"
"2024-11-21","2024-12-27","BOD","DUB","Dublin","https://www.kayak.fr/flights/BOD-DUB/2024-12-27?sort=price_a","17:25","22:15","350","267.0","False","BOD","DUB","N/A","N/A","BCN","130.0","Vueling","Ryanair","N/A","44.837789, -0.57918","53.3493795, -6.2605593","1032.73","2024-12-27 17:25:00","2024-12-27 22:15:00","220.0","36","Friday","evening","moyen","high","8733441113594114593"
"2024-11-21","2024-12-27","BOD","DUB","Dublin","https://www.kayak.fr/flights/BOD-DUB/2024-12-27?sort=price_a","15:45","20:10","325","269.0","False","BOD","DUB","N/A","N/A","N/A","","easyJet","Ryanair","N/A","44.837789, -0.57918","53.3493795, -6.2605593","1032.73","2024-12-27 15:45:00","2024-12-27 20:10:00","","36","Friday","afternoon","moyen","high","2763611376498651392"
"2024-11-21","2024-12-27","BOD","DUB","Dublin","https://www.kayak.fr/flights/BOD-DUB/2024-12-27?sort=price_a","15:55","21:45","410","269.0","False","BOD","DUB","N/A","N/A","BCN","130.0","Vueling","Ryanair","N/A","44.837789, -0.57918","53.3493795, -6.2605593","1032.73","2024-12-27 15:55:00","2024-12-27 21:45:00","280.0","36","Friday","afternoon","long","high","1017498324471503300"
"2024-11-21","2024-12-27","BOD","DUB","Dublin","https://www.kayak.fr/flights/BOD-DUB/2024-12-27?sort=price_a","13:00","20:10","490","271.0","False","BOD","DUB","N/A","N/A","N/A","","Transavia France","Ryanair","N/A","44.837789, -0.57918","53.3493795, -6.2605593","1032.73","2024-12-27 13:00:00","2024-12-27 20:10:00","","36","Friday","afternoon","long","high","4688067800350003522"
"2024-11-21","2024-12-27","BOD","DUB","Dublin","https://www.kayak.fr/flights/BOD-DUB/2024-12-27?sort=price_a","13:35","20:30","475","298.0","False","BOD","DUB","N/A","N/A","N/A","","easyJet","Aer Lingus","N/A","44.837789, -0.57918","53.3493795, -6.2605593","1032.73","2024-12-27 13:35:00","2024-12-27 20:30:00","","36","Friday","afternoon","long","high","2228420507016069516"
"2024-11-21","2024-12-27","BOD","DUB","Dublin","https://www.kayak.fr/flights/BOD-DUB/2024-12-27?sort=price_a","13:35","21:00","505","298.0","False","BOD","DUB","N/A","N/A","BCN","315.0","Vueling","Ryanair","Économique","44.837789, -0.57918","53.3493795, -6.2605593","1032.73","2024-12-27 13:35:00","2024-12-27 21:00:00","190.0","36","Friday","afternoon","long","high","867382941642797785"
"2024-11-21","2024-12-27","BOD","DUB","Dublin","https://www.kayak.fr/flights/BOD-DUB/2024-12-27?sort=price_a","15:45","23:20","515","317.0","False","BOD","DUB","N/A","N/A","BCN","315.0","Vueling","Ryanair","Économique","44.837789, -0.57918","53.3493795, -6.2605593","1032.73","2024-12-27 15:45:00","2024-12-27 23:20:00","200.0","36","Friday","afternoon","long","high","2168309749242479852"
"2024-11-21","2024-12-27","BOD","DUB","Dublin","https://www.kayak.fr/flights/BOD-DUB/2024-12-27?sort=price_a","14:45","18:30","285","335.0","False","BOD","DUB","N/A","N/A","BCN","315.0","Vueling","Ryanair","Économique","44.837789, -0.57918","53.3493795, -6.2605593","1032.73","2024-12-27 14:45:00","2024-12-27 18:30:00","","36","Friday","afternoon","moyen","high","701972936638222319"
"2024-11-21","2024-12-27","BOD","DUB","Dublin","https://www.kayak.fr/flights/BOD-DUB/2024-12-27?sort=price_a","17:25","23:20","415","338.0","False","BOD","DUB","N/A","N/A","BCN","315.0","Vueling","Ryanair","N/A","44.837789, -0.57918","53.3493795, -6.2605593","1032.73","2024-12-27 17:25:00","2024-12-27 23:20:00","100.0","36","Friday","evening","long","high","5441249814018112653"
"2024-11-21","2024-12-27","BOD","DUB","Dublin","https://www.kayak.fr/flights/BOD-DUB/2024-12-27?sort=price_a","15:25","16:25","120","359.0","True","BOD","DUB","N/A","N/A","N/A","","Aer Lingus","N/A","N/A","44.837789, -0.57918","53.3493795, -6.2605593","1032.73","2024-12-27 15:25:00","2024-12-27 16:25:00","","36","Friday","afternoon","court","high","3488224823934951790"
"2024-11-21","2024-12-27","BOD","DUB","Dublin","https://www.kayak.fr/flights/BOD-DUB/2024-12-27?sort=price_a","13:35","20:05","450","363.0","False","BOD","DUB","N/A","N/A","BCN","315.0","Vueling","Ryanair","N/A","44.837789, -0.57918","53.3493795, -6.2605593","1032.73","2024-12-27 13:35:00","2024-12-27 20:05:00","135.0","36","Friday","afternoon","long","high","3575666857466007688"
"2024-11-21","2024-12-27","BOD","DUB","Dublin","https://www.kayak.fr/flights/BOD-DUB/2024-12-27?sort=price_a","06:50","14:05","495","367.0","False","BOD","DUB","N/A","N/A","N/A","","easyJet","Ryanair","N/A","44.837789, -0.57918","53.3493795, -6.2605593","1032.73","2024-12-27 06:50:00","2024-12-27 14:05:00","","36","Friday","morning","long","high","717511922825508135"
"2024-11-21","2024-12-28","BOD","DUB","Dublin","https://www.kayak.fr/flights/BOD-DUB/2024-12-28?sort=price_a","21:45","11:35+1","890","185.0","False","BOD","DUB","N/A","N/A","BCN","655.0","Vueling","Ryanair","Économique","44.837789, -0.57918","53.3493795, -6.2605593","1032.73","2024-12-28 21:45:00","2024-12-29 11:35:00","235.0","37","Saturday","evening","long","high","4577348249266676159"
"2024-11-21","2024-12-28","BOD","DUB","Dublin","https://www.kayak.fr/flights/BOD-DUB/2024-12-28?sort=price_a","21:45","19:50+1","1385","185.0","False","BOD","DUB","N/A","N/A","BCN","655.0","Vueling","Ryanair","Économique","44.837789, -0.57918","53.3493795, -6.2605593","1032.73","2024-12-28 21:45:00","2024-12-29 19:50:00","730.0","37","Saturday","evening","long","high","8086660298702039653"
"2024-11-21","2024-12-28","BOD","DUB","Dublin","https://www.kayak.fr/flights/BOD-DUB/2024-12-28?sort=price_a","18:30","07:50+1","860","230.0","False","BOD","DUB","N/A","N/A","BCN","655.0","Vueling","Ryanair","Économique","44.837789, -0.57918","53.3493795, -6.2605593","1032.73","2024-12-28 18:30:00","2024-12-29 07:50:00","205.0","37","Saturday","evening","long","high","2782606246662806824"
"2024-11-21","2024-12-28","BOD","DUB","Dublin","https://www.kayak.fr/flights/BOD-DUB/2024-12-28?sort=price_a","18:30","09:35+1","965","237.0","False","BOD","DUB","N/A","N/A","BCN","655.0","Vueling","Ryanair","N/A","44.837789, -0.57918","53.3493795, -6.2605593","1032.73","2024-12-28 18:30:00","2024-12-29 09:35:00","310.0","37","Saturday","evening","long","high","8260295180753709998"
"2024-11-21","2024-12-28","BOD","DUB","Dublin","https://www.kayak.fr/flights/BOD-DUB/2024-12-28?sort=price_a","21:45","11:55+1","910","255.0","False","BOD","DUB","N/A","N/A","N/A","","Vueling","N/A","N/A","44.837789, -0.57918","53.3493795, -6.2605593","1032.73","2024-12-28 21:45:00","2024-12-29 11:55:00","","37","Saturday","evening","long","high","642488147838968435"
"2024-11-21","2024-12-28","BOD","DUB","Dublin","https://www.kayak.fr/flights/BOD-DUB/2024-12-28?sort=price_a","09:05","23:45","940","255.0","False","BOD","DUB","N/A","N/A","BCN","655.0","Vueling","Ryanair","N/A","44.837789, -0.57918","53.3493795, -6.2605593","1032.73","2024-12-28 09:05:00","2024-12-28 23:45:00","285.0","37","Saturday","morning","long","high","7292501076604463817"
"2024-11-21","2024-12-28","BOD","DUB","Dublin","https://www.kayak.fr/flights/BOD-DUB/2024-12-28?sort=price_a","16:35","01:10+1","575","256.0","False","BOD","DUB","N/A","N/A","N/A","","Volotea","Ryanair","N/A","44.837789, -0.57918","53.3493795, -6.2605593","1032.73","2024-12-28 16:35:00","2024-12-29 01:10:00","","37","Saturday","afternoon","long","high","859307930575474342"
"2024-11-21","2024-12-28","BOD","DUB","Dublin","https://www.kayak.fr/flights/BOD-DUB/2024-12-28?sort=price_a","09:05","23:45","940","266.0","False","BOD","DUB","N/A","N/A","N/A","","Iberia","Aer Lingus","N/A","44.837789, -0.57918","53.3493795, -6.2605593","1032.73","2024-12-28 09:05:00","2024-12-28 23:45:00","","37","Saturday","morning","long","high","4840217332127542506"
"2024-11-21","2024-12-28","BOD","DUB","Dublin","https://www.kayak.fr/flights/BOD-DUB/2024-12-28?sort=price_a","06:45","22:25","1000","267.0","False","BOD","DUB","N/A","N/A","BCN","1150.0","Vueling","Ryanair","Économique","44.837789, -0.57918","53.3493795, -6.2605593","1032.73","2024-12-28 06:45:00","2024-12-28 22:25:00","","37","Saturday","morning","long","high","2781546029037175592"
"2024-11-21","2024-12-28","BOD","DUB","Dublin","https://www.kayak.fr/flights/BOD-DUB/2024-12-28?sort=price_a","17:55","10:15+1","1040","268.0","False","BOD","DUB","N/A","N/A","BCN","1150.0","Vueling","Ryanair","Économique","44.837789, -0.57918","53.3493795, -6.2605593","1032.73","2024-12-28 17:55:00","2024-12-29 10:15:00","","37","Saturday","evening","long","high","2273029870380736158"
"2024-11-21","2024-12-28","BOD","DUB","Dublin","https://www.kayak.fr/flights/BOD-DUB/2024-12-28?sort=price_a","21:45","10:35+1","830","270.0","False","BOD","DUB","N/A","N/A","BCN","1150.0","Vueling","Ryanair","Économique","44.837789, -0.57918","53.3493795, -6.2605593","1032.73","2024-12-28 21:45:00","2024-12-29 10:35:00","","37","Saturday","evening","long","high","1166292270976749749"
"2024-11-21","2024-12-28","BOD","DUB","Dublin","https://www.kayak.fr/flights/BOD-DUB/2024-12-28?sort=price_a","16:55","00:25+1","510","272.0","False","BOD","DUB","N/A","N/A","BCN","1150.0","Vueling","Ryanair","N/A","44.837789, -0.57918","53.3493795, -6.2605593","1032.73","2024-12-28 16:55:00","2024-12-29 00:25:00","","37","Saturday","afternoon","long","high","1980071665686946580"
"2024-11-21","2024-12-28","BOD","DUB","Dublin","https://www.kayak.fr/flights/BOD-DUB/2024-12-28?sort=price_a","09:05","19:40","695","272.0","False","BOD","DUB","N/A","N/A","N/A","","Iberia","Air Europa","N/A","44.837789, -0.57918","53.3493795, -6.2605593","1032.73","2024-12-28 09:05:00","2024-12-28 19:40:00","","37","Saturday","morning","long","high","7102281509261102812"
"2024-11-21","2024-12-28","BOD","DUB","Dublin","https://www.kayak.fr/flights/BOD-DUB/2024-12-28?sort=price_a","09:05","21:20","795","272.0","False","BOD","DUB","N/A","N/A","BCN","1150.0","Vueling","Ryanair","N/A","44.837789, -0.57918","53.3493795, -6.2605593","1032.73","2024-12-28 09:05:00","2024-12-28 21:20:00","","37","Saturday","morning","long","high","4016929463323469104"
"2024-11-21","2024-12-28","BOD","DUB","Dublin","https://www.kayak.fr/flights/BOD-DUB/2024-12-28?sort=price_a","08:50","00:15+1","985","275.0","False","BOD","DUB","N/A","N/A","N/A","","easyJet","Jet2","N/A","44.837789, -0.57918","53.3493795, -6.2605593","1032.73","2024-12-28 08:50:00","2024-12-29 00:15:00","","37","Saturday","morning","long","high","2174725020474639401"
"2024-11-21","2024-12-29","BOD","DUB","Dublin","https://www.kayak.fr/flights/BOD-DUB/2024-12-29?sort=price_a","20:00","07:30+1","750","141.0","False","BOD","DUB","N/A","N/A","ALG","165.0","Volotea","Vueling","Économique","44.837789, -0.57918","53.3493795, -6.2605593","1032.73","2024-12-29 20:00:00","2024-12-30 07:30:00","585.0","38","Sunday","evening","long","standard","4999312851256140862"
"2024-11-21","2024-12-29","BOD","DUB","Dublin","https://www.kayak.fr/flights/BOD-DUB/2024-12-29?sort=price_a","17:50","23:50","420","185.0","False","BOD","DUB","N/A","N/A","ALG","165.0","Volotea","Vueling","Économique","44.837789, -0.57918","53.3493795, -6.2605593","1032.73","2024-12-29 17:50:00","2024-12-29 23:50:00","255.0","38","Sunday","evening","long","high","4505244507688965888"
"2024-11-21","2024-12-29","BOD","DUB","Dublin","https://www.kayak.fr/flights/BOD-DUB/2024-12-29?sort=price_a","17:50","22:55","365","209.0","False","BOD","DUB","N/A","N/A","ALG","165.0","Volotea","Vueling","Économique","44.837789, -0.57918","53.3493795, -6.2605593","1032.73","2024-12-29 17:50:00","2024-12-29 22:55:00","200.0","38","Sunday","evening","long","high","8925930160292912673"
"2024-11-21","2024-12-29","BOD","DUB","Dublin","https://www.kayak.fr/flights/BOD-DUB/2024-12-29?sort=price_a","16:45","23:50","485","220.0","False","BOD","DUB","N/A","N/A","ALG","165.0","Volotea","Vueling","N/A","44.837789, -0.57918","53.3493795, -6.2605593","1032.73","2024-12-29 16:45:00","2024-12-29 23:50:00","320.0","38","Sunday","afternoon","long","high","8345202157088097844"
"2024-11-21","2024-12-29","BOD","DUB","Dublin","https://www.kayak.fr/flights/BOD-DUB/2024-12-29?sort=price_a","17:50","23:30","400","221.0","False","BOD","DUB","N/A","N/A","N/A","","easyJet","Ryanair","N/A","44.837789, -0.57918","53.3493795, -6.2605593","1032.73","2024-12-29 17:50:00","2024-12-29 23:30:00","","38","Sunday","evening","long","high","1684596259433933289"
"2024-11-21","2024-12-29","BOD","DUB","Dublin","https://www.kayak.fr/flights/BOD-DUB/2024-12-29?sort=price_a","16:45","22:55","430","248.0","False","BOD","DUB","N/A","N/A","ALG","165.0","Volotea","Vueling","N/A","44.837789, -0.57918","53.3493795, -6.2605593","1032.73","2024-12-29 16:45:00","2024-12-29 22:55:00","265.0","38","Sunday","afternoon","long","high","3829873252169609253"
"2024-11-21","2024-12-29","BOD","DUB","Dublin","https://www.kayak.fr/flights/BOD-DUB/2024-12-29?sort=price_a","09:05","15:00","415","280.0","False","BOD","DUB","N/A","N/A","N/A","","Iberia","Ryanair","N/A","44.837789, -0.57918","53.3493795, -6.2605593","1032.73","2024-12-29 09:05:00","2024-12-29 15:00:00","","38","Sunday","morning","long","high","1898548800890766605"
"2024-11-21","2024-12-29","BOD","DUB","Dublin","https://www.kayak.fr/flights/BOD-DUB/2024-12-29?sort=price_a","11:10","15:30","320","281.0","False","BOD","DUB","N/A","N/A","N/A","","easyJet","Aer Lingus","N/A","44.837789, -0.57918","53.3493795, -6.2605593","1032.73","2024-12-29 11:10:00","2024-12-29 15:30:00","","38","Sunday","morning","moyen","high","7185065237246083118"
"2024-11-21","2024-12-29","BOD","DUB","Dublin","https://www.kayak.fr/flights/BOD-DUB/2024-12-29?sort=price_a","17:55","23:35","400","286.0","False","BOD","DUB","N/A","N/A","BCN","185.0","Vueling","Ryanair","Économique","44.837789, -0.57918","53.3493795, -6.2605593","1032.73","2024-12-29 17:55:00","2024-12-29 23:35:00","215.0","38","Sunday","evening","long","high","1940200730423450995"
"2024-11-21","2024-12-29","BOD","DUB","Dublin","https://www.kayak.fr/flights/BOD-DUB/2024-12-29?sort=price_a","17:55","23:35","400","296.0","False","BOD","DUB","N/A","N/A","BCN","185.0","Vueling","Ryanair","Économique","44.837789, -0.57918","53.3493795, -6.2605593","1032.73","2024-12-29 17:55:00","2024-12-29 23:35:00","215.0","38","Sunday","evening","long","high","1940200730423450995"
"2024-11-21","2024-12-29","BOD","DUB","Dublin","https://www.kayak.fr/flights/BOD-DUB/2024-12-29?sort=price_a","15:35","21:00","385","305.0","False","BOD","DUB","N/A","N/A","BCN","185.0","Vueling","Ryanair","Économique","44.837789, -0.57918","53.3493795, -6.2605593","1032.73","2024-12-29 15:35:00","2024-12-29 21:00:00","200.0","38","Sunday","afternoon","long","high","7062841855413092073"
"2024-11-21","2024-12-29","BOD","DUB","Dublin","https://www.kayak.fr/flights/BOD-DUB/2024-12-29?sort=price_a","18:15","22:55","340","310.0","False","BOD","DUB","N/A","N/A","BCN","185.0","Vueling","Ryanair","N/A","44.837789, -0.57918","53.3493795, -6.2605593","1032.73","2024-12-29 18:15:00","2024-12-29 22:55:00","155.0","38","Sunday","evening","moyen","high","3961097215570457188"
"2024-11-21","2024-12-29","BOD","DUB","Dublin","https://www.kayak.fr/flights/BOD-DUB/2024-12-29?sort=price_a","14:10","21:00","470","328.0","False","BOD","DUB","N/A","N/A","N/A","","easyJet","Aer Lingus","N/A","44.837789, -0.57918","53.3493795, -6.2605593","1032.73","2024-12-29 14:10:00","2024-12-29 21:00:00","","38","Sunday","afternoon","long","high","8444095105450618212"
"2024-11-21","2024-12-29","BOD","DUB","Dublin","https://www.kayak.fr/flights/BOD-DUB/2024-12-29?sort=price_a","16:45","22:25","400","335.0","False","BOD","DUB","N/A","N/A","BCN","185.0","Vueling","Ryanair","N/A","44.837789, -0.57918","53.3493795, -6.2605593","1032.73","2024-12-29 16:45:00","2024-12-29 22:25:00","215.0","38","Sunday","afternoon","long","high","6200781430648155117"
"2024-11-21","2024-12-29","BOD","DUB","Dublin","https://www.kayak.fr/flights/BOD-DUB/2024-12-29?sort=price_a","12:20","18:25","425","342.0","False","BOD","DUB","N/A","N/A","N/A","","easyJet","Ryanair","N/A","44.837789, -0.57918","53.3493795, -6.2605593","1032.73","2024-12-29 12:20:00","2024-12-29 18:25:00","","38","Sunday","afternoon","long","high","8309740883665400609"
"2024-11-21","2024-12-30","BOD","DUB","Dublin","https://www.kayak.fr/flights/BOD-DUB/2024-12-30?sort=price_a","15:50","20:25","335","187.0","False","BOD","DUB","N/A","N/A","MAD","85.0","Volotea","Ryanair","Économique","44.837789, -0.57918","53.3493795, -6.2605593","1032.73","2024-12-30 15:50:00","2024-12-30 20:25:00","250.0","39","Monday","afternoon","moyen","high","1138586423871894373"
"2024-11-21","2024-12-30","BOD","DUB","Dublin","https://www.kayak.fr/flights/BOD-DUB/2024-12-30?sort=price_a","13:55","21:30","515","207.0","False","BOD","DUB","N/A","N/A","MAD","85.0","Volotea","Ryanair","Économique","44.837789, -0.57918","53.3493795, -6.2605593","1032.73","2024-12-30 13:55:00","2024-12-30 21:30:00","430.0","39","Monday","afternoon","long","high","628226252904741279"
"2024-11-21","2024-12-30","BOD","DUB","Dublin","https://www.kayak.fr/flights/BOD-DUB/2024-12-30?sort=price_a","16:50","00:50+1","540","220.0","False","BOD","DUB","N/A","N/A","MAD","85.0","Volotea","Ryanair","Économique","44.837789, -0.57918","53.3493795, -6.2605593","1032.73","2024-12-30 16:50:00","2024-12-31 00:50:00","455.0","39","Monday","afternoon","long","high","7396036353995740757"
"2024-11-21","2024-12-30","BOD","DUB","Dublin","https://www.kayak.fr/flights/BOD-DUB/2024-12-30?sort=price_a","16:35","00:50+1","555","221.0","False","BOD","DUB","N/A","N/A","MAD","85.0","Volotea","Ryanair","N/A","44.837789, -0.57918","53.3493795, -6.2605593","1032.73","2024-12-30 16:35:00","2024-12-31 00:50:00","470.0","39","Monday","afternoon","long","high","9141378175725599980"
"2024-11-21","2024-12-30","BOD","DUB","Dublin","https://www.kayak.fr/flights/BOD-DUB/2024-12-30?sort=price_a","09:55","17:45","530","222.0","False","BOD","DUB","N/A","N/A","N/A","","Vueling","Ryanair","N/A","44.837789, -0.57918","53.3493795, -6.2605593","1032.73","2024-12-30 09:55:00","2024-12-30 17:45:00","","39","Monday","morning","long","high","8376825298415282658"
"2024-11-21","2024-12-30","BOD","DUB","Dublin","https://www.kayak.fr/flights/BOD-DUB/2024-12-30?sort=price_a","15:50","22:05","435","227.0","False","BOD","DUB","N/A","N/A","MAD","85.0","Volotea","Ryanair","N/A","44.837789, -0.57918","53.3493795, -6.2605593","1032.73","2024-12-30 15:50:00","2024-12-30 22:05:00","350.0","39","Monday","afternoon","long","high","1496523942016132451"
"2024-11-21","2024-12-30","BOD","DUB","Dublin","https://www.kayak.fr/flights/BOD-DUB/2024-12-30?sort=price_a","09:05","14:00","355","234.0","False","BOD","DUB","N/A","N/A","N/A","","Iberia","Ryanair","N/A","44.837789, -0.57918","53.3493795, -6.2605593","1032.73","2024-12-30 09:05:00","2024-12-30 14:00:00","","39","Monday","morning","moyen","high","343933508037297986"
"2024-11-21","2024-12-30","BOD","DUB","Dublin","https://www.kayak.fr/flights/BOD-DUB/2024-12-30?sort=price_a","09:25","17:20","535","265.0","False","BOD","DUB","N/A","N/A","N/A","","easyJet","Jet2","N/A","44.837789, -0.57918","53.3493795, -6.2605593","1032.73","2024-12-30 09:25:00","2024-12-30 17:20:00","","39","Monday","morning","long","high","4355563064132203541"
"2024-11-21","2024-12-30","BOD","DUB","Dublin","https://www.kayak.fr/flights/BOD-DUB/2024-12-30?sort=price_a","06:00","12:50","470","271.0","False","BOD","DUB","N/A","N/A","BCN","275.0","Vueling","Ryanair","Économique","44.837789, -0.57918","53.3493795, -6.2605593","1032.73","2024-12-30 06:00:00","2024-12-30 12:50:00","195.0","39","Monday","morning","long","high","2008471657692904355"
"2024-11-21","2024-12-30","BOD","DUB","Dublin","https://www.kayak.fr/flights/BOD-DUB/2024-12-30?sort=price_a","18:10","00:20+1","430","277.0","False","BOD","DUB","N/A","N/A","BCN","275.0","Vueling","Ryanair","Économique","44.837789, -0.57918","53.3493795, -6.2605593","1032.73","2024-12-30 18:10:00","2024-12-31 00:20:00","155.0","39","Monday","evening","long","high","3091602108684543921"
"2024-11-21","2024-12-30","BOD","DUB","Dublin","https://www.kayak.fr/flights/BOD-DUB/2024-12-30?sort=price_a","09:55","16:55","480","277.0","False","BOD","DUB","N/A","N/A","BCN","275.0","Vueling","Ryanair","Économique","44.837789, -0.57918","53.3493795, -6.2605593","1032.73","2024-12-30 09:55:00","2024-12-30 16:55:00","205.0","39","Monday","morning","long","high","953892240883928112"
"2024-11-21","2024-12-30","BOD","DUB","Dublin","https://www.kayak.fr/flights/BOD-DUB/2024-12-30?sort=price_a","11:10","18:20","490","278.0","False","BOD","DUB","N/A","N/A","BCN","275.0","Vueling","Ryanair","N/A","44.837789, -0.57918","53.3493795, -6.2605593","1032.73","2024-12-30 11:10:00","2024-12-30 18:20:00","215.0","39","Monday","morning","long","high","9166079288601299373"
"2024-11-21","2024-12-30","BOD","DUB","Dublin","https://www.kayak.fr/flights/BOD-DUB/2024-12-30?sort=price_a","11:10","17:40","450","282.0","False","BOD","DUB","N/A","N/A","N/A","","British Airways","Ryanair","N/A","44.837789, -0.57918","53.3493795, -6.2605593","1032.73","2024-12-30 11:10:00","2024-12-30 17:40:00","","39","Monday","morning","long","high","3728324520597493834"
"2024-11-21","2024-12-30","BOD","DUB","Dublin","https://www.kayak.fr/flights/BOD-DUB/2024-12-30?sort=price_a","18:10","22:50","340","291.0","False","BOD","DUB","N/A","N/A","BCN","275.0","Vueling","Ryanair","N/A","44.837789, -0.57918","53.3493795, -6.2605593","1032.73","2024-12-30 18:10:00","2024-12-30 22:50:00","65.0","39","Monday","evening","moyen","high","7357923527147855215"
"2024-11-21","2024-12-30","BOD","DUB","Dublin","https://www.kayak.fr/flights/BOD-DUB/2024-12-30?sort=price_a","11:10","16:10","360","293.0","False","BOD","DUB","N/A","N/A","N/A","","British Airways","Ryanair","N/A","44.837789, -0.57918","53.3493795, -6.2605593","1032.73","2024-12-30 11:10:00","2024-12-30 16:10:00","","39","Monday","morning","moyen","high","3064277092049277266"
"2024-11-21","2024-12-31","BOD","DUB","Dublin","https://www.kayak.fr/flights/BOD-DUB/2024-12-31?sort=price_a","14:20","07:40+1","1100","120.0","False","BOD","DUB","N/A","N/A","VCE","810.0","Volotea","Ryanair","Économique","44.837789, -0.57918","53.3493795, -6.2605593","1032.73","2024-12-31 14:20:00","2025-01-01 07:40:00","290.0","40","Tuesday","afternoon","long","standard","1883861173977048242"
"2024-11-21","2024-12-31","BOD","DUB","Dublin","https://www.kayak.fr/flights/BOD-DUB/2024-12-31?sort=price_a","10:40","22:05","745","154.0","False","BOD","DUB","N/A","N/A","VCE","810.0","Volotea","Ryanair","Économique","44.837789, -0.57918","53.3493795, -6.2605593","1032.73","2024-12-31 10:40:00","2024-12-31 22:05:00","","40","Tuesday","morning","long","standard","5954720385737495292"
"2024-11-21","2024-12-31","BOD","DUB","Dublin","https://www.kayak.fr/flights/BOD-DUB/2024-12-31?sort=price_a","19:05","08:05+1","840","165.0","False","BOD","DUB","N/A","N/A","VCE","810.0","Volotea","Ryanair","Économique","44.837789, -0.57918","53.3493795, -6.2605593","1032.73","2024-12-31 19:05:00","2025-01-01 08:05:00","30.0","40","Tuesday","evening","long","high","591721505502599436"
"2024-11-21","2024-12-31","BOD","DUB","Dublin","https://www.kayak.fr/flights/BOD-DUB/2024-12-31?sort=price_a","19:05","07:50+1","825","167.0","False","BOD","DUB","N/A","N/A","VCE","810.0","Volotea","Ryanair","N/A","44.837789, -0.57918","53.3493795, -6.2605593","1032.73","2024-12-31 19:05:00","2025-01-01 07:50:00","15.0","40","Tuesday","evening","long","high","2043121146566765672"
"2024-11-21","2024-12-31","BOD","DUB","Dublin","https://www.kayak.fr/flights/BOD-DUB/2024-12-31?sort=price_a","18:50","08:05+1","855","167.0","False","BOD","DUB","N/A","N/A","N/A","","easyJet","Ryanair","N/A","44.837789, -0.57918","53.3493795, -6.2605593","1032.73","2024-12-31 18:50:00","2025-01-01 08:05:00","","40","Tuesday","evening","long","high","8338010090916426705"
"2024-11-21","2024-12-31","BOD","DUB","Dublin","https://www.kayak.fr/flights/BOD-DUB/2024-12-31?sort=price_a","19:05","09:35+1","930","167.0","False","BOD","DUB","N/A","N/A","VCE","810.0","Volotea","Ryanair","N/A","44.837789, -0.57918","53.3493795, -6.2605593","1032.73","2024-12-31 19:05:00","2025-01-01 09:35:00","120.0","40","Tuesday","evening","long","high","2939613479794831820"
"2024-11-21","2024-12-31","BOD","DUB","Dublin","https://www.kayak.fr/flights/BOD-DUB/2024-12-31?sort=price_a","18:50","07:50+1","840","170.0","False","BOD","DUB","N/A","N/A","N/A","","easyJet","Ryanair","N/A","44.837789, -0.57918","53.3493795, -6.2605593","1032.73","2024-12-31 18:50:00","2025-01-01 07:50:00","","40","Tuesday","evening","long","high","3143429325560854428"
"2024-11-21","2024-12-31","BOD","DUB","Dublin","https://www.kayak.fr/flights/BOD-DUB/2024-12-31?sort=price_a","18:50","09:35+1","945","170.0","False","BOD","DUB","N/A","N/A","N/A","","easyJet","Ryanair","N/A","44.837789, -0.57918","53.3493795, -6.2605593","1032.73","2024-12-31 18:50:00","2025-01-01 09:35:00","","40","Tuesday","evening","long","high","4557218230441360008"
"2024-11-21","2024-12-31","BOD","DUB","Dublin","https://www.kayak.fr/flights/BOD-DUB/2024-12-31?sort=price_a","10:40","18:00","500","174.0","False","BOD","DUB","N/A","N/A","AGP","440.0","Volotea","Aer Lingus","Économique","44.837789, -0.57918","53.3493795, -6.2605593","1032.73","2024-12-31 10:40:00","2024-12-31 18:00:00","60.0","40","Tuesday","morning","long","high","5755692364708424763"
"2024-11-21","2024-12-31","BOD","DUB","Dublin","https://www.kayak.fr/flights/BOD-DUB/2024-12-31?sort=price_a","20:10","08:05+1","775","174.0","False","BOD","DUB","N/A","N/A","AGP","440.0","Volotea","Aer Lingus","Économique","44.837789, -0.57918","53.3493795, -6.2605593","1032.73","2024-12-31 20:10:00","2025-01-01 08:05:00","335.0","40","Tuesday","evening","long","high","2336765124449428808"
"2024-11-21","2024-12-31","BOD","DUB","Dublin","https://www.kayak.fr/flights/BOD-DUB/2024-12-31?sort=price_a","19:35","08:05+1","810","189.0","False","BOD","DUB","N/A","N/A","AGP","440.0","Volotea","Aer Lingus","Économique","44.837789, -0.57918","53.3493795, -6.2605593","1032.73","2024-12-31 19:35:00","2025-01-01 08:05:00","370.0","40","Tuesday","evening","long","high","8784484595212081124"
"2024-11-21","2024-12-31","BOD","DUB","Dublin","https://www.kayak.fr/flights/BOD-DUB/2024-12-31?sort=price_a","19:35","10:10+1","935","189.0","False","BOD","DUB","N/A","N/A","AGP","440.0","Volotea","Aer Lingus","N/A","44.837789, -0.57918","53.3493795, -6.2605593","1032.73","2024-12-31 19:35:00","2025-01-01 10:10:00","495.0","40","Tuesday","evening","long","high","8951831965396789274"
"2024-11-21","2024-12-31","BOD","DUB","Dublin","https://www.kayak.fr/flights/BOD-DUB/2024-12-31?sort=price_a","19:35","07:50+1","795","192.0","False","BOD","DUB","N/A","N/A","N/A","","easyJet","Ryanair","N/A","44.837789, -0.57918","53.3493795, -6.2605593","1032.73","2024-12-31 19:35:00","2025-01-01 07:50:00","","40","Tuesday","evening","long","high","8398280843099604936"
"2024-11-21","2024-12-31","BOD","DUB","Dublin","https://www.kayak.fr/flights/BOD-DUB/2024-12-31?sort=price_a","19:35","09:35+1","900","192.0","False","BOD","DUB","N/A","N/A","AGP","440.0","Volotea","Aer Lingus","N/A","44.837789, -0.57918","53.3493795, -6.2605593","1032.73","2024-12-31 19:35:00","2025-01-01 09:35:00","460.0","40","Tuesday","evening","long","high","7919413919295307941"
"2024-11-21","2024-12-31","BOD","DUB","Dublin","https://www.kayak.fr/flights/BOD-DUB/2024-12-31?sort=price_a","14:10","23:00","590","196.0","False","BOD","DUB","N/A","N/A","N/A","","easyJet","Ryanair","N/A","44.837789, -0.57918","53.3493795, -6.2605593","1032.73","2024-12-31 14:10:00","2024-12-31 23:00:00","","40","Tuesday","afternoon","long","high","3622588763609834616"
"2024-11-21","2025-01-01","BOD","DUB","Dublin","https://www.kayak.fr/flights/BOD-DUB/2025-01-01?sort=price_a","15:25","16:25","120","178.0","True","BOD","DUB","N/A","N/A","N/A","","Aer Lingus","N/A","Saver","44.837789, -0.57918","53.3493795, -6.2605593","1032.73","2025-01-01 15:25:00","2025-01-01 16:25:00","","41","Wednesday","afternoon","court","high","8450327449182853873"
"2024-11-21","2025-01-01","BOD","DUB","Dublin","https://www.kayak.fr/flights/BOD-DUB/2025-01-01?sort=price_a","19:25","23:00","275","206.0","False","BOD","DUB","N/A","N/A","N/A","","Aer Lingus","N/A","Saver","44.837789, -0.57918","53.3493795, -6.2605593","1032.73","2025-01-01 19:25:00","2025-01-01 23:00:00","","41","Wednesday","evening","moyen","high","2644945691362958973"
"2024-11-21","2025-01-01","BOD","DUB","Dublin","https://www.kayak.fr/flights/BOD-DUB/2025-01-01?sort=price_a","06:50","11:30","340","206.0","False","BOD","DUB","N/A","N/A","N/A","","Aer Lingus","N/A","Saver","44.837789, -0.57918","53.3493795, -6.2605593","1032.73","2025-01-01 06:50:00","2025-01-01 11:30:00","","41","Wednesday","morning","moyen","high","6262754825672779581"
"2024-11-21","2025-01-01","BOD","DUB","Dublin","https://www.kayak.fr/flights/BOD-DUB/2025-01-01?sort=price_a","06:50","12:35","405","212.0","False","BOD","DUB","N/A","N/A","N/A","","Aer Lingus","N/A","N/A","44.837789, -0.57918","53.3493795, -6.2605593","1032.73","2025-01-01 06:50:00","2025-01-01 12:35:00","","41","Wednesday","morning","long","high","7961529291387828718"
"2024-11-21","2025-01-01","BOD","DUB","Dublin","https://www.kayak.fr/flights/BOD-DUB/2025-01-01?sort=price_a","14:50","21:25","455","262.0","False","BOD","DUB","N/A","N/A","N/A","","easyJet","Ryanair","N/A","44.837789, -0.57918","53.3493795, -6.2605593","1032.73","2025-01-01 14:50:00","2025-01-01 21:25:00","","41","Wednesday","afternoon","long","high","7328140199856825807"
"2024-11-21","2025-01-01","BOD","DUB","Dublin","https://www.kayak.fr/flights/BOD-DUB/2025-01-01?sort=price_a","14:50","22:00","490","262.0","False","BOD","DUB","N/A","N/A","N/A","","Aer Lingus","N/A","N/A","44.837789, -0.57918","53.3493795, -6.2605593","1032.73","2025-01-01 14:50:00","2025-01-01 22:00:00","","41","Wednesday","afternoon","long","high","3723485129667310055"
"2024-11-21","2025-01-01","BOD","DUB","Dublin","https://www.kayak.fr/flights/BOD-DUB/2025-01-01?sort=price_a","14:50","21:55","485","263.0","False","BOD","DUB","N/A","N/A","N/A","","easyJet","Aer Lingus","N/A","44.837789, -0.57918","53.3493795, -6.2605593","1032.73","2025-01-01 14:50:00","2025-01-01 21:55:00","","41","Wednesday","afternoon","long","high","2441166667142668167"
"2024-11-21","2025-01-01","BOD","DUB","Dublin","https://www.kayak.fr/flights/BOD-DUB/2025-01-01?sort=price_a","13:55","22:00","545","266.0","False","BOD","DUB","N/A","N/A","N/A","","easyJet","Ryanair","N/A","44.837789, -0.57918","53.3493795, -6.2605593","1032.73","2025-01-01 13:55:00","2025-01-01 22:00:00","","41","Wednesday","afternoon","long","high","6102646707435771170"
"2024-11-21","2025-01-01","BOD","DUB","Dublin","https://www.kayak.fr/flights/BOD-DUB/2025-01-01?sort=price_a","06:00","12:40","460","274.0","False","BOD","DUB","N/A","N/A","LGW","90.0","easyJet","Ryanair","Standard","44.837789, -0.57918","53.3493795, -6.2605593","1032.73","2025-01-01 06:00:00","2025-01-01 12:40:00","370.0","41","Wednesday","morning","long","high","2184695874234718405"
"2024-11-21","2025-01-01","BOD","DUB","Dublin","https://www.kayak.fr/flights/BOD-DUB/2025-01-01?sort=price_a","18:35","22:35","300","310.0","False","BOD","DUB","N/A","N/A","LGW","90.0","easyJet","Ryanair","Standard","44.837789, -0.57918","53.3493795, -6.2605593","1032.73","2025-01-01 18:35:00","2025-01-01 22:35:00","210.0","41","Wednesday","evening","moyen","high","5937751540377726262"
"2024-11-21","2025-01-01","BOD","DUB","Dublin","https://www.kayak.fr/flights/BOD-DUB/2025-01-01?sort=price_a","09:20","14:20","360","311.0","False","BOD","DUB","N/A","N/A","LGW","90.0","easyJet","Ryanair","Standard","44.837789, -0.57918","53.3493795, -6.2605593","1032.73","2025-01-01 09:20:00","2025-01-01 14:20:00","270.0","41","Wednesday","morning","moyen","high","1298113040025894898"
"2024-11-21","2025-01-01","BOD","DUB","Dublin","https://www.kayak.fr/flights/BOD-DUB/2025-01-01?sort=price_a","14:50","20:45","415","319.0","False","BOD","DUB","N/A","N/A","LGW","90.0","easyJet","Ryanair","N/A","44.837789, -0.57918","53.3493795, -6.2605593","1032.73","2025-01-01 14:50:00","2025-01-01 20:45:00","325.0","41","Wednesday","afternoon","long","high","5290778989656896527"
"2024-11-21","2025-01-01","BOD","DUB","Dublin","https://www.kayak.fr/flights/BOD-DUB/2025-01-01?sort=price_a","09:05","14:10","365","324.0","False","BOD","DUB","N/A","N/A","N/A","","Iberia","Ryanair","N/A","44.837789, -0.57918","53.3493795, -6.2605593","1032.73","2025-01-01 09:05:00","2025-01-01 14:10:00","","41","Wednesday","morning","long","high","8907231141804574849"
"2024-11-21","2025-01-01","BOD","DUB","Dublin","https://www.kayak.fr/flights/BOD-DUB/2025-01-01?sort=price_a","06:00","13:40","520","347.0","False","BOD","DUB","N/A","N/A","LGW","90.0","easyJet","Ryanair","N/A","44.837789, -0.57918","53.3493795, -6.2605593","1032.73","2025-01-01 06:00:00","2025-01-01 13:40:00","430.0","41","Wednesday","morning","long","high","1521896916832971871"
"2024-11-21","2025-01-01","BOD","DUB","Dublin","https://www.kayak.fr/flights/BOD-DUB/2025-01-01?sort=price_a","12:57","22:35","638","355.0","False","BOD","DUB","N/A","N/A","N/A","","Air France","N/A","N/A","44.837789, -0.57918","53.3493795, -6.2605593","1032.73","2025-01-01 12:57:00","2025-01-01 22:35:00","","41","Wednesday","afternoon","long","high","4495001141738298192"
"2024-11-21","2025-01-02","BOD","DUB","Dublin","https://www.kayak.fr/flights/BOD-DUB/2025-01-02?sort=price_a","15:25","16:25","120","235.0","True","BOD","DUB","N/A","N/A","N/A","","Aer Lingus","N/A","Saver","44.837789, -0.57918","53.3493795, -6.2605593","1032.73","2025-01-02 15:25:00","2025-01-02 16:25:00","","42","Thursday","afternoon","court","high","7677699658967773766"
"2024-11-21","2025-01-02","BOD","DUB","Dublin","https://www.kayak.fr/flights/BOD-DUB/2025-01-02?sort=price_a","07:00","14:50","530","263.0","False","BOD","DUB","N/A","N/A","N/A","","Aer Lingus","N/A","Saver","44.837789, -0.57918","53.3493795, -6.2605593","1032.73","2025-01-02 07:00:00","2025-01-02 14:50:00","","42","Thursday","morning","long","high","5822166395487661461"
"2024-11-21","2025-01-02","BOD","DUB","Dublin","https://www.kayak.fr/flights/BOD-DUB/2025-01-02?sort=price_a","09:05","14:30","385","270.0","False","BOD","DUB","N/A","N/A","N/A","","Aer Lingus","N/A","Saver","44.837789, -0.57918","53.3493795, -6.2605593","1032.73","2025-01-02 09:05:00","2025-01-02 14:30:00","","42","Thursday","morning","long","high","4092088610911579056"
"2024-11-21","2025-01-02","BOD","DUB","Dublin","https://www.kayak.fr/flights/BOD-DUB/2025-01-02?sort=price_a","13:35","21:15","520","285.0","False","BOD","DUB","N/A","N/A","N/A","","Aer Lingus","N/A","N/A","44.837789, -0.57918","53.3493795, -6.2605593","1032.73","2025-01-02 13:35:00","2025-01-02 21:15:00","","42","Thursday","afternoon","long","high","5350659862862767345"
"2024-11-21","2025-01-02","BOD","DUB","Dublin","https://www.kayak.fr/flights/BOD-DUB/2025-01-02?sort=price_a","15:50","23:00","490","301.0","False","BOD","DUB","N/A","N/A","N/A","","easyJet","Ryanair","N/A","44.837789, -0.57918","53.3493795, -6.2605593","1032.73","2025-01-02 15:50:00","2025-01-02 23:00:00","","42","Thursday","afternoon","long","high","4904693957850923940"
"2024-11-21","2025-01-02","BOD","DUB","Dublin","https://www.kayak.fr/flights/BOD-DUB/2025-01-02?sort=price_a","14:25","22:10","525","304.0","False","BOD","DUB","N/A","N/A","N/A","","Aer Lingus","N/A","N/A","44.837789, -0.57918","53.3493795, -6.2605593","1032.73","2025-01-02 14:25:00","2025-01-02 22:10:00","","42","Thursday","afternoon","long","high","514680487142654577"
"2024-11-21","2025-01-02","BOD","DUB","Dublin","https://www.kayak.fr/flights/BOD-DUB/2025-01-02?sort=price_a","15:30","21:40","430","308.0","False","BOD","DUB","N/A","N/A","N/A","","easyJet","Ryanair","N/A","44.837789, -0.57918","53.3493795, -6.2605593","1032.73","2025-01-02 15:30:00","2025-01-02 21:40:00","","42","Thursday","afternoon","long","high","4525774019430108470"
"2024-11-21","2025-01-02","BOD","DUB","Dublin","https://www.kayak.fr/flights/BOD-DUB/2025-01-02?sort=price_a","15:30","20:40","370","313.0","False","BOD","DUB","N/A","N/A","N/A","","easyJet","Ryanair","N/A","44.837789, -0.57918","53.3493795, -6.2605593","1032.73","2025-01-02 15:30:00","2025-01-02 20:40:00","","42","Thursday","afternoon","long","high","9197028146480500024"
"2024-11-21","2025-01-02","BOD","DUB","Dublin","https://www.kayak.fr/flights/BOD-DUB/2025-01-02?sort=price_a","13:35","20:15","460","313.0","False","BOD","DUB","N/A","N/A","MRS","160.0","easyJet","Ryanair","Standard","44.837789, -0.57918","53.3493795, -6.2605593","1032.73","2025-01-02 13:35:00","2025-01-02 20:15:00","300.0","42","Thursday","afternoon","long","high","1076233267446166055"
"2024-11-21","2025-01-02","BOD","DUB","Dublin","https://www.kayak.fr/flights/BOD-DUB/2025-01-02?sort=price_a","06:50","11:45","355","317.0","False","BOD","DUB","N/A","N/A","MRS","160.0","easyJet","Ryanair","Standard","44.837789, -0.57918","53.3493795, -6.2605593","1032.73","2025-01-02 06:50:00","2025-01-02 11:45:00","195.0","42","Thursday","morning","moyen","high","8409254257145454627"
"2024-11-21","2025-01-02","BOD","DUB","Dublin","https://www.kayak.fr/flights/BOD-DUB/2025-01-02?sort=price_a","15:30","19:05","275","330.0","False","BOD","DUB","N/A","N/A","MRS","160.0","easyJet","Ryanair","Standard","44.837789, -0.57918","53.3493795, -6.2605593","1032.73","2025-01-02 15:30:00","2025-01-02 19:05:00","115.0","42","Thursday","afternoon","moyen","high","2657474703343088376"
"2024-11-21","2025-01-02","BOD","DUB","Dublin","https://www.kayak.fr/flights/BOD-DUB/2025-01-02?sort=price_a","09:25","17:20","535","333.0","False","BOD","DUB","N/A","N/A","MRS","160.0","easyJet","Ryanair","N/A","44.837789, -0.57918","53.3493795, -6.2605593","1032.73","2025-01-02 09:25:00","2025-01-02 17:20:00","375.0","42","Thursday","morning","long","high","5237185675558940250"
"2024-11-21","2025-01-02","BOD","DUB","Dublin","https://www.kayak.fr/flights/BOD-DUB/2025-01-02?sort=price_a","09:25","15:25","420","347.0","False","BOD","DUB","N/A","N/A","N/A","","easyJet","Ryanair","N/A","44.837789, -0.57918","53.3493795, -6.2605593","1032.73","2025-01-02 09:25:00","2025-01-02 15:25:00","","42","Thursday","morning","long","high","9099081453721087038"
"2024-11-21","2025-01-02","BOD","DUB","Dublin","https://www.kayak.fr/flights/BOD-DUB/2025-01-02?sort=price_a","15:30","22:05","455","369.0","False","BOD","DUB","N/A","N/A","MRS","160.0","easyJet","Ryanair","N/A","44.837789, -0.57918","53.3493795, -6.2605593","1032.73","2025-01-02 15:30:00","2025-01-02 22:05:00","295.0","42","Thursday","afternoon","long","high","1828836206863179679"
"2024-11-21","2025-01-02","BOD","DUB","Dublin","https://www.kayak.fr/flights/BOD-DUB/2025-01-02?sort=price_a","13:50","22:05","555","369.0","False","BOD","DUB","N/A","N/A","N/A","","easyJet","KLM","N/A","44.837789, -0.57918","53.3493795, -6.2605593","1032.73","2025-01-02 13:50:00","2025-01-02 22:05:00","","42","Thursday","afternoon","long","high","1435196422155791343"
"2024-11-21","2025-01-03","BOD","DUB","Dublin","https://www.kayak.fr/flights/BOD-DUB/2025-01-03?sort=price_a","23:10","07:30+1","560","137.0","False","BOD","DUB","N/A","N/A","BCN","325.0","Vueling","Ryanair","Économique","44.837789, -0.57918","53.3493795, -6.2605593","1032.73","2025-01-03 23:10:00","2025-01-04 07:30:00","235.0","43","Friday","night","long","standard","6350787714816325167"
"2024-11-21","2025-01-03","BOD","DUB","Dublin","https://www.kayak.fr/flights/BOD-DUB/2025-01-03?sort=price_a","13:00","20:10","490","207.0","False","BOD","DUB","N/A","N/A","BCN","325.0","Vueling","Ryanair","Économique","44.837789, -0.57918","53.3493795, -6.2605593","1032.73","2025-01-03 13:00:00","2025-01-03 20:10:00","165.0","43","Friday","afternoon","long","high","7019711150733066080"
"2024-11-21","2025-01-03","BOD","DUB","Dublin","https://www.kayak.fr/flights/BOD-DUB/2025-01-03?sort=price_a","13:35","18:00","325","216.0","False","BOD","DUB","N/A","N/A","BCN","325.0","Vueling","Ryanair","Économique","44.837789, -0.57918","53.3493795, -6.2605593","1032.73","2025-01-03 13:35:00","2025-01-03 18:00:00","0.0","43","Friday","afternoon","moyen","high","7315820266237340516"
"2024-11-21","2025-01-03","BOD","DUB","Dublin","https://www.kayak.fr/flights/BOD-DUB/2025-01-03?sort=price_a","13:35","19:45","430","228.0","False","BOD","DUB","N/A","N/A","BCN","325.0","Vueling","Ryanair","N/A","44.837789, -0.57918","53.3493795, -6.2605593","1032.73","2025-01-03 13:35:00","2025-01-03 19:45:00","105.0","43","Friday","afternoon","long","high","5784171117418528040"
"2024-11-21","2025-01-03","BOD","DUB","Dublin","https://www.kayak.fr/flights/BOD-DUB/2025-01-03?sort=price_a","15:45","20:10","325","232.0","False","BOD","DUB","N/A","N/A","N/A","","easyJet","Ryanair","N/A","44.837789, -0.57918","53.3493795, -6.2605593","1032.73","2025-01-03 15:45:00","2025-01-03 20:10:00","","43","Friday","afternoon","moyen","high","6243183992421436453"
"2024-11-21","2025-01-03","BOD","DUB","Dublin","https://www.kayak.fr/flights/BOD-DUB/2025-01-03?sort=price_a","14:45","18:30","285","255.0","False","BOD","DUB","N/A","N/A","BCN","325.0","Vueling","Ryanair","N/A","44.837789, -0.57918","53.3493795, -6.2605593","1032.73","2025-01-03 14:45:00","2025-01-03 18:30:00","","43","Friday","afternoon","moyen","high","2299468793457239295"
"2024-11-21","2025-01-03","BOD","DUB","Dublin","https://www.kayak.fr/flights/BOD-DUB/2025-01-03?sort=price_a","15:25","16:25","120","260.0","True","BOD","DUB","N/A","N/A","N/A","","Aer Lingus","N/A","N/A","44.837789, -0.57918","53.3493795, -6.2605593","1032.73","2025-01-03 15:25:00","2025-01-03 16:25:00","","43","Friday","afternoon","court","high","4648622138093730390"
"2024-11-21","2025-01-03","BOD","DUB","Dublin","https://www.kayak.fr/flights/BOD-DUB/2025-01-03?sort=price_a","06:50","10:20","270","262.0","False","BOD","DUB","N/A","N/A","N/A","","easyJet","Ryanair","N/A","44.837789, -0.57918","53.3493795, -6.2605593","1032.73","2025-01-03 06:50:00","2025-01-03 10:20:00","","43","Friday","morning","moyen","high","3020984287871141466"
"2024-11-21","2025-01-03","BOD","DUB","Dublin","https://www.kayak.fr/flights/BOD-DUB/2025-01-03?sort=price_a","06:50","11:00","310","262.0","False","BOD","DUB","N/A","N/A","OPO","245.0","Transavia France","Ryanair","Économique","44.837789, -0.57918","53.3493795, -6.2605593","1032.73","2025-01-03 06:50:00","2025-01-03 11:00:00","65.0","43","Friday","morning","moyen","high","9047197671204540877"
"2024-11-21","2025-01-03","BOD","DUB","Dublin","https://www.kayak.fr/flights/BOD-DUB/2025-01-03?sort=price_a","17:25","22:15","350","266.0","False","BOD","DUB","N/A","N/A","OPO","245.0","Transavia France","Ryanair","Économique","44.837789, -0.57918","53.3493795, -6.2605593","1032.73","2025-01-03 17:25:00","2025-01-03 22:15:00","105.0","43","Friday","evening","moyen","high","5646513565203103533"
"2024-11-21","2025-01-03","BOD","DUB","Dublin","https://www.kayak.fr/flights/BOD-DUB/2025-01-03?sort=price_a","06:50","15:05","555","266.0","False","BOD","DUB","N/A","N/A","OPO","245.0","Transavia France","Ryanair","Économique","44.837789, -0.57918","53.3493795, -6.2605593","1032.73","2025-01-03 06:50:00","2025-01-03 15:05:00","310.0","43","Friday","morning","long","high","5066605335283937181"
"2024-11-21","2025-01-03","BOD","DUB","Dublin","https://www.kayak.fr/flights/BOD-DUB/2025-01-03?sort=price_a","13:55","20:15","440","268.0","False","BOD","DUB","N/A","N/A","OPO","245.0","Transavia France","Ryanair","N/A","44.837789, -0.57918","53.3493795, -6.2605593","1032.73","2025-01-03 13:55:00","2025-01-03 20:15:00","195.0","43","Friday","afternoon","long","high","5617748863602243273"
"2024-11-21","2025-01-03","BOD","DUB","Dublin","https://www.kayak.fr/flights/BOD-DUB/2025-01-03?sort=price_a","13:55","19:05","370","269.0","False","BOD","DUB","N/A","N/A","N/A","","easyJet","Ryanair","N/A","44.837789, -0.57918","53.3493795, -6.2605593","1032.73","2025-01-03 13:55:00","2025-01-03 19:05:00","","43","Friday","afternoon","long","high","8741107288398539381"
"2024-11-21","2025-01-03","BOD","DUB","Dublin","https://www.kayak.fr/flights/BOD-DUB/2025-01-03?sort=price_a","09:05","13:20","315","270.0","False","BOD","DUB","N/A","N/A","OPO","245.0","Transavia France","Ryanair","N/A","44.837789, -0.57918","53.3493795, -6.2605593","1032.73","2025-01-03 09:05:00","2025-01-03 13:20:00","70.0","43","Friday","morning","moyen","high","5943788241050298203"
"2024-11-21","2025-01-03","BOD","DUB","Dublin","https://www.kayak.fr/flights/BOD-DUB/2025-01-03?sort=price_a","12:15","20:30","555","270.0","False","BOD","DUB","N/A","N/A","N/A","","easyJet","Aer Lingus","N/A","44.837789, -0.57918","53.3493795, -6.2605593","1032.73","2025-01-03 12:15:00","2025-01-03 20:30:00","","43","Friday","afternoon","long","high","1337132465009112333"
"2024-11-21","2025-01-04","BOD","DUB","Dublin","https://www.kayak.fr/flights/BOD-DUB/2025-01-04?sort=price_a","21:45","11:35+1","890","137.0","False","BOD","DUB","N/A","N/A","BCN","655.0","Vueling","Ryanair","Économique","44.837789, -0.57918","53.3493795, -6.2605593","1032.73","2025-01-04 21:45:00","2025-01-05 11:35:00","235.0","44","Saturday","evening","long","standard","3746578559230847100"
"2024-11-21","2025-01-04","BOD","DUB","Dublin","https://www.kayak.fr/flights/BOD-DUB/2025-01-04?sort=price_a","21:45","14:25+1","1060","140.0","False","BOD","DUB","N/A","N/A","BCN","655.0","Vueling","Ryanair","Économique","44.837789, -0.57918","53.3493795, -6.2605593","1032.73","2025-01-04 21:45:00","2025-01-05 14:25:00","405.0","44","Saturday","evening","long","standard","3807296662183342772"
"2024-11-21","2025-01-04","BOD","DUB","Dublin","https://www.kayak.fr/flights/BOD-DUB/2025-01-04?sort=price_a","21:45","13:55+1","1030","150.0","False","BOD","DUB","N/A","N/A","BCN","655.0","Vueling","Ryanair","Économique","44.837789, -0.57918","53.3493795, -6.2605593","1032.73","2025-01-04 21:45:00","2025-01-05 13:55:00","375.0","44","Saturday","evening","long","standard","7952649934152774993"
"2024-11-21","2025-01-04","BOD","DUB","Dublin","https://www.kayak.fr/flights/BOD-DUB/2025-01-04?sort=price_a","21:45","11:40+1","895","169.0","False","BOD","DUB","N/A","N/A","BCN","655.0","Vueling","Ryanair","N/A","44.837789, -0.57918","53.3493795, -6.2605593","1032.73","2025-01-04 21:45:00","2025-01-05 11:40:00","240.0","44","Saturday","evening","long","high","1785734508547435841"
"2024-11-21","2025-01-04","BOD","DUB","Dublin","https://www.kayak.fr/flights/BOD-DUB/2025-01-04?sort=price_a","21:45","13:25+1","1000","170.0","False","BOD","DUB","N/A","N/A","N/A","","Vueling","easyJet","N/A","44.837789, -0.57918","53.3493795, -6.2605593","1032.73","2025-01-04 21:45:00","2025-01-05 13:25:00","","44","Saturday","evening","long","high","3081060588908610641"
"2024-11-21","2025-01-04","BOD","DUB","Dublin","https://www.kayak.fr/flights/BOD-DUB/2025-01-04?sort=price_a","21:45","11:55+1","910","184.0","False","BOD","DUB","N/A","N/A","BCN","655.0","Vueling","Ryanair","N/A","44.837789, -0.57918","53.3493795, -6.2605593","1032.73","2025-01-04 21:45:00","2025-01-05 11:55:00","255.0","44","Saturday","evening","long","high","7834023890180831231"
"2024-11-21","2025-01-04","BOD","DUB","Dublin","https://www.kayak.fr/flights/BOD-DUB/2025-01-04?sort=price_a","21:45","10:35+1","830","186.0","False","BOD","DUB","N/A","N/A","N/A","","Vueling","Ryanair","N/A","44.837789, -0.57918","53.3493795, -6.2605593","1032.73","2025-01-04 21:45:00","2025-01-05 10:35:00","","44","Saturday","evening","long","high","8614500515286979245"
"2024-11-21","2025-01-04","BOD","DUB","Dublin","https://www.kayak.fr/flights/BOD-DUB/2025-01-04?sort=price_a","21:45","12:30+1","945","187.0","False","BOD","DUB","N/A","N/A","N/A","","Vueling","Ryanair","N/A","44.837789, -0.57918","53.3493795, -6.2605593","1032.73","2025-01-04 21:45:00","2025-01-05 12:30:00","","44","Saturday","evening","long","high","2110334147747930052"
"2024-11-21","2025-01-04","BOD","DUB","Dublin","https://www.kayak.fr/flights/BOD-DUB/2025-01-04?sort=price_a","21:25","09:45+1","800","190.0","False","BOD","DUB","N/A","N/A","BCN","475.0","Vueling","Ryanair","Économique","44.837789, -0.57918","53.3493795, -6.2605593","1032.73","2025-01-04 21:25:00","2025-01-05 09:45:00","325.0","44","Saturday","evening","long","high","1202566399437048298"
"2024-11-21","2025-01-04","BOD","DUB","Dublin","https://www.kayak.fr/flights/BOD-DUB/2025-01-04?sort=price_a","21:25","10:15+1","830","190.0","False","BOD","DUB","N/A","N/A","BCN","475.0","Vueling","Ryanair","Économique","44.837789, -0.57918","53.3493795, -6.2605593","1032.73","2025-01-04 21:25:00","2025-01-05 10:15:00","355.0","44","Saturday","evening","long","high","253519853501608971"
"2024-11-21","2025-01-04","BOD","DUB","Dublin","https://www.kayak.fr/flights/BOD-DUB/2025-01-04?sort=price_a","21:25","07:50+1","685","193.0","False","BOD","DUB","N/A","N/A","BCN","475.0","Vueling","Ryanair","Économique","44.837789, -0.57918","53.3493795, -6.2605593","1032.73","2025-01-04 21:25:00","2025-01-05 07:50:00","210.0","44","Saturday","evening","long","high","1048771648508371340"
"2024-11-21","2025-01-04","BOD","DUB","Dublin","https://www.kayak.fr/flights/BOD-DUB/2025-01-04?sort=price_a","21:25","09:35+1","790","193.0","False","BOD","DUB","N/A","N/A","BCN","475.0","Vueling","Ryanair","N/A","44.837789, -0.57918","53.3493795, -6.2605593","1032.73","2025-01-04 21:25:00","2025-01-05 09:35:00","315.0","44","Saturday","evening","long","high","2920638231492489460"
"2024-11-21","2025-01-04","BOD","DUB","Dublin","https://www.kayak.fr/flights/BOD-DUB/2025-01-04?sort=price_a","18:30","07:50+1","860","199.0","False","BOD","DUB","N/A","N/A","N/A","","Volotea","Ryanair","N/A","44.837789, -0.57918","53.3493795, -6.2605593","1032.73","2025-01-04 18:30:00","2025-01-05 07:50:00","","44","Saturday","evening","long","high","1872426843593440121"
"2024-11-21","2025-01-04","BOD","DUB","Dublin","https://www.kayak.fr/flights/BOD-DUB/2025-01-04?sort=price_a","07:40","18:35","715","219.0","False","BOD","DUB","N/A","N/A","BCN","475.0","Vueling","Ryanair","N/A","44.837789, -0.57918","53.3493795, -6.2605593","1032.73","2025-01-04 07:40:00","2025-01-04 18:35:00","240.0","44","Saturday","morning","long","high","8059313932602376580"
"2024-11-21","2025-01-04","BOD","DUB","Dublin","https://www.kayak.fr/flights/BOD-DUB/2025-01-04?sort=price_a","10:10","22:50","820","220.0","False","BOD","DUB","N/A","N/A","N/A","","British Airways","Ryanair","N/A","44.837789, -0.57918","53.3493795, -6.2605593","1032.73","2025-01-04 10:10:00","2025-01-04 22:50:00","","44","Saturday","morning","long","high","4920618901743568017"
"2024-11-21","2025-01-05","BOD","DUB","Dublin","https://www.kayak.fr/flights/BOD-DUB/2025-01-05?sort=price_a","18:30","07:30+1","840","104.0","False","BOD","DUB","N/A","N/A","BCN","605.0","Vueling","Ryanair","Économique","44.837789, -0.57918","53.3493795, -6.2605593","1032.73","2025-01-05 18:30:00","2025-01-06 07:30:00","235.0","45","Sunday","evening","long","cheap","2719265953832065863"
"2024-11-21","2025-01-05","BOD","DUB","Dublin","https://www.kayak.fr/flights/BOD-DUB/2025-01-05?sort=price_a","18:30","23:50","380","149.0","False","BOD","DUB","N/A","N/A","BCN","605.0","Vueling","Ryanair","Économique","44.837789, -0.57918","53.3493795, -6.2605593","1032.73","2025-01-05 18:30:00","2025-01-05 23:50:00","","45","Sunday","evening","long","standard","7131476946925280755"
"2024-11-21","2025-01-05","BOD","DUB","Dublin","https://www.kayak.fr/flights/BOD-DUB/2025-01-05?sort=price_a","17:50","23:50","420","149.0","False","BOD","DUB","N/A","N/A","BCN","605.0","Vueling","Ryanair","Économique","44.837789, -0.57918","53.3493795, -6.2605593","1032.73","2025-01-05 17:50:00","2025-01-05 23:50:00","","45","Sunday","evening","long","standard","8846313272688794109"
"2024-11-21","2025-01-05","BOD","DUB","Dublin","https://www.kayak.fr/flights/BOD-DUB/2025-01-05?sort=price_a","17:50","23:30","400","211.0","False","BOD","DUB","N/A","N/A","BCN","605.0","Vueling","Ryanair","N/A","44.837789, -0.57918","53.3493795, -6.2605593","1032.73","2025-01-05 17:50:00","2025-01-05 23:30:00","","45","Sunday","evening","long","high","7675527531185178797"
"2024-11-21","2025-01-05","BOD","DUB","Dublin","https://www.kayak.fr/flights/BOD-DUB/2025-01-05?sort=price_a","16:45","22:25","400","251.0","False","BOD","DUB","N/A","N/A","N/A","","Transavia France","Ryanair","N/A","44.837789, -0.57918","53.3493795, -6.2605593","1032.73","2025-01-05 16:45:00","2025-01-05 22:25:00","","45","Sunday","afternoon","long","high","4628806945191348831"
"2024-11-21","2025-01-05","BOD","DUB","Dublin","https://www.kayak.fr/flights/BOD-DUB/2025-01-05?sort=price_a","12:20","19:15","475","263.0","False","BOD","DUB","N/A","N/A","BCN","605.0","Vueling","Ryanair","N/A","44.837789, -0.57918","53.3493795, -6.2605593","1032.73","2025-01-05 12:20:00","2025-01-05 19:15:00","","45","Sunday","afternoon","long","high","1379497479823769170"
"2024-11-21","2025-01-05","BOD","DUB","Dublin","https://www.kayak.fr/flights/BOD-DUB/2025-01-05?sort=price_a","17:50","22:55","365","274.0","False","BOD","DUB","N/A","N/A","N/A","","Vueling","Aer Lingus","N/A","44.837789, -0.57918","53.3493795, -6.2605593","1032.73","2025-01-05 17:50:00","2025-01-05 22:55:00","","45","Sunday","evening","long","high","7842809698708794615"
"2024-11-21","2025-01-05","BOD","DUB","Dublin","https://www.kayak.fr/flights/BOD-DUB/2025-01-05?sort=price_a","12:20","20:20","540","275.0","False","BOD","DUB","N/A","N/A","N/A","","easyJet","Ryanair","N/A","44.837789, -0.57918","53.3493795, -6.2605593","1032.73","2025-01-05 12:20:00","2025-01-05 20:20:00","","45","Sunday","afternoon","long","high","5290649947764688074"
"2024-11-21","2025-01-05","BOD","DUB","Dublin","https://www.kayak.fr/flights/BOD-DUB/2025-01-05?sort=price_a","15:25","16:25","120","284.0","True","BOD","DUB","N/A","N/A","N/A","","Vueling","Ryanair","Économique","44.837789, -0.57918","53.3493795, -6.2605593","1032.73","2025-01-05 15:25:00","2025-01-05 16:25:00","","45","Sunday","afternoon","court","high","46058230499272967"
"2024-11-21","2025-01-05","BOD","DUB","Dublin","https://www.kayak.fr/flights/BOD-DUB/2025-01-05?sort=price_a","12:20","18:25","425","291.0","False","BOD","DUB","N/A","N/A","BCN","145.0","Vueling","Ryanair","Économique","44.837789, -0.57918","53.3493795, -6.2605593","1032.73","2025-01-05 12:20:00","2025-01-05 18:25:00","280.0","45","Sunday","afternoon","long","high","1890392673854613102"
"2024-11-21","2025-01-05","BOD","DUB","Dublin","https://www.kayak.fr/flights/BOD-DUB/2025-01-05?sort=price_a","12:20","17:10","350","299.0","False","BOD","DUB","N/A","N/A","BCN","145.0","Vueling","Ryanair","Économique","44.837789, -0.57918","53.3493795, -6.2605593","1032.73","2025-01-05 12:20:00","2025-01-05 17:10:00","205.0","45","Sunday","afternoon","moyen","high","8514539793005657905"
"2024-11-21","2025-01-05","BOD","DUB","Dublin","https://www.kayak.fr/flights/BOD-DUB/2025-01-05?sort=price_a","18:15","22:55","340","307.0","False","BOD","DUB","N/A","N/A","BCN","145.0","Vueling","Ryanair","N/A","44.837789, -0.57918","53.3493795, -6.2605593","1032.73","2025-01-05 18:15:00","2025-01-05 22:55:00","195.0","45","Sunday","evening","moyen","high","7135727884632256603"
"2024-11-21","2025-01-05","BOD","DUB","Dublin","https://www.kayak.fr/flights/BOD-DUB/2025-01-05?sort=price_a","18:35","22:35","300","310.0","False","BOD","DUB","N/A","N/A","N/A","","Air France","N/A","N/A","44.837789, -0.57918","53.3493795, -6.2605593","1032.73","2025-01-05 18:35:00","2025-01-05 22:35:00","","45","Sunday","evening","moyen","high","2385381513980579641"
"2024-11-21","2025-01-05","BOD","DUB","Dublin","https://www.kayak.fr/flights/BOD-DUB/2025-01-05?sort=price_a","07:00","14:50","530","312.0","False","BOD","DUB","N/A","N/A","BCN","145.0","Vueling","Ryanair","N/A","44.837789, -0.57918","53.3493795, -6.2605593","1032.73","2025-01-05 07:00:00","2025-01-05 14:50:00","385.0","45","Sunday","morning","long","high","7262694744373714848"
"2024-11-21","2025-01-05","BOD","DUB","Dublin","https://www.kayak.fr/flights/BOD-DUB/2025-01-05?sort=price_a","08:10","16:05","535","327.0","False","BOD","DUB","N/A","N/A","N/A","","easyJet","Ryanair UK","N/A","44.837789, -0.57918","53.3493795, -6.2605593","1032.73","2025-01-05 08:10:00","2025-01-05 16:05:00","","45","Sunday","morning","long","high","8995487712550654642"
"2024-11-21","2025-01-06","BOD","DUB","Dublin","https://www.kayak.fr/flights/BOD-DUB/2025-01-06?sort=price_a","20:10","08:05+1","775","112.0","False","BOD","DUB","N/A","N/A","CDG","580.0","Air France","N/A","Light","44.837789, -0.57918","53.3493795, -6.2605593","1032.73","2025-01-06 20:10:00","2025-01-07 08:05:00","195.0","46","Monday","evening","long","standard","2011523030523087217"
"2024-11-21","2025-01-06","BOD","DUB","Dublin","https://www.kayak.fr/flights/BOD-DUB/2025-01-06?sort=price_a","06:50","10:20","270","141.0","False","BOD","DUB","N/A","N/A","CDG","580.0","Air France","N/A","Light","44.837789, -0.57918","53.3493795, -6.2605593","1032.73","2025-01-06 06:50:00","2025-01-06 10:20:00","","46","Monday","morning","moyen","standard","1765930518109228485"
"2024-11-21","2025-01-06","BOD","DUB","Dublin","https://www.kayak.fr/flights/BOD-DUB/2025-01-06?sort=price_a","06:50","11:00","310","141.0","False","BOD","DUB","N/A","N/A","CDG","580.0","Air France","N/A","Light","44.837789, -0.57918","53.3493795, -6.2605593","1032.73","2025-01-06 06:50:00","2025-01-06 11:00:00","","46","Monday","morning","moyen","standard","2233606038355303854"
"2024-11-21","2025-01-06","BOD","DUB","Dublin","https://www.kayak.fr/flights/BOD-DUB/2025-01-06?sort=price_a","06:50","13:00","430","141.0","False","BOD","DUB","N/A","N/A","CDG","580.0","Air France","N/A","N/A","44.837789, -0.57918","53.3493795, -6.2605593","1032.73","2025-01-06 06:50:00","2025-01-06 13:00:00","","46","Monday","morning","long","standard","4201576897087400137"
"2024-11-21","2025-01-06","BOD","DUB","Dublin","https://www.kayak.fr/flights/BOD-DUB/2025-01-06?sort=price_a","06:50","14:30","520","141.0","False","BOD","DUB","N/A","N/A","N/A","","easyJet","Ryanair","N/A","44.837789, -0.57918","53.3493795, -6.2605593","1032.73","2025-01-06 06:50:00","2025-01-06 14:30:00","","46","Monday","morning","long","standard","1397170258382651674"
"2024-11-21","2025-01-06","BOD","DUB","Dublin","https://www.kayak.fr/flights/BOD-DUB/2025-01-06?sort=price_a","06:50","15:05","555","141.0","False","BOD","DUB","N/A","N/A","CDG","580.0","Air France","N/A","N/A","44.837789, -0.57918","53.3493795, -6.2605593","1032.73","2025-01-06 06:50:00","2025-01-06 15:05:00","","46","Monday","morning","long","standard","3216712011503411643"
"2024-11-21","2025-01-06","BOD","DUB","Dublin","https://www.kayak.fr/flights/BOD-DUB/2025-01-06?sort=price_a","06:50","14:35","525","144.0","False","BOD","DUB","N/A","N/A","N/A","","easyJet","Ryanair","N/A","44.837789, -0.57918","53.3493795, -6.2605593","1032.73","2025-01-06 06:50:00","2025-01-06 14:35:00","","46","Monday","morning","long","standard","7014295679764060006"
"2024-11-21","2025-01-06","BOD","DUB","Dublin","https://www.kayak.fr/flights/BOD-DUB/2025-01-06?sort=price_a","06:50","15:05","555","144.0","False","BOD","DUB","N/A","N/A","N/A","","easyJet","Ryanair","N/A","44.837789, -0.57918","53.3493795, -6.2605593","1032.73","2025-01-06 06:50:00","2025-01-06 15:05:00","","46","Monday","morning","long","standard","7026156256498159086"
"2024-11-21","2025-01-06","BOD","DUB","Dublin","https://www.kayak.fr/flights/BOD-DUB/2025-01-06?sort=price_a","16:50","00:50+1","540","152.0","False","BOD","DUB","N/A","N/A","LGW","90.0","easyJet","Ryanair","Standard","44.837789, -0.57918","53.3493795, -6.2605593","1032.73","2025-01-06 16:50:00","2025-01-07 00:50:00","450.0","46","Monday","afternoon","long","standard","2843061132242980801"
"2024-11-21","2025-01-06","BOD","DUB","Dublin","https://www.kayak.fr/flights/BOD-DUB/2025-01-06?sort=price_a","09:55","17:45","530","158.0","False","BOD","DUB","N/A","N/A","LGW","90.0","easyJet","Ryanair","Standard","44.837789, -0.57918","53.3493795, -6.2605593","1032.73","2025-01-06 09:55:00","2025-01-06 17:45:00","440.0","46","Monday","morning","long","high","6046053062021807916"
"2024-11-21","2025-01-06","BOD","DUB","Dublin","https://www.kayak.fr/flights/BOD-DUB/2025-01-06?sort=price_a","09:55","17:40","525","159.0","False","BOD","DUB","N/A","N/A","LGW","90.0","easyJet","Ryanair","Standard","44.837789, -0.57918","53.3493795, -6.2605593","1032.73","2025-01-06 09:55:00","2025-01-06 17:40:00","435.0","46","Monday","morning","long","high","4484687135493037400"
"2024-11-21","2025-01-06","BOD","DUB","Dublin","https://www.kayak.fr/flights/BOD-DUB/2025-01-06?sort=price_a","13:55","21:30","515","163.0","False","BOD","DUB","N/A","N/A","LGW","90.0","easyJet","Ryanair","N/A","44.837789, -0.57918","53.3493795, -6.2605593","1032.73","2025-01-06 13:55:00","2025-01-06 21:30:00","425.0","46","Monday","afternoon","long","high","7603301632087600209"
"2024-11-21","2025-01-06","BOD","DUB","Dublin","https://www.kayak.fr/flights/BOD-DUB/2025-01-06?sort=price_a","16:35","00:50+1","555","171.0","False","BOD","DUB","N/A","N/A","N/A","","easyJet","TAP AIR PORTUGAL","N/A","44.837789, -0.57918","53.3493795, -6.2605593","1032.73","2025-01-06 16:35:00","2025-01-07 00:50:00","","46","Monday","afternoon","long","high","2444704368377681432"
"2024-11-21","2025-01-06","BOD","DUB","Dublin","https://www.kayak.fr/flights/BOD-DUB/2025-01-06?sort=price_a","13:55","21:45","530","172.0","False","BOD","DUB","N/A","N/A","LGW","90.0","easyJet","Ryanair","N/A","44.837789, -0.57918","53.3493795, -6.2605593","1032.73","2025-01-06 13:55:00","2025-01-06 21:45:00","440.0","46","Monday","afternoon","long","high","6055879007303933062"
"2024-11-21","2025-01-06","BOD","DUB","Dublin","https://www.kayak.fr/flights/BOD-DUB/2025-01-06?sort=price_a","10:40","15:40","360","173.0","False","BOD","DUB","N/A","N/A","N/A","","easyJet","Ryanair","N/A","44.837789, -0.57918","53.3493795, -6.2605593","1032.73","2025-01-06 10:40:00","2025-01-06 15:40:00","","46","Monday","morning","moyen","high","5357420619848660653"
"2024-11-21","2025-01-07","BOD","DUB","Dublin","https://www.kayak.fr/flights/BOD-DUB/2025-01-07?sort=price_a","19:50","16:00+1","1270","87.0","False","BOD","DUB","N/A","N/A","BCN","790.0","Vueling","Ryanair","Économique","44.837789, -0.57918","53.3493795, -6.2605593","1032.73","2025-01-07 19:50:00","2025-01-08 16:00:00","480.0","47","Tuesday","evening","long","cheap","6749860771252801963"
"2024-11-21","2025-01-07","BOD","DUB","Dublin","https://www.kayak.fr/flights/BOD-DUB/2025-01-07?sort=price_a","18:00","08:05+1","905","94.0","False","BOD","DUB","N/A","N/A","BCN","790.0","Vueling","Ryanair","Économique","44.837789, -0.57918","53.3493795, -6.2605593","1032.73","2025-01-07 18:00:00","2025-01-08 08:05:00","115.0","47","Tuesday","evening","long","cheap","7011272550241177738"
"2024-11-21","2025-01-07","BOD","DUB","Dublin","https://www.kayak.fr/flights/BOD-DUB/2025-01-07?sort=price_a","19:55","11:30+1","995","96.0","False","BOD","DUB","N/A","N/A","BCN","790.0","Vueling","Ryanair","Économique","44.837789, -0.57918","53.3493795, -6.2605593","1032.73","2025-01-07 19:55:00","2025-01-08 11:30:00","205.0","47","Tuesday","evening","long","cheap","6604843495147714705"
"2024-11-21","2025-01-07","BOD","DUB","Dublin","https://www.kayak.fr/flights/BOD-DUB/2025-01-07?sort=price_a","07:25","11:00","275","105.0","False","BOD","DUB","N/A","N/A","BCN","790.0","Vueling","Ryanair","N/A","44.837789, -0.57918","53.3493795, -6.2605593","1032.73","2025-01-07 07:25:00","2025-01-07 11:00:00","","47","Tuesday","morning","moyen","cheap","2110259289914168204"
"2024-11-21","2025-01-07","BOD","DUB","Dublin","https://www.kayak.fr/flights/BOD-DUB/2025-01-07?sort=price_a","07:25","12:45","380","105.0","False","BOD","DUB","N/A","N/A","N/A","","easyJet","Ryanair","N/A","44.837789, -0.57918","53.3493795, -6.2605593","1032.73","2025-01-07 07:25:00","2025-01-07 12:45:00","","47","Tuesday","morning","long","cheap","2694500402088201116"
"2024-11-21","2025-01-07","BOD","DUB","Dublin","https://www.kayak.fr/flights/BOD-DUB/2025-01-07?sort=price_a","07:25","14:45","500","105.0","False","BOD","DUB","N/A","N/A","BCN","790.0","Vueling","Ryanair","N/A","44.837789, -0.57918","53.3493795, -6.2605593","1032.73","2025-01-07 07:25:00","2025-01-07 14:45:00","","47","Tuesday","morning","long","cheap","4643447189316461391"
"2024-11-21","2025-01-07","BOD","DUB","Dublin","https://www.kayak.fr/flights/BOD-DUB/2025-01-07?sort=price_a","07:25","19:05","760","105.0","False","BOD","DUB","N/A","N/A","N/A","","easyJet","Ryanair","N/A","44.837789, -0.57918","53.3493795, -6.2605593","1032.73","2025-01-07 07:25:00","2025-01-07 19:05:00","","47","Tuesday","morning","long","cheap","1648967966024207350"
"2024-11-21","2025-01-07","BOD","DUB","Dublin","https://www.kayak.fr/flights/BOD-DUB/2025-01-07?sort=price_a","07:25","21:15","890","105.0","False","BOD","DUB","N/A","N/A","N/A","","easyJet","Ryanair","N/A","44.837789, -0.57918","53.3493795, -6.2605593","1032.73","2025-01-07 07:25:00","2025-01-07 21:15:00","","47","Tuesday","morning","long","cheap","4229958849719431182"
"2024-11-21","2025-01-07","BOD","DUB","Dublin","https://www.kayak.fr/flights/BOD-DUB/2025-01-07?sort=price_a","07:25","23:00","995","105.0","False","BOD","DUB","N/A","N/A","AMS","690.0","KLM","N/A","Light","44.837789, -0.57918","53.3493795, -6.2605593","1032.73","2025-01-07 07:25:00","2025-01-07 23:00:00","305.0","47","Tuesday","morning","long","cheap","6904243800966608402"
"2024-11-21","2025-01-07","BOD","DUB","Dublin","https://www.kayak.fr/flights/BOD-DUB/2025-01-07?sort=price_a","06:00","16:40","700","114.0","False","BOD","DUB","N/A","N/A","AMS","690.0","KLM","N/A","Light","44.837789, -0.57918","53.3493795, -6.2605593","1032.73","2025-01-07 06:00:00","2025-01-07 16:40:00","10.0","47","Tuesday","morning","long","standard","5402885217702862687"
"2024-11-21","2025-01-07","BOD","DUB","Dublin","https://www.kayak.fr/flights/BOD-DUB/2025-01-07?sort=price_a","20:10","08:05+1","775","114.0","False","BOD","DUB","N/A","N/A","AMS","690.0","KLM","N/A","Light","44.837789, -0.57918","53.3493795, -6.2605593","1032.73","2025-01-07 20:10:00","2025-01-08 08:05:00","85.0","47","Tuesday","evening","long","standard","3697286017011296411"
"2024-11-21","2025-01-07","BOD","DUB","Dublin","https://www.kayak.fr/flights/BOD-DUB/2025-01-07?sort=price_a","18:50","08:05+1","855","117.0","False","BOD","DUB","N/A","N/A","AMS","690.0","KLM","N/A","N/A","44.837789, -0.57918","53.3493795, -6.2605593","1032.73","2025-01-07 18:50:00","2025-01-08 08:05:00","165.0","47","Tuesday","evening","long","standard","6319547206041970230"
"2024-11-21","2025-01-07","BOD","DUB","Dublin","https://www.kayak.fr/flights/BOD-DUB/2025-01-07?sort=price_a","18:50","10:10+1","980","117.0","False","BOD","DUB","N/A","N/A","N/A","","easyJet","Ryanair","N/A","44.837789, -0.57918","53.3493795, -6.2605593","1032.73","2025-01-07 18:50:00","2025-01-08 10:10:00","","47","Tuesday","evening","long","standard","1054755103960308504"
"2024-11-21","2025-01-07","BOD","DUB","Dublin","https://www.kayak.fr/flights/BOD-DUB/2025-01-07?sort=price_a","18:50","07:50+1","840","119.0","False","BOD","DUB","N/A","N/A","AMS","690.0","KLM","N/A","N/A","44.837789, -0.57918","53.3493795, -6.2605593","1032.73","2025-01-07 18:50:00","2025-01-08 07:50:00","150.0","47","Tuesday","evening","long","standard","336851588036693271"
"2024-11-21","2025-01-07","BOD","DUB","Dublin","https://www.kayak.fr/flights/BOD-DUB/2025-01-07?sort=price_a","18:50","09:35+1","945","119.0","False","BOD","DUB","N/A","N/A","N/A","","easyJet","Ryanair","N/A","44.837789, -0.57918","53.3493795, -6.2605593","1032.73","2025-01-07 18:50:00","2025-01-08 09:35:00","","47","Tuesday","evening","long","standard","2618037156578174454"
"2024-11-21","2025-01-08","BOD","DUB","Dublin","https://www.kayak.fr/flights/BOD-DUB/2025-01-08?sort=price_a","06:50","11:30","340","81.0","False","BOD","DUB","N/A","N/A","LGW","160.0","easyJet","Ryanair","Standard","44.837789, -0.57918","53.3493795, -6.2605593","1032.73","2025-01-08 06:50:00","2025-01-08 11:30:00","180.0","48","Wednesday","morning","moyen","cheap","449107169839123077"
"2024-11-21","2025-01-08","BOD","DUB","Dublin","https://www.kayak.fr/flights/BOD-DUB/2025-01-08?sort=price_a","06:50","12:35","405","81.0","False","BOD","DUB","N/A","N/A","LGW","160.0","easyJet","Ryanair","Standard","44.837789, -0.57918","53.3493795, -6.2605593","1032.73","2025-01-08 06:50:00","2025-01-08 12:35:00","245.0","48","Wednesday","morning","long","cheap","241300960108031877"
"2024-11-21","2025-01-08","BOD","DUB","Dublin","https://www.kayak.fr/flights/BOD-DUB/2025-01-08?sort=price_a","06:50","15:45","595","81.0","False","BOD","DUB","N/A","N/A","LGW","160.0","easyJet","Ryanair","Standard","44.837789, -0.57918","53.3493795, -6.2605593","1032.73","2025-01-08 06:50:00","2025-01-08 15:45:00","435.0","48","Wednesday","morning","long","cheap","5389238451205944733"
"2024-11-21","2025-01-08","BOD","DUB","Dublin","https://www.kayak.fr/flights/BOD-DUB/2025-01-08?sort=price_a","15:25","16:25","120","87.0","True","BOD","DUB","N/A","N/A","N/A","","easyJet","Ryanair","N/A","44.837789, -0.57918","53.3493795, -6.2605593","1032.73","2025-01-08 15:25:00","2025-01-08 16:25:00","","48","Wednesday","afternoon","court","cheap","3902476399864401192"
"2024-11-21","2025-01-08","BOD","DUB","Dublin","https://www.kayak.fr/flights/BOD-DUB/2025-01-08?sort=price_a","12:30","16:40","310","111.0","False","BOD","DUB","N/A","N/A","N/A","","KLM","N/A","N/A","44.837789, -0.57918","53.3493795, -6.2605593","1032.73","2025-01-08 12:30:00","2025-01-08 16:40:00","","48","Wednesday","afternoon","moyen","cheap","7966291046998545847"
"2024-11-21","2025-01-08","BOD","DUB","Dublin","https://www.kayak.fr/flights/BOD-DUB/2025-01-08?sort=price_a","06:00","12:40","460","118.0","False","BOD","DUB","N/A","N/A","LGW","160.0","easyJet","Ryanair","N/A","44.837789, -0.57918","53.3493795, -6.2605593","1032.73","2025-01-08 06:00:00","2025-01-08 12:40:00","300.0","48","Wednesday","morning","long","standard","2378142595671063345"
"2024-11-21","2025-01-08","BOD","DUB","Dublin","https://www.kayak.fr/flights/BOD-DUB/2025-01-08?sort=price_a","18:00","22:05","305","123.0","False","BOD","DUB","N/A","N/A","N/A","","KLM","N/A","N/A","44.837789, -0.57918","53.3493795, -6.2605593","1032.73","2025-01-08 18:00:00","2025-01-08 22:05:00","","48","Wednesday","evening","moyen","standard","4292793117622931935"
"2024-11-21","2025-01-08","BOD","DUB","Dublin","https://www.kayak.fr/flights/BOD-DUB/2025-01-08?sort=price_a","06:50","13:35","465","147.0","False","BOD","DUB","N/A","N/A","N/A","","easyJet","Aer Lingus","N/A","44.837789, -0.57918","53.3493795, -6.2605593","1032.73","2025-01-08 06:50:00","2025-01-08 13:35:00","","48","Wednesday","morning","long","standard","2567529588998723165"
"2024-11-21","2025-01-08","BOD","DUB","Dublin","https://www.kayak.fr/flights/BOD-DUB/2025-01-08?sort=price_a","06:50","12:05","375","164.0","False","BOD","DUB","N/A","N/A","LGW","225.0","easyJet","Ryanair","Standard","44.837789, -0.57918","53.3493795, -6.2605593","1032.73","2025-01-08 06:50:00","2025-01-08 12:05:00","150.0","48","Wednesday","morning","long","high","1007268664235533713"
"2024-11-21","2025-01-08","BOD","DUB","Dublin","https://www.kayak.fr/flights/BOD-DUB/2025-01-08?sort=price_a","09:20","14:20","360","179.0","False","BOD","DUB","N/A","N/A","LGW","225.0","easyJet","Ryanair","Standard","44.837789, -0.57918","53.3493795, -6.2605593","1032.73","2025-01-08 09:20:00","2025-01-08 14:20:00","135.0","48","Wednesday","morning","moyen","high","7091679244749697980"
"2024-11-21","2025-01-08","BOD","DUB","Dublin","https://www.kayak.fr/flights/BOD-DUB/2025-01-08?sort=price_a","12:30","17:20","350","182.0","False","BOD","DUB","N/A","N/A","LGW","225.0","easyJet","Ryanair","Standard","44.837789, -0.57918","53.3493795, -6.2605593","1032.73","2025-01-08 12:30:00","2025-01-08 17:20:00","125.0","48","Wednesday","afternoon","moyen","high","8074815322376018176"
"2024-11-21","2025-01-08","BOD","DUB","Dublin","https://www.kayak.fr/flights/BOD-DUB/2025-01-08?sort=price_a","12:30","17:20","350","182.0","False","BOD","DUB","N/A","N/A","LGW","225.0","easyJet","Ryanair","N/A","44.837789, -0.57918","53.3493795, -6.2605593","1032.73","2025-01-08 12:30:00","2025-01-08 17:20:00","125.0","48","Wednesday","afternoon","moyen","high","8074815322376018176"
"2024-11-21","2025-01-08","BOD","DUB","Dublin","https://www.kayak.fr/flights/BOD-DUB/2025-01-08?sort=price_a","06:00","14:00","540","198.0","False","BOD","DUB","N/A","N/A","N/A","","KLM","Aer Lingus","N/A","44.837789, -0.57918","53.3493795, -6.2605593","1032.73","2025-01-08 06:00:00","2025-01-08 14:00:00","","48","Wednesday","morning","long","high","7519800665579349588"
"2024-11-21","2025-01-08","BOD","DUB","Dublin","https://www.kayak.fr/flights/BOD-DUB/2025-01-08?sort=price_a","06:00","14:00","540","198.0","False","BOD","DUB","N/A","N/A","LGW","225.0","easyJet","Ryanair","N/A","44.837789, -0.57918","53.3493795, -6.2605593","1032.73","2025-01-08 06:00:00","2025-01-08 14:00:00","315.0","48","Wednesday","morning","long","high","784109732722967165"
"2024-11-21","2025-01-08","BOD","DUB","Dublin","https://www.kayak.fr/flights/BOD-DUB/2025-01-08?sort=price_a","12:30","19:55","505","203.0","False","BOD","DUB","N/A","N/A","N/A","","KLM","Aer Lingus","N/A","44.837789, -0.57918","53.3493795, -6.2605593","1032.73","2025-01-08 12:30:00","2025-01-08 19:55:00","","48","Wednesday","afternoon","long","high","4489800354230238709"
"2024-11-21","2025-01-09","BOD","DUB","Dublin","https://www.kayak.fr/flights/BOD-DUB/2025-01-09?sort=price_a","15:25","16:25","120","53.0","True","BOD","DUB","N/A","N/A","N/A","","Aer Lingus","N/A","Saver","44.837789, -0.57918","53.3493795, -6.2605593","1032.73","2025-01-09 15:25:00","2025-01-09 16:25:00","","49","Thursday","afternoon","court","cheap","3744486481709175218"
"2024-11-21","2025-01-09","BOD","DUB","Dublin","https://www.kayak.fr/flights/BOD-DUB/2025-01-09?sort=price_a","13:35","20:15","460","105.0","False","BOD","DUB","N/A","N/A","N/A","","Aer Lingus","N/A","Saver","44.837789, -0.57918","53.3493795, -6.2605593","1032.73","2025-01-09 13:35:00","2025-01-09 20:15:00","","49","Thursday","afternoon","long","cheap","3443304696042128726"
"2024-11-21","2025-01-09","BOD","DUB","Dublin","https://www.kayak.fr/flights/BOD-DUB/2025-01-09?sort=price_a","12:30","16:40","310","114.0","False","BOD","DUB","N/A","N/A","N/A","","Aer Lingus","N/A","Saver","44.837789, -0.57918","53.3493795, -6.2605593","1032.73","2025-01-09 12:30:00","2025-01-09 16:40:00","","49","Thursday","afternoon","moyen","standard","2883956969020325471"
"2024-11-21","2025-01-09","BOD","DUB","Dublin","https://www.kayak.fr/flights/BOD-DUB/2025-01-09?sort=price_a","09:25","15:25","420","116.0","False","BOD","DUB","N/A","N/A","N/A","","Aer Lingus","N/A","N/A","44.837789, -0.57918","53.3493795, -6.2605593","1032.73","2025-01-09 09:25:00","2025-01-09 15:25:00","","49","Thursday","morning","long","standard","5553783183688932233"
"2024-11-21","2025-01-09","BOD","DUB","Dublin","https://www.kayak.fr/flights/BOD-DUB/2025-01-09?sort=price_a","06:00","12:40","460","126.0","False","BOD","DUB","N/A","N/A","N/A","","KLM","N/A","N/A","44.837789, -0.57918","53.3493795, -6.2605593","1032.73","2025-01-09 06:00:00","2025-01-09 12:40:00","","49","Thursday","morning","long","standard","6741853388474963022"
"2024-11-21","2025-01-09","BOD","DUB","Dublin","https://www.kayak.fr/flights/BOD-DUB/2025-01-09?sort=price_a","13:35","21:35","540","135.0","False","BOD","DUB","N/A","N/A","N/A","","Aer Lingus","N/A","N/A","44.837789, -0.57918","53.3493795, -6.2605593","1032.73","2025-01-09 13:35:00","2025-01-09 21:35:00","","49","Thursday","afternoon","long","standard","4758994892018135052"
"2024-11-21","2025-01-09","BOD","DUB","Dublin","https://www.kayak.fr/flights/BOD-DUB/2025-01-09?sort=price_a","07:00","14:50","530","138.0","False","BOD","DUB","N/A","N/A","N/A","","easyJet","Ryanair","N/A","44.837789, -0.57918","53.3493795, -6.2605593","1032.73","2025-01-09 07:00:00","2025-01-09 14:50:00","","49","Thursday","morning","long","standard","4117309921099133901"
"2024-11-21","2025-01-09","BOD","DUB","Dublin","https://www.kayak.fr/flights/BOD-DUB/2025-01-09?sort=price_a","18:30","22:50","320","166.0","False","BOD","DUB","N/A","N/A","N/A","","Lufthansa","N/A","N/A","44.837789, -0.57918","53.3493795, -6.2605593","1032.73","2025-01-09 18:30:00","2025-01-09 22:50:00","","49","Thursday","evening","moyen","high","8773262381993158865"
"2024-11-21","2025-01-09","BOD","DUB","Dublin","https://www.kayak.fr/flights/BOD-DUB/2025-01-09?sort=price_a","15:55","22:50","475","179.0","False","BOD","DUB","N/A","N/A","BCN","220.0","Vueling","Ryanair","Économique","44.837789, -0.57918","53.3493795, -6.2605593","1032.73","2025-01-09 15:55:00","2025-01-09 22:50:00","255.0","49","Thursday","afternoon","long","high","3926104990348587064"
"2024-11-21","2025-01-09","BOD","DUB","Dublin","https://www.kayak.fr/flights/BOD-DUB/2025-01-09?sort=price_a","18:00","22:05","305","194.0","False","BOD","DUB","N/A","N/A","BCN","220.0","Vueling","Ryanair","Économique","44.837789, -0.57918","53.3493795, -6.2605593","1032.73","2025-01-09 18:00:00","2025-01-09 22:05:00","85.0","49","Thursday","evening","moyen","high","2911485202538128221"
"2024-11-21","2025-01-09","BOD","DUB","Dublin","https://www.kayak.fr/flights/BOD-DUB/2025-01-09?sort=price_a","09:05","16:10","485","203.0","False","BOD","DUB","N/A","N/A","BCN","220.0","Vueling","Ryanair","Économique","44.837789, -0.57918","53.3493795, -6.2605593","1032.73","2025-01-09 09:05:00","2025-01-09 16:10:00","265.0","49","Thursday","morning","long","high","1320973763540448795"
"2024-11-21","2025-01-09","BOD","DUB","Dublin","https://www.kayak.fr/flights/BOD-DUB/2025-01-09?sort=price_a","14:50","22:50","540","228.0","False","BOD","DUB","N/A","N/A","BCN","220.0","Vueling","Ryanair","N/A","44.837789, -0.57918","53.3493795, -6.2605593","1032.73","2025-01-09 14:50:00","2025-01-09 22:50:00","320.0","49","Thursday","afternoon","long","high","4819315819416476541"
"2024-11-21","2025-01-09","BOD","DUB","Dublin","https://www.kayak.fr/flights/BOD-DUB/2025-01-09?sort=price_a","05:58","15:40","642","228.0","False","BOD","DUB","N/A","N/A","N/A","","Air France","N/A","N/A","44.837789, -0.57918","53.3493795, -6.2605593","1032.73","2025-01-09 05:58:00","2025-01-09 15:40:00","","49","Thursday","morning","long","high","7624709910909897832"
"2024-11-21","2025-01-09","BOD","DUB","Dublin","https://www.kayak.fr/flights/BOD-DUB/2025-01-09?sort=price_a","18:35","22:50","315","250.0","False","BOD","DUB","N/A","N/A","BCN","220.0","Vueling","Ryanair","N/A","44.837789, -0.57918","53.3493795, -6.2605593","1032.73","2025-01-09 18:35:00","2025-01-09 22:50:00","95.0","49","Thursday","evening","moyen","high","8361765424351562770"
"2024-11-21","2025-01-09","BOD","DUB","Dublin","https://www.kayak.fr/flights/BOD-DUB/2025-01-09?sort=price_a","09:25","17:00","515","251.0","False","BOD","DUB","N/A","N/A","N/A","","easyJet","British Airways","N/A","44.837789, -0.57918","53.3493795, -6.2605593","1032.73","2025-01-09 09:25:00","2025-01-09 17:00:00","","49","Thursday","morning","long","high","2863110552169778715"
"2024-11-21","2025-01-10","BOD","DUB","Dublin","https://www.kayak.fr/flights/BOD-DUB/2025-01-10?sort=price_a","15:25","16:25","120","54.0","True","BOD","DUB","N/A","N/A","N/A","","Aer Lingus","N/A","Saver","44.837789, -0.57918","53.3493795, -6.2605593","1032.73","2025-01-10 15:25:00","2025-01-10 16:25:00","","50","Friday","afternoon","court","cheap","4833648723398368126"
"2024-11-21","2025-01-10","BOD","DUB","Dublin","https://www.kayak.fr/flights/BOD-DUB/2025-01-10?sort=price_a","13:35","19:45","430","97.0","False","BOD","DUB","N/A","N/A","N/A","","Aer Lingus","N/A","Saver","44.837789, -0.57918","53.3493795, -6.2605593","1032.73","2025-01-10 13:35:00","2025-01-10 19:45:00","","50","Friday","afternoon","long","cheap","2567155168746703721"
"2024-11-21","2025-01-10","BOD","DUB","Dublin","https://www.kayak.fr/flights/BOD-DUB/2025-01-10?sort=price_a","09:55","14:55","360","98.0","False","BOD","DUB","N/A","N/A","N/A","","Aer Lingus","N/A","Saver","44.837789, -0.57918","53.3493795, -6.2605593","1032.73","2025-01-10 09:55:00","2025-01-10 14:55:00","","50","Friday","morning","moyen","cheap","8280721451764151216"
"2024-11-21","2025-01-10","BOD","DUB","Dublin","https://www.kayak.fr/flights/BOD-DUB/2025-01-10?sort=price_a","13:35","18:00","325","102.0","False","BOD","DUB","N/A","N/A","N/A","","Aer Lingus","N/A","N/A","44.837789, -0.57918","53.3493795, -6.2605593","1032.73","2025-01-10 13:35:00","2025-01-10 18:00:00","","50","Friday","afternoon","moyen","cheap","191897291150275690"
"2024-11-21","2025-01-10","BOD","DUB","Dublin","https://www.kayak.fr/flights/BOD-DUB/2025-01-10?sort=price_a","09:55","18:00","545","102.0","False","BOD","DUB","N/A","N/A","N/A","","Vueling","Ryanair","N/A","44.837789, -0.57918","53.3493795, -6.2605593","1032.73","2025-01-10 09:55:00","2025-01-10 18:00:00","","50","Friday","morning","long","cheap","8544400488599727766"
"2024-11-21","2025-01-10","BOD","DUB","Dublin","https://www.kayak.fr/flights/BOD-DUB/2025-01-10?sort=price_a","17:40","00:50+1","490","104.0","False","BOD","DUB","N/A","N/A","N/A","","Aer Lingus","N/A","N/A","44.837789, -0.57918","53.3493795, -6.2605593","1032.73","2025-01-10 17:40:00","2025-01-11 00:50:00","","50","Friday","evening","long","cheap","3577916284004016148"
"2024-11-21","2025-01-10","BOD","DUB","Dublin","https://www.kayak.fr/flights/BOD-DUB/2025-01-10?sort=price_a","09:55","17:40","525","106.0","False","BOD","DUB","N/A","N/A","N/A","","Vueling","Ryanair","N/A","44.837789, -0.57918","53.3493795, -6.2605593","1032.73","2025-01-10 09:55:00","2025-01-10 17:40:00","","50","Friday","morning","long","cheap","6983159001702366186"
"2024-11-21","2025-01-10","BOD","DUB","Dublin","https://www.kayak.fr/flights/BOD-DUB/2025-01-10?sort=price_a","14:45","18:30","285","114.0","False","BOD","DUB","N/A","N/A","N/A","","easyJet","Ryanair","N/A","44.837789, -0.57918","53.3493795, -6.2605593","1032.73","2025-01-10 14:45:00","2025-01-10 18:30:00","","50","Friday","afternoon","moyen","standard","7100037266436639781"
"2024-11-21","2025-01-10","BOD","DUB","Dublin","https://www.kayak.fr/flights/BOD-DUB/2025-01-10?sort=price_a","06:00","12:40","460","114.0","False","BOD","DUB","N/A","N/A","BCN","190.0","Vueling","Ryanair","Économique","44.837789, -0.57918","53.3493795, -6.2605593","1032.73","2025-01-10 06:00:00","2025-01-10 12:40:00","270.0","50","Friday","morning","long","standard","7029854132351972871"
"2024-11-21","2025-01-10","BOD","DUB","Dublin","https://www.kayak.fr/flights/BOD-DUB/2025-01-10?sort=price_a","09:55","17:45","530","121.0","False","BOD","DUB","N/A","N/A","BCN","190.0","Vueling","Ryanair","Économique","44.837789, -0.57918","53.3493795, -6.2605593","1032.73","2025-01-10 09:55:00","2025-01-10 17:45:00","340.0","50","Friday","morning","long","standard","4005753658183471020"
"2024-11-21","2025-01-10","BOD","DUB","Dublin","https://www.kayak.fr/flights/BOD-DUB/2025-01-10?sort=price_a","10:50","17:45","475","127.0","False","BOD","DUB","N/A","N/A","BCN","190.0","Vueling","Ryanair","Économique","44.837789, -0.57918","53.3493795, -6.2605593","1032.73","2025-01-10 10:50:00","2025-01-10 17:45:00","285.0","50","Friday","morning","long","standard","8882181349065872400"
"2024-11-21","2025-01-10","BOD","DUB","Dublin","https://www.kayak.fr/flights/BOD-DUB/2025-01-10?sort=price_a","16:20","22:55","455","155.0","False","BOD","DUB","N/A","N/A","BCN","190.0","Vueling","Ryanair","N/A","44.837789, -0.57918","53.3493795, -6.2605593","1032.73","2025-01-10 16:20:00","2025-01-10 22:55:00","265.0","50","Friday","afternoon","long","high","6359095221292261284"
"2024-11-21","2025-01-10","BOD","DUB","Dublin","https://www.kayak.fr/flights/BOD-DUB/2025-01-10?sort=price_a","18:05","22:05","300","161.0","False","BOD","DUB","N/A","N/A","N/A","","KLM","N/A","N/A","44.837789, -0.57918","53.3493795, -6.2605593","1032.73","2025-01-10 18:05:00","2025-01-10 22:05:00","","50","Friday","evening","moyen","high","6295938048660480880"
"2024-11-21","2025-01-10","BOD","DUB","Dublin","https://www.kayak.fr/flights/BOD-DUB/2025-01-10?sort=price_a","13:55","21:25","510","187.0","False","BOD","DUB","N/A","N/A","BCN","190.0","Vueling","Ryanair","N/A","44.837789, -0.57918","53.3493795, -6.2605593","1032.73","2025-01-10 13:55:00","2025-01-10 21:25:00","320.0","50","Friday","afternoon","long","high","7861502065889036651"
"2024-11-21","2025-01-10","BOD","DUB","Dublin","https://www.kayak.fr/flights/BOD-DUB/2025-01-10?sort=price_a","12:30","16:40","310","192.0","False","BOD","DUB","N/A","N/A","N/A","","KLM","N/A","N/A","44.837789, -0.57918","53.3493795, -6.2605593","1032.73","2025-01-10 12:30:00","2025-01-10 16:40:00","","50","Friday","afternoon","moyen","high","1962500249767770467"
"2024-11-21","2025-01-11","BOD","DUB","Dublin","https://www.kayak.fr/flights/BOD-DUB/2025-01-11?sort=price_a","21:45","23:50+1","1625","70.0","False","BOD","DUB","N/A","N/A","BCN","1390.0","Vueling","Ryanair","Économique","44.837789, -0.57918","53.3493795, -6.2605593","1032.73","2025-01-11 21:45:00","2025-01-12 23:50:00","235.0","51","Saturday","evening","long","cheap","1803125570782398968"
"2024-11-21","2025-01-11","BOD","DUB","Dublin","https://www.kayak.fr/flights/BOD-DUB/2025-01-11?sort=price_a","21:45","13:55+1","1030","81.0","False","BOD","DUB","N/A","N/A","BCN","1390.0","Vueling","Ryanair","Économique","44.837789, -0.57918","53.3493795, -6.2605593","1032.73","2025-01-11 21:45:00","2025-01-12 13:55:00","","51","Saturday","evening","long","cheap","1370826156077162920"
"2024-11-21","2025-01-11","BOD","DUB","Dublin","https://www.kayak.fr/flights/BOD-DUB/2025-01-11?sort=price_a","21:45","11:35+1","890","82.0","False","BOD","DUB","N/A","N/A","BCN","1390.0","Vueling","Ryanair","Économique","44.837789, -0.57918","53.3493795, -6.2605593","1032.73","2025-01-11 21:45:00","2025-01-12 11:35:00","","51","Saturday","evening","long","cheap","409308600562712639"
"2024-11-21","2025-01-11","BOD","DUB","Dublin","https://www.kayak.fr/flights/BOD-DUB/2025-01-11?sort=price_a","21:45","13:00+1","975","82.0","False","BOD","DUB","N/A","N/A","BCN","1390.0","Vueling","Ryanair","N/A","44.837789, -0.57918","53.3493795, -6.2605593","1032.73","2025-01-11 21:45:00","2025-01-12 13:00:00","","51","Saturday","evening","long","cheap","953696388153468405"
"2024-11-21","2025-01-11","BOD","DUB","Dublin","https://www.kayak.fr/flights/BOD-DUB/2025-01-11?sort=price_a","21:45","14:55+1","1090","83.0","False","BOD","DUB","N/A","N/A","N/A","","Vueling","Aer Lingus","N/A","44.837789, -0.57918","53.3493795, -6.2605593","1032.73","2025-01-11 21:45:00","2025-01-12 14:55:00","","51","Saturday","evening","long","cheap","256854390815337402"
"2024-11-21","2025-01-11","BOD","DUB","Dublin","https://www.kayak.fr/flights/BOD-DUB/2025-01-11?sort=price_a","21:45","10:35+1","830","86.0","False","BOD","DUB","N/A","N/A","BCN","1390.0","Vueling","Ryanair","N/A","44.837789, -0.57918","53.3493795, -6.2605593","1032.73","2025-01-11 21:45:00","2025-01-12 10:35:00","","51","Saturday","evening","long","cheap","8050932023886671700"
"2024-11-21","2025-01-11","BOD","DUB","Dublin","https://www.kayak.fr/flights/BOD-DUB/2025-01-11?sort=price_a","21:45","11:40+1","895","87.0","False","BOD","DUB","N/A","N/A","N/A","","Vueling","Ryanair","N/A","44.837789, -0.57918","53.3493795, -6.2605593","1032.73","2025-01-11 21:45:00","2025-01-12 11:40:00","","51","Saturday","evening","long","cheap","1355938924304351056"
"2024-11-21","2025-01-11","BOD","DUB","Dublin","https://www.kayak.fr/flights/BOD-DUB/2025-01-11?sort=price_a","21:45","14:25+1","1060","87.0","False","BOD","DUB","N/A","N/A","N/A","","Vueling","Ryanair","N/A","44.837789, -0.57918","53.3493795, -6.2605593","1032.73","2025-01-11 21:45:00","2025-01-12 14:25:00","","51","Saturday","evening","long","cheap","7259110501215839987"
"2024-11-21","2025-01-11","BOD","DUB","Dublin","https://www.kayak.fr/flights/BOD-DUB/2025-01-11?sort=price_a","21:45","13:40+1","1015","105.0","False","BOD","DUB","N/A","N/A","BCN","475.0","Vueling","Ryanair","Économique","44.837789, -0.57918","53.3493795, -6.2605593","1032.73","2025-01-11 21:45:00","2025-01-12 13:40:00","540.0","51","Saturday","evening","long","cheap","2606076268519956737"
"2024-11-21","2025-01-11","BOD","DUB","Dublin","https://www.kayak.fr/flights/BOD-DUB/2025-01-11?sort=price_a","21:45","13:20+1","995","111.0","False","BOD","DUB","N/A","N/A","BCN","475.0","Vueling","Ryanair","Économique","44.837789, -0.57918","53.3493795, -6.2605593","1032.73","2025-01-11 21:45:00","2025-01-12 13:20:00","520.0","51","Saturday","evening","long","cheap","8168549308341820396"
"2024-11-21","2025-01-11","BOD","DUB","Dublin","https://www.kayak.fr/flights/BOD-DUB/2025-01-11?sort=price_a","21:45","13:25+1","1000","111.0","False","BOD","DUB","N/A","N/A","BCN","475.0","Vueling","Ryanair","Économique","44.837789, -0.57918","53.3493795, -6.2605593","1032.73","2025-01-11 21:45:00","2025-01-12 13:25:00","525.0","51","Saturday","evening","long","cheap","1154742966928236583"
"2024-11-21","2025-01-11","BOD","DUB","Dublin","https://www.kayak.fr/flights/BOD-DUB/2025-01-11?sort=price_a","11:30","21:50","680","118.0","False","BOD","DUB","N/A","N/A","BCN","475.0","Vueling","Ryanair","N/A","44.837789, -0.57918","53.3493795, -6.2605593","1032.73","2025-01-11 11:30:00","2025-01-11 21:50:00","205.0","51","Saturday","morning","long","standard","2426281268214641288"
"2024-11-21","2025-01-11","BOD","DUB","Dublin","https://www.kayak.fr/flights/BOD-DUB/2025-01-11?sort=price_a","06:30","19:55","865","119.0","False","BOD","DUB","N/A","N/A","N/A","","easyJet","Ryanair UK","N/A","44.837789, -0.57918","53.3493795, -6.2605593","1032.73","2025-01-11 06:30:00","2025-01-11 19:55:00","","51","Saturday","morning","long","standard","4305135904553741217"
"2024-11-21","2025-01-11","BOD","DUB","Dublin","https://www.kayak.fr/flights/BOD-DUB/2025-01-11?sort=price_a","11:30","19:55","565","120.0","False","BOD","DUB","N/A","N/A","BCN","475.0","Vueling","Ryanair","N/A","44.837789, -0.57918","53.3493795, -6.2605593","1032.73","2025-01-11 11:30:00","2025-01-11 19:55:00","90.0","51","Saturday","morning","long","standard","3989399936036045790"
"2024-11-21","2025-01-11","BOD","DUB","Dublin","https://www.kayak.fr/flights/BOD-DUB/2025-01-11?sort=price_a","11:30","23:05","755","123.0","False","BOD","DUB","N/A","N/A","N/A","","easyJet","Ryanair","N/A","44.837789, -0.57918","53.3493795, -6.2605593","1032.73","2025-01-11 11:30:00","2025-01-11 23:05:00","","51","Saturday","morning","long","standard","726204641526672210"
"2024-11-21","2025-01-12","BOD","DUB","Dublin","https://www.kayak.fr/flights/BOD-DUB/2025-01-12?sort=price_a","21:50","08:35+1","705","89.0","False","BOD","DUB","N/A","N/A","BRS","545.0","easyJet","Ryanair","Standard","44.837789, -0.57918","53.3493795, -6.2605593","1032.73","2025-01-12 21:50:00","2025-01-13 08:35:00","160.0","52","Sunday","evening","long","cheap","2376656408898083496"
"2024-11-21","2025-01-12","BOD","DUB","Dublin","https://www.kayak.fr/flights/BOD-DUB/2025-01-12?sort=price_a","15:25","16:25","120","106.0","True","BOD","DUB","N/A","N/A","N/A","","easyJet","Ryanair","Standard","44.837789, -0.57918","53.3493795, -6.2605593","1032.73","2025-01-12 15:25:00","2025-01-12 16:25:00","","52","Sunday","afternoon","court","cheap","5423316450390095139"
"2024-11-21","2025-01-12","BOD","DUB","Dublin","https://www.kayak.fr/flights/BOD-DUB/2025-01-12?sort=price_a","17:50","23:30","400","122.0","False","BOD","DUB","N/A","N/A","BRS","545.0","easyJet","Ryanair","Standard","44.837789, -0.57918","53.3493795, -6.2605593","1032.73","2025-01-12 17:50:00","2025-01-12 23:30:00","","52","Sunday","evening","long","standard","1631500052065516476"
"2024-11-21","2025-01-12","BOD","DUB","Dublin","https://www.kayak.fr/flights/BOD-DUB/2025-01-12?sort=price_a","14:20","21:00","460","122.0","False","BOD","DUB","N/A","N/A","BRS","545.0","easyJet","Ryanair","N/A","44.837789, -0.57918","53.3493795, -6.2605593","1032.73","2025-01-12 14:20:00","2025-01-12 21:00:00","","52","Sunday","afternoon","long","standard","65468746175799866"
"2024-11-21","2025-01-12","BOD","DUB","Dublin","https://www.kayak.fr/flights/BOD-DUB/2025-01-12?sort=price_a","16:45","22:25","400","124.0","False","BOD","DUB","N/A","N/A","N/A","","Transavia France","Ryanair","N/A","44.837789, -0.57918","53.3493795, -6.2605593","1032.73","2025-01-12 16:45:00","2025-01-12 22:25:00","","52","Sunday","afternoon","long","standard","2705900313895588409"
"2024-11-21","2025-01-12","BOD","DUB","Dublin","https://www.kayak.fr/flights/BOD-DUB/2025-01-12?sort=price_a","14:55","21:30","455","124.0","False","BOD","DUB","N/A","N/A","BRS","545.0","easyJet","Ryanair","N/A","44.837789, -0.57918","53.3493795, -6.2605593","1032.73","2025-01-12 14:55:00","2025-01-12 21:30:00","","52","Sunday","afternoon","long","standard","741012191981716315"
"2024-11-21","2025-01-12","BOD","DUB","Dublin","https://www.kayak.fr/flights/BOD-DUB/2025-01-12?sort=price_a","09:55","17:45","530","124.0","False","BOD","DUB","N/A","N/A","N/A","","Vueling","Ryanair","N/A","44.837789, -0.57918","53.3493795, -6.2605593","1032.73","2025-01-12 09:55:00","2025-01-12 17:45:00","","52","Sunday","morning","long","standard","4403876223232888151"
"2024-11-21","2025-01-12","BOD","DUB","Dublin","https://www.kayak.fr/flights/BOD-DUB/2025-01-12?sort=price_a","14:10","20:15","425","131.0","False","BOD","DUB","N/A","N/A","N/A","","easyJet","Ryanair","N/A","44.837789, -0.57918","53.3493795, -6.2605593","1032.73","2025-01-12 14:10:00","2025-01-12 20:15:00","","52","Sunday","afternoon","long","standard","694431793143061481"
"2024-11-21","2025-01-12","BOD","DUB","Dublin","https://www.kayak.fr/flights/BOD-DUB/2025-01-12?sort=price_a","18:15","22:55","340","144.0","False","BOD","DUB","N/A","N/A","N/A","","Aer Lingus","N/A","Saver","44.837789, -0.57918","53.3493795, -6.2605593","1032.73","2025-01-12 18:15:00","2025-01-12 22:55:00","","52","Sunday","evening","moyen","standard","2597195712378596545"
"2024-11-21","2025-01-12","BOD","DUB","Dublin","https://www.kayak.fr/flights/BOD-DUB/2025-01-12?sort=price_a","14:10","21:00","470","146.0","False","BOD","DUB","N/A","N/A","N/A","","Aer Lingus","N/A","Saver","44.837789, -0.57918","53.3493795, -6.2605593","1032.73","2025-01-12 14:10:00","2025-01-12 21:00:00","","52","Sunday","afternoon","long","standard","4618518572826985706"
"2024-11-21","2025-01-12","BOD","DUB","Dublin","https://www.kayak.fr/flights/BOD-DUB/2025-01-12?sort=price_a","07:00","14:50","530","178.0","False","BOD","DUB","N/A","N/A","N/A","","Aer Lingus","N/A","Saver","44.837789, -0.57918","53.3493795, -6.2605593","1032.73","2025-01-12 07:00:00","2025-01-12 14:50:00","","52","Sunday","morning","long","high","2035882575708395608"
"2024-11-21","2025-01-12","BOD","DUB","Dublin","https://www.kayak.fr/flights/BOD-DUB/2025-01-12?sort=price_a","18:30","22:40","310","182.0","False","BOD","DUB","N/A","N/A","N/A","","Aer Lingus","N/A","N/A","44.837789, -0.57918","53.3493795, -6.2605593","1032.73","2025-01-12 18:30:00","2025-01-12 22:40:00","","52","Sunday","evening","moyen","high","5394684426813856166"
"2024-11-21","2025-01-12","BOD","DUB","Dublin","https://www.kayak.fr/flights/BOD-DUB/2025-01-12?sort=price_a","06:00","12:40","460","184.0","False","BOD","DUB","N/A","N/A","N/A","","KLM","N/A","N/A","44.837789, -0.57918","53.3493795, -6.2605593","1032.73","2025-01-12 06:00:00","2025-01-12 12:40:00","","52","Sunday","morning","long","high","5542939973751875934"
"2024-11-21","2025-01-12","BOD","DUB","Dublin","https://www.kayak.fr/flights/BOD-DUB/2025-01-12?sort=price_a","17:50","23:20","390","197.0","False","BOD","DUB","N/A","N/A","N/A","","Aer Lingus","N/A","N/A","44.837789, -0.57918","53.3493795, -6.2605593","1032.73","2025-01-12 17:50:00","2025-01-12 23:20:00","","52","Sunday","evening","long","high","7616766884635334547"
"2024-11-21","2025-01-12","BOD","DUB","Dublin","https://www.kayak.fr/flights/BOD-DUB/2025-01-12?sort=price_a","11:10","19:15","545","207.0","False","BOD","DUB","N/A","N/A","N/A","","easyJet","Ryanair","N/A","44.837789, -0.57918","53.3493795, -6.2605593","1032.73","2025-01-12 11:10:00","2025-01-12 19:15:00","","52","Sunday","morning","long","high","7512588497149725211"
"2024-11-21","2025-01-13","BOD","DUB","Dublin","https://www.kayak.fr/flights/BOD-DUB/2025-01-13?sort=price_a","06:50","10:20","270","77.0","False","BOD","DUB","N/A","N/A","LGW","90.0","easyJet","Ryanair","Standard","44.837789, -0.57918","53.3493795, -6.2605593","1032.73","2025-01-13 06:50:00","2025-01-13 10:20:00","180.0","53","Monday","morning","moyen","cheap","8357040721892751878"
"2024-11-21","2025-01-13","BOD","DUB","Dublin","https://www.kayak.fr/flights/BOD-DUB/2025-01-13?sort=price_a","06:50","11:00","310","77.0","False","BOD","DUB","N/A","N/A","LGW","90.0","easyJet","Ryanair","Standard","44.837789, -0.57918","53.3493795, -6.2605593","1032.73","2025-01-13 06:50:00","2025-01-13 11:00:00","220.0","53","Monday","morning","moyen","cheap","4204749189954236281"
"2024-11-21","2025-01-13","BOD","DUB","Dublin","https://www.kayak.fr/flights/BOD-DUB/2025-01-13?sort=price_a","06:50","14:30","520","77.0","False","BOD","DUB","N/A","N/A","LGW","90.0","easyJet","Ryanair","Standard","44.837789, -0.57918","53.3493795, -6.2605593","1032.73","2025-01-13 06:50:00","2025-01-13 14:30:00","430.0","53","Monday","morning","long","cheap","4252127406696423840"
"2024-11-21","2025-01-13","BOD","DUB","Dublin","https://www.kayak.fr/flights/BOD-DUB/2025-01-13?sort=price_a","06:50","14:35","525","79.0","False","BOD","DUB","N/A","N/A","LGW","90.0","easyJet","Ryanair","N/A","44.837789, -0.57918","53.3493795, -6.2605593","1032.73","2025-01-13 06:50:00","2025-01-13 14:35:00","435.0","53","Monday","morning","long","cheap","8572928294292540174"
"2024-11-21","2025-01-13","BOD","DUB","Dublin","https://www.kayak.fr/flights/BOD-DUB/2025-01-13?sort=price_a","06:50","15:05","555","79.0","False","BOD","DUB","N/A","N/A","N/A","","easyJet","Ryanair","N/A","44.837789, -0.57918","53.3493795, -6.2605593","1032.73","2025-01-13 06:50:00","2025-01-13 15:05:00","","53","Monday","morning","long","cheap","6788838937077816883"
"2024-11-21","2025-01-13","BOD","DUB","Dublin","https://www.kayak.fr/flights/BOD-DUB/2025-01-13?sort=price_a","06:50","15:05","555","83.0","False","BOD","DUB","N/A","N/A","LGW","90.0","easyJet","Ryanair","N/A","44.837789, -0.57918","53.3493795, -6.2605593","1032.73","2025-01-13 06:50:00","2025-01-13 15:05:00","465.0","53","Monday","morning","long","cheap","6788838937077816883"
"2024-11-21","2025-01-13","BOD","DUB","Dublin","https://www.kayak.fr/flights/BOD-DUB/2025-01-13?sort=price_a","06:50","13:00","430","85.0","False","BOD","DUB","N/A","N/A","N/A","","easyJet","Ryanair","N/A","44.837789, -0.57918","53.3493795, -6.2605593","1032.73","2025-01-13 06:50:00","2025-01-13 13:00:00","","53","Monday","morning","long","cheap","7801870413232241408"
"2024-11-21","2025-01-13","BOD","DUB","Dublin","https://www.kayak.fr/flights/BOD-DUB/2025-01-13?sort=price_a","13:55","21:30","515","91.0","False","BOD","DUB","N/A","N/A","N/A","","Vueling","Ryanair","N/A","44.837789, -0.57918","53.3493795, -6.2605593","1032.73","2025-01-13 13:55:00","2025-01-13 21:30:00","","53","Monday","afternoon","long","cheap","4931451916660182311"
"2024-11-21","2025-01-13","BOD","DUB","Dublin","https://www.kayak.fr/flights/BOD-DUB/2025-01-13?sort=price_a","18:00","22:05","305","94.0","False","BOD","DUB","N/A","N/A","LGW","130.0","easyJet","Ryanair","Standard","44.837789, -0.57918","53.3493795, -6.2605593","1032.73","2025-01-13 18:00:00","2025-01-13 22:05:00","175.0","53","Monday","evening","moyen","cheap","8691598421498792447"
"2024-11-21","2025-01-13","BOD","DUB","Dublin","https://www.kayak.fr/flights/BOD-DUB/2025-01-13?sort=price_a","09:55","17:45","530","96.0","False","BOD","DUB","N/A","N/A","LGW","130.0","easyJet","Ryanair","Standard","44.837789, -0.57918","53.3493795, -6.2605593","1032.73","2025-01-13 09:55:00","2025-01-13 17:45:00","400.0","53","Monday","morning","long","cheap","8263830244388743832"
"2024-11-21","2025-01-13","BOD","DUB","Dublin","https://www.kayak.fr/flights/BOD-DUB/2025-01-13?sort=price_a","11:10","16:10","360","99.0","False","BOD","DUB","N/A","N/A","LGW","130.0","easyJet","Ryanair","Standard","44.837789, -0.57918","53.3493795, -6.2605593","1032.73","2025-01-13 11:10:00","2025-01-13 16:10:00","230.0","53","Monday","morning","moyen","cheap","1834530829034142568"
"2024-11-21","2025-01-13","BOD","DUB","Dublin","https://www.kayak.fr/flights/BOD-DUB/2025-01-13?sort=price_a","08:35","14:30","415","103.0","False","BOD","DUB","N/A","N/A","LGW","130.0","easyJet","Ryanair","N/A","44.837789, -0.57918","53.3493795, -6.2605593","1032.73","2025-01-13 08:35:00","2025-01-13 14:30:00","285.0","53","Monday","morning","long","cheap","561260072833932395"
"2024-11-21","2025-01-13","BOD","DUB","Dublin","https://www.kayak.fr/flights/BOD-DUB/2025-01-13?sort=price_a","11:10","17:40","450","106.0","False","BOD","DUB","N/A","N/A","N/A","","British Airways","Ryanair","N/A","44.837789, -0.57918","53.3493795, -6.2605593","1032.73","2025-01-13 11:10:00","2025-01-13 17:40:00","","53","Monday","morning","long","cheap","3093316449088204780"
"2024-11-21","2025-01-13","BOD","DUB","Dublin","https://www.kayak.fr/flights/BOD-DUB/2025-01-13?sort=price_a","10:40","18:20","520","106.0","False","BOD","DUB","N/A","N/A","LGW","130.0","easyJet","Ryanair","N/A","44.837789, -0.57918","53.3493795, -6.2605593","1032.73","2025-01-13 10:40:00","2025-01-13 18:20:00","390.0","53","Monday","morning","long","cheap","5437766590737901483"
"2024-11-21","2025-01-13","BOD","DUB","Dublin","https://www.kayak.fr/flights/BOD-DUB/2025-01-13?sort=price_a","08:35","16:20","525","106.0","False","BOD","DUB","N/A","N/A","N/A","","Volotea","Ryanair","N/A","44.837789, -0.57918","53.3493795, -6.2605593","1032.73","2025-01-13 08:35:00","2025-01-13 16:20:00","","53","Monday","morning","long","cheap","2919074032284246894"
"2024-11-21","2025-01-14","BOD","DUB","Dublin","https://www.kayak.fr/flights/BOD-DUB/2025-01-14?sort=price_a","12:30","16:40","310","93.0","False","BOD","DUB","N/A","N/A","AMS","100.0","KLM","N/A","Light","44.837789, -0.57918","53.3493795, -6.2605593","1032.73","2025-01-14 12:30:00","2025-01-14 16:40:00","210.0","54","Tuesday","afternoon","moyen","cheap","4419157703877100019"
"2024-11-21","2025-01-14","BOD","DUB","Dublin","https://www.kayak.fr/flights/BOD-DUB/2025-01-14?sort=price_a","06:00","16:40","700","94.0","False","BOD","DUB","N/A","N/A","AMS","100.0","KLM","N/A","Light","44.837789, -0.57918","53.3493795, -6.2605593","1032.73","2025-01-14 06:00:00","2025-01-14 16:40:00","600.0","54","Tuesday","morning","long","cheap","7079629854251459324"
"2024-11-21","2025-01-14","BOD","DUB","Dublin","https://www.kayak.fr/flights/BOD-DUB/2025-01-14?sort=price_a","18:00","08:05+1","905","94.0","False","BOD","DUB","N/A","N/A","AMS","100.0","KLM","N/A","Light","44.837789, -0.57918","53.3493795, -6.2605593","1032.73","2025-01-14 18:00:00","2025-01-15 08:05:00","805.0","54","Tuesday","evening","long","cheap","4725140671754715429"
"2024-11-21","2025-01-14","BOD","DUB","Dublin","https://www.kayak.fr/flights/BOD-DUB/2025-01-14?sort=price_a","18:00","22:05","305","102.0","False","BOD","DUB","N/A","N/A","AMS","100.0","KLM","N/A","N/A","44.837789, -0.57918","53.3493795, -6.2605593","1032.73","2025-01-14 18:00:00","2025-01-14 22:05:00","205.0","54","Tuesday","evening","moyen","cheap","6313736939551840622"
"2024-11-21","2025-01-14","BOD","DUB","Dublin","https://www.kayak.fr/flights/BOD-DUB/2025-01-14?sort=price_a","12:30","22:05","635","102.0","False","BOD","DUB","N/A","N/A","N/A","","KLM","N/A","N/A","44.837789, -0.57918","53.3493795, -6.2605593","1032.73","2025-01-14 12:30:00","2025-01-14 22:05:00","","54","Tuesday","afternoon","long","cheap","6658784869554552306"
"2024-11-21","2025-01-14","BOD","DUB","Dublin","https://www.kayak.fr/flights/BOD-DUB/2025-01-14?sort=price_a","20:10","08:05+1","775","102.0","False","BOD","DUB","N/A","N/A","AMS","100.0","KLM","N/A","N/A","44.837789, -0.57918","53.3493795, -6.2605593","1032.73","2025-01-14 20:10:00","2025-01-15 08:05:00","675.0","54","Tuesday","evening","long","cheap","8909599625748264240"
"2024-11-21","2025-01-14","BOD","DUB","Dublin","https://www.kayak.fr/flights/BOD-DUB/2025-01-14?sort=price_a","18:35","08:05+1","870","103.0","False","BOD","DUB","N/A","N/A","N/A","","Air France","N/A","N/A","44.837789, -0.57918","53.3493795, -6.2605593","1032.73","2025-01-14 18:35:00","2025-01-15 08:05:00","","54","Tuesday","evening","long","cheap","7295284611782145293"
"2024-11-21","2025-01-14","BOD","DUB","Dublin","https://www.kayak.fr/flights/BOD-DUB/2025-01-14?sort=price_a","17:55","10:30+1","1055","106.0","False","BOD","DUB","N/A","N/A","N/A","","Iberia","Vueling","N/A","44.837789, -0.57918","53.3493795, -6.2605593","1032.73","2025-01-14 17:55:00","2025-01-15 10:30:00","","54","Tuesday","evening","long","cheap","8153864994855589396"
"2024-11-21","2025-01-14","BOD","DUB","Dublin","https://www.kayak.fr/flights/BOD-DUB/2025-01-14?sort=price_a","07:50","21:15","865","108.0","False","BOD","DUB","N/A","N/A","AMS","495.0","KLM","N/A","Light","44.837789, -0.57918","53.3493795, -6.2605593","1032.73","2025-01-14 07:50:00","2025-01-14 21:15:00","370.0","54","Tuesday","morning","long","cheap","3443555707915110398"
"2024-11-21","2025-01-14","BOD","DUB","Dublin","https://www.kayak.fr/flights/BOD-DUB/2025-01-14?sort=price_a","07:50","23:00","970","108.0","False","BOD","DUB","N/A","N/A","AMS","495.0","KLM","N/A","Light","44.837789, -0.57918","53.3493795, -6.2605593","1032.73","2025-01-14 07:50:00","2025-01-14 23:00:00","475.0","54","Tuesday","morning","long","cheap","776606661925295644"
"2024-11-21","2025-01-14","BOD","DUB","Dublin","https://www.kayak.fr/flights/BOD-DUB/2025-01-14?sort=price_a","15:55","08:05+1","1030","108.0","False","BOD","DUB","N/A","N/A","AMS","495.0","KLM","N/A","Light","44.837789, -0.57918","53.3493795, -6.2605593","1032.73","2025-01-14 15:55:00","2025-01-15 08:05:00","535.0","54","Tuesday","afternoon","long","cheap","4856018621474018176"
"2024-11-21","2025-01-14","BOD","DUB","Dublin","https://www.kayak.fr/flights/BOD-DUB/2025-01-14?sort=price_a","07:50","22:25","935","111.0","False","BOD","DUB","N/A","N/A","AMS","495.0","KLM","N/A","N/A","44.837789, -0.57918","53.3493795, -6.2605593","1032.73","2025-01-14 07:50:00","2025-01-14 22:25:00","440.0","54","Tuesday","morning","long","cheap","7988431457558975265"
"2024-11-21","2025-01-14","BOD","DUB","Dublin","https://www.kayak.fr/flights/BOD-DUB/2025-01-14?sort=price_a","17:55","10:15+1","1040","111.0","False","BOD","DUB","N/A","N/A","N/A","","Iberia","Iberia Express","N/A","44.837789, -0.57918","53.3493795, -6.2605593","1032.73","2025-01-14 17:55:00","2025-01-15 10:15:00","","54","Tuesday","evening","long","cheap","91013169130778251"
"2024-11-21","2025-01-14","BOD","DUB","Dublin","https://www.kayak.fr/flights/BOD-DUB/2025-01-14?sort=price_a","17:55","10:30+1","1055","111.0","False","BOD","DUB","N/A","N/A","AMS","495.0","KLM","N/A","N/A","44.837789, -0.57918","53.3493795, -6.2605593","1032.73","2025-01-14 17:55:00","2025-01-15 10:30:00","560.0","54","Tuesday","evening","long","cheap","348077637077857758"
"2024-11-21","2025-01-14","BOD","DUB","Dublin","https://www.kayak.fr/flights/BOD-DUB/2025-01-14?sort=price_a","17:55","10:15+1","1040","114.0","False","BOD","DUB","N/A","N/A","N/A","","Iberia","N/A","N/A","44.837789, -0.57918","53.3493795, -6.2605593","1032.73","2025-01-14 17:55:00","2025-01-15 10:15:00","","54","Tuesday","evening","long","standard","91013169130778251"
"2024-11-21","2025-01-15","BOD","DUB","Dublin","https://www.kayak.fr/flights/BOD-DUB/2025-01-15?sort=price_a","15:25","16:25","120","53.0","True","BOD","DUB","N/A","N/A","N/A","","Aer Lingus","N/A","Saver","44.837789, -0.57918","53.3493795, -6.2605593","1032.73","2025-01-15 15:25:00","2025-01-15 16:25:00","","55","Wednesday","afternoon","court","cheap","4908189986143075734"
"2024-11-21","2025-01-15","BOD","DUB","Dublin","https://www.kayak.fr/flights/BOD-DUB/2025-01-15?sort=price_a","06:50","11:30","340","76.0","False","BOD","DUB","N/A","N/A","N/A","","Aer Lingus","N/A","Saver","44.837789, -0.57918","53.3493795, -6.2605593","1032.73","2025-01-15 06:50:00","2025-01-15 11:30:00","","55","Wednesday","morning","moyen","cheap","8253323639193194535"
"2024-11-21","2025-01-15","BOD","DUB","Dublin","https://www.kayak.fr/flights/BOD-DUB/2025-01-15?sort=price_a","06:50","12:35","405","76.0","False","BOD","DUB","N/A","N/A","N/A","","Aer Lingus","N/A","Saver","44.837789, -0.57918","53.3493795, -6.2605593","1032.73","2025-01-15 06:50:00","2025-01-15 12:35:00","","55","Wednesday","morning","long","cheap","8206465303159418453"
"2024-11-21","2025-01-15","BOD","DUB","Dublin","https://www.kayak.fr/flights/BOD-DUB/2025-01-15?sort=price_a","06:00","12:40","460","93.0","False","BOD","DUB","N/A","N/A","N/A","","Aer Lingus","N/A","N/A","44.837789, -0.57918","53.3493795, -6.2605593","1032.73","2025-01-15 06:00:00","2025-01-15 12:40:00","","55","Wednesday","morning","long","cheap","1540564041437385415"
"2024-11-21","2025-01-15","BOD","DUB","Dublin","https://www.kayak.fr/flights/BOD-DUB/2025-01-15?sort=price_a","18:00","22:05","305","94.0","False","BOD","DUB","N/A","N/A","N/A","","KLM","N/A","N/A","44.837789, -0.57918","53.3493795, -6.2605593","1032.73","2025-01-15 18:00:00","2025-01-15 22:05:00","","55","Wednesday","evening","moyen","cheap","2541919975828838591"
"2024-11-21","2025-01-15","BOD","DUB","Dublin","https://www.kayak.fr/flights/BOD-DUB/2025-01-15?sort=price_a","12:30","16:40","310","94.0","False","BOD","DUB","N/A","N/A","N/A","","Aer Lingus","N/A","N/A","44.837789, -0.57918","53.3493795, -6.2605593","1032.73","2025-01-15 12:30:00","2025-01-15 16:40:00","","55","Wednesday","afternoon","moyen","cheap","6862325380281267866"
"2024-11-21","2025-01-15","BOD","DUB","Dublin","https://www.kayak.fr/flights/BOD-DUB/2025-01-15?sort=price_a","06:50","12:05","375","141.0","False","BOD","DUB","N/A","N/A","N/A","","easyJet","British Airways","N/A","44.837789, -0.57918","53.3493795, -6.2605593","1032.73","2025-01-15 06:50:00","2025-01-15 12:05:00","","55","Wednesday","morning","long","standard","2466954344507660375"
"2024-11-21","2025-01-15","BOD","DUB","Dublin","https://www.kayak.fr/flights/BOD-DUB/2025-01-15?sort=price_a","06:50","13:35","465","143.0","False","BOD","DUB","N/A","N/A","N/A","","easyJet","Aer Lingus","N/A","44.837789, -0.57918","53.3493795, -6.2605593","1032.73","2025-01-15 06:50:00","2025-01-15 13:35:00","","55","Wednesday","morning","long","standard","8118865281096041771"
"2024-11-21","2025-01-15","BOD","DUB","Dublin","https://www.kayak.fr/flights/BOD-DUB/2025-01-15?sort=price_a","09:05","13:30","325","148.0","False","BOD","DUB","N/A","N/A","LGW","160.0","easyJet","Ryanair","Standard","44.837789, -0.57918","53.3493795, -6.2605593","1032.73","2025-01-15 09:05:00","2025-01-15 13:30:00","165.0","55","Wednesday","morning","moyen","standard","2904521823294921361"
"2024-11-21","2025-01-15","BOD","DUB","Dublin","https://www.kayak.fr/flights/BOD-DUB/2025-01-15?sort=price_a","15:55","22:50","475","160.0","False","BOD","DUB","N/A","N/A","LGW","160.0","easyJet","Ryanair","Standard","44.837789, -0.57918","53.3493795, -6.2605593","1032.73","2025-01-15 15:55:00","2025-01-15 22:50:00","315.0","55","Wednesday","afternoon","long","high","2913020351062428765"
"2024-11-21","2025-01-15","BOD","DUB","Dublin","https://www.kayak.fr/flights/BOD-DUB/2025-01-15?sort=price_a","12:30","17:20","350","166.0","False","BOD","DUB","N/A","N/A","LGW","160.0","easyJet","Ryanair","Standard","44.837789, -0.57918","53.3493795, -6.2605593","1032.73","2025-01-15 12:30:00","2025-01-15 17:20:00","190.0","55","Wednesday","afternoon","moyen","high","316593563269928655"
"2024-11-21","2025-01-15","BOD","DUB","Dublin","https://www.kayak.fr/flights/BOD-DUB/2025-01-15?sort=price_a","12:30","17:20","350","166.0","False","BOD","DUB","N/A","N/A","LGW","160.0","easyJet","Ryanair","N/A","44.837789, -0.57918","53.3493795, -6.2605593","1032.73","2025-01-15 12:30:00","2025-01-15 17:20:00","190.0","55","Wednesday","afternoon","moyen","high","316593563269928655"
"2024-11-21","2025-01-15","BOD","DUB","Dublin","https://www.kayak.fr/flights/BOD-DUB/2025-01-15?sort=price_a","06:00","14:00","540","166.0","False","BOD","DUB","N/A","N/A","N/A","","KLM","Aer Lingus","N/A","44.837789, -0.57918","53.3493795, -6.2605593","1032.73","2025-01-15 06:00:00","2025-01-15 14:00:00","","55","Wednesday","morning","long","high","3225615430714445591"
"2024-11-21","2025-01-15","BOD","DUB","Dublin","https://www.kayak.fr/flights/BOD-DUB/2025-01-15?sort=price_a","06:00","14:00","540","166.0","False","BOD","DUB","N/A","N/A","LGW","160.0","easyJet","Ryanair","N/A","44.837789, -0.57918","53.3493795, -6.2605593","1032.73","2025-01-15 06:00:00","2025-01-15 14:00:00","380.0","55","Wednesday","morning","long","high","7328665136856560118"
"2024-11-21","2025-01-15","BOD","DUB","Dublin","https://www.kayak.fr/flights/BOD-DUB/2025-01-15?sort=price_a","14:50","22:05","495","171.0","False","BOD","DUB","N/A","N/A","N/A","","Air France","KLM","N/A","44.837789, -0.57918","53.3493795, -6.2605593","1032.73","2025-01-15 14:50:00","2025-01-15 22:05:00","","55","Wednesday","afternoon","long","high","4324876890653524798"
"2024-11-21","2025-01-16","BOD","DUB","Dublin","https://www.kayak.fr/flights/BOD-DUB/2025-01-16?sort=price_a","15:25","16:25","120","53.0","True","BOD","DUB","N/A","N/A","N/A","","Aer Lingus","N/A","Saver","44.837789, -0.57918","53.3493795, -6.2605593","1032.73","2025-01-16 15:25:00","2025-01-16 16:25:00","","56","Thursday","afternoon","court","cheap","5872688969633085799"
"2024-11-21","2025-01-16","BOD","DUB","Dublin","https://www.kayak.fr/flights/BOD-DUB/2025-01-16?sort=price_a","13:35","21:40","545","88.0","False","BOD","DUB","N/A","N/A","N/A","","Aer Lingus","N/A","Saver","44.837789, -0.57918","53.3493795, -6.2605593","1032.73","2025-01-16 13:35:00","2025-01-16 21:40:00","","56","Thursday","afternoon","long","cheap","7977567689467017122"
"2024-11-21","2025-01-16","BOD","DUB","Dublin","https://www.kayak.fr/flights/BOD-DUB/2025-01-16?sort=price_a","13:35","20:15","460","92.0","False","BOD","DUB","N/A","N/A","N/A","","Aer Lingus","N/A","Saver","44.837789, -0.57918","53.3493795, -6.2605593","1032.73","2025-01-16 13:35:00","2025-01-16 20:15:00","","56","Thursday","afternoon","long","cheap","7151518313520958908"
"2024-11-21","2025-01-16","BOD","DUB","Dublin","https://www.kayak.fr/flights/BOD-DUB/2025-01-16?sort=price_a","12:30","16:40","310","94.0","False","BOD","DUB","N/A","N/A","N/A","","Aer Lingus","N/A","N/A","44.837789, -0.57918","53.3493795, -6.2605593","1032.73","2025-01-16 12:30:00","2025-01-16 16:40:00","","56","Thursday","afternoon","moyen","cheap","917281995411024028"
"2024-11-21","2025-01-16","BOD","DUB","Dublin","https://www.kayak.fr/flights/BOD-DUB/2025-01-16?sort=price_a","06:00","12:40","460","94.0","False","BOD","DUB","N/A","N/A","N/A","","KLM","N/A","N/A","44.837789, -0.57918","53.3493795, -6.2605593","1032.73","2025-01-16 06:00:00","2025-01-16 12:40:00","","56","Thursday","morning","long","cheap","7162769229387368980"
"2024-11-21","2025-01-16","BOD","DUB","Dublin","https://www.kayak.fr/flights/BOD-DUB/2025-01-16?sort=price_a","07:00","14:50","530","132.0","False","BOD","DUB","N/A","N/A","N/A","","Aer Lingus","N/A","N/A","44.837789, -0.57918","53.3493795, -6.2605593","1032.73","2025-01-16 07:00:00","2025-01-16 14:50:00","","56","Thursday","morning","long","standard","2615176060011643623"
"2024-11-21","2025-01-16","BOD","DUB","Dublin","https://www.kayak.fr/flights/BOD-DUB/2025-01-16?sort=price_a","09:25","16:35","490","138.0","False","BOD","DUB","N/A","N/A","N/A","","easyJet","Jet2","N/A","44.837789, -0.57918","53.3493795, -6.2605593","1032.73","2025-01-16 09:25:00","2025-01-16 16:35:00","","56","Thursday","morning","long","standard","5144304735915901298"
"2024-11-21","2025-01-16","BOD","DUB","Dublin","https://www.kayak.fr/flights/BOD-DUB/2025-01-16?sort=price_a","13:35","21:35","540","140.0","False","BOD","DUB","N/A","N/A","N/A","","Vueling","Ryanair","N/A","44.837789, -0.57918","53.3493795, -6.2605593","1032.73","2025-01-16 13:35:00","2025-01-16 21:35:00","","56","Thursday","afternoon","long","standard","5943811828283994069"
"2024-11-21","2025-01-16","BOD","DUB","Dublin","https://www.kayak.fr/flights/BOD-DUB/2025-01-16?sort=price_a","18:00","22:05","305","147.0","False","BOD","DUB","N/A","N/A","BCN","155.0","Vueling","Ryanair","Économique","44.837789, -0.57918","53.3493795, -6.2605593","1032.73","2025-01-16 18:00:00","2025-01-16 22:05:00","150.0","56","Thursday","evening","moyen","standard","7190254517318965313"
"2024-11-21","2025-01-16","BOD","DUB","Dublin","https://www.kayak.fr/flights/BOD-DUB/2025-01-16?sort=price_a","09:25","15:25","420","148.0","False","BOD","DUB","N/A","N/A","BCN","155.0","Vueling","Ryanair","Économique","44.837789, -0.57918","53.3493795, -6.2605593","1032.73","2025-01-16 09:25:00","2025-01-16 15:25:00","265.0","56","Thursday","morning","long","standard","4091223152121690220"
"2024-11-21","2025-01-16","BOD","DUB","Dublin","https://www.kayak.fr/flights/BOD-DUB/2025-01-16?sort=price_a","07:00","13:55","475","148.0","False","BOD","DUB","N/A","N/A","BCN","155.0","Vueling","Ryanair","Économique","44.837789, -0.57918","53.3493795, -6.2605593","1032.73","2025-01-16 07:00:00","2025-01-16 13:55:00","320.0","56","Thursday","morning","long","standard","2295295718336925819"
"2024-11-21","2025-01-16","BOD","DUB","Dublin","https://www.kayak.fr/flights/BOD-DUB/2025-01-16?sort=price_a","18:30","22:50","320","153.0","False","BOD","DUB","N/A","N/A","BCN","155.0","Vueling","Ryanair","N/A","44.837789, -0.57918","53.3493795, -6.2605593","1032.73","2025-01-16 18:30:00","2025-01-16 22:50:00","165.0","56","Thursday","evening","moyen","standard","2307505196066579047"
"2024-11-21","2025-01-16","BOD","DUB","Dublin","https://www.kayak.fr/flights/BOD-DUB/2025-01-16?sort=price_a","15:55","22:50","475","160.0","False","BOD","DUB","N/A","N/A","N/A","","Air France","N/A","N/A","44.837789, -0.57918","53.3493795, -6.2605593","1032.73","2025-01-16 15:55:00","2025-01-16 22:50:00","","56","Thursday","afternoon","long","high","605588513853385376"
"2024-11-21","2025-01-16","BOD","DUB","Dublin","https://www.kayak.fr/flights/BOD-DUB/2025-01-16?sort=price_a","06:00","10:55","355","180.0","False","BOD","DUB","N/A","N/A","BCN","155.0","Vueling","Ryanair","N/A","44.837789, -0.57918","53.3493795, -6.2605593","1032.73","2025-01-16 06:00:00","2025-01-16 10:55:00","200.0","56","Thursday","morning","moyen","high","4854146753058720465"
"2024-11-21","2025-01-16","BOD","DUB","Dublin","https://www.kayak.fr/flights/BOD-DUB/2025-01-16?sort=price_a","15:55","22:05","430","182.0","False","BOD","DUB","N/A","N/A","N/A","","Air France","Aer Lingus","N/A","44.837789, -0.57918","53.3493795, -6.2605593","1032.73","2025-01-16 15:55:00","2025-01-16 22:05:00","","56","Thursday","afternoon","long","high","3717001764260312983"
"2024-11-21","2025-01-17","BOD","DUB","Dublin","https://www.kayak.fr/flights/BOD-DUB/2025-01-17?sort=price_a","15:25","16:25","120","53.0","True","BOD","DUB","N/A","N/A","N/A","","Aer Lingus","N/A","Saver","44.837789, -0.57918","53.3493795, -6.2605593","1032.73","2025-01-17 15:25:00","2025-01-17 16:25:00","","57","Friday","afternoon","court","cheap","4826343526861228691"
"2024-11-21","2025-01-17","BOD","DUB","Dublin","https://www.kayak.fr/flights/BOD-DUB/2025-01-17?sort=price_a","06:00","12:40","460","94.0","False","BOD","DUB","N/A","N/A","N/A","","Aer Lingus","N/A","Saver","44.837789, -0.57918","53.3493795, -6.2605593","1032.73","2025-01-17 06:00:00","2025-01-17 12:40:00","","57","Friday","morning","long","cheap","5944024107382880015"
"2024-11-21","2025-01-17","BOD","DUB","Dublin","https://www.kayak.fr/flights/BOD-DUB/2025-01-17?sort=price_a","13:35","18:00","325","96.0","False","BOD","DUB","N/A","N/A","N/A","","Aer Lingus","N/A","Saver","44.837789, -0.57918","53.3493795, -6.2605593","1032.73","2025-01-17 13:35:00","2025-01-17 18:00:00","","57","Friday","afternoon","moyen","cheap","8020928680246170797"
"2024-11-21","2025-01-17","BOD","DUB","Dublin","https://www.kayak.fr/flights/BOD-DUB/2025-01-17?sort=price_a","17:40","00:50+1","490","97.0","False","BOD","DUB","N/A","N/A","N/A","","Aer Lingus","N/A","N/A","44.837789, -0.57918","53.3493795, -6.2605593","1032.73","2025-01-17 17:40:00","2025-01-18 00:50:00","","57","Friday","evening","long","cheap","44439699811255717"
"2024-11-21","2025-01-17","BOD","DUB","Dublin","https://www.kayak.fr/flights/BOD-DUB/2025-01-17?sort=price_a","13:00","20:10","490","100.0","False","BOD","DUB","N/A","N/A","N/A","","Transavia France","Ryanair","N/A","44.837789, -0.57918","53.3493795, -6.2605593","1032.73","2025-01-17 13:00:00","2025-01-17 20:10:00","","57","Friday","afternoon","long","cheap","6627393191059887374"
"2024-11-21","2025-01-17","BOD","DUB","Dublin","https://www.kayak.fr/flights/BOD-DUB/2025-01-17?sort=price_a","09:55","18:00","545","107.0","False","BOD","DUB","N/A","N/A","N/A","","Aer Lingus","N/A","N/A","44.837789, -0.57918","53.3493795, -6.2605593","1032.73","2025-01-17 09:55:00","2025-01-17 18:00:00","","57","Friday","morning","long","cheap","2267524297560270221"
"2024-11-21","2025-01-17","BOD","DUB","Dublin","https://www.kayak.fr/flights/BOD-DUB/2025-01-17?sort=price_a","09:55","14:55","360","108.0","False","BOD","DUB","N/A","N/A","N/A","","Vueling","Ryanair","N/A","44.837789, -0.57918","53.3493795, -6.2605593","1032.73","2025-01-17 09:55:00","2025-01-17 14:55:00","","57","Friday","morning","moyen","cheap","2503971483735522337"
"2024-11-21","2025-01-17","BOD","DUB","Dublin","https://www.kayak.fr/flights/BOD-DUB/2025-01-17?sort=price_a","12:30","16:40","310","114.0","False","BOD","DUB","N/A","N/A","N/A","","KLM","N/A","N/A","44.837789, -0.57918","53.3493795, -6.2605593","1032.73","2025-01-17 12:30:00","2025-01-17 16:40:00","","57","Friday","afternoon","moyen","standard","7910661154027144204"
"2024-11-21","2025-01-17","BOD","DUB","Dublin","https://www.kayak.fr/flights/BOD-DUB/2025-01-17?sort=price_a","14:45","18:30","285","126.0","False","BOD","DUB","N/A","N/A","AMS","255.0","KLM","N/A","Light","44.837789, -0.57918","53.3493795, -6.2605593","1032.73","2025-01-17 14:45:00","2025-01-17 18:30:00","30.0","57","Friday","afternoon","moyen","standard","7085100864290347876"
"2024-11-21","2025-01-17","BOD","DUB","Dublin","https://www.kayak.fr/flights/BOD-DUB/2025-01-17?sort=price_a","09:55","17:40","525","127.0","False","BOD","DUB","N/A","N/A","AMS","255.0","KLM","N/A","Light","44.837789, -0.57918","53.3493795, -6.2605593","1032.73","2025-01-17 09:55:00","2025-01-17 17:40:00","270.0","57","Friday","morning","long","standard","1861240018439902313"
"2024-11-21","2025-01-17","BOD","DUB","Dublin","https://www.kayak.fr/flights/BOD-DUB/2025-01-17?sort=price_a","13:35","20:05","450","133.0","False","BOD","DUB","N/A","N/A","AMS","255.0","KLM","N/A","Light","44.837789, -0.57918","53.3493795, -6.2605593","1032.73","2025-01-17 13:35:00","2025-01-17 20:05:00","195.0","57","Friday","afternoon","long","standard","4712996731303556525"
"2024-11-21","2025-01-17","BOD","DUB","Dublin","https://www.kayak.fr/flights/BOD-DUB/2025-01-17?sort=price_a","10:50","17:45","475","134.0","False","BOD","DUB","N/A","N/A","AMS","255.0","KLM","N/A","N/A","44.837789, -0.57918","53.3493795, -6.2605593","1032.73","2025-01-17 10:50:00","2025-01-17 17:45:00","220.0","57","Friday","morning","long","standard","1263405085546363631"
"2024-11-21","2025-01-17","BOD","DUB","Dublin","https://www.kayak.fr/flights/BOD-DUB/2025-01-17?sort=price_a","13:35","19:45","430","137.0","False","BOD","DUB","N/A","N/A","N/A","","Vueling","Ryanair","N/A","44.837789, -0.57918","53.3493795, -6.2605593","1032.73","2025-01-17 13:35:00","2025-01-17 19:45:00","","57","Friday","afternoon","long","standard","31416236588679505"
"2024-11-21","2025-01-17","BOD","DUB","Dublin","https://www.kayak.fr/flights/BOD-DUB/2025-01-17?sort=price_a","13:35","21:40","545","138.0","False","BOD","DUB","N/A","N/A","AMS","255.0","KLM","N/A","N/A","44.837789, -0.57918","53.3493795, -6.2605593","1032.73","2025-01-17 13:35:00","2025-01-17 21:40:00","290.0","57","Friday","afternoon","long","standard","1374514638234559973"
"2024-11-21","2025-01-17","BOD","DUB","Dublin","https://www.kayak.fr/flights/BOD-DUB/2025-01-17?sort=price_a","09:55","17:45","530","142.0","False","BOD","DUB","N/A","N/A","N/A","","Vueling","Ryanair","N/A","44.837789, -0.57918","53.3493795, -6.2605593","1032.73","2025-01-17 09:55:00","2025-01-17 17:45:00","","57","Friday","morning","long","standard","2845054003738138348"
"2024-11-21","2025-01-18","BOD","DUB","Dublin","https://www.kayak.fr/flights/BOD-DUB/2025-01-18?sort=price_a","21:45","22:55+1","1570","81.0","False","BOD","DUB","N/A","N/A","BCN","1330.0","Vueling","Aer Lingus","Économique","44.837789, -0.57918","53.3493795, -6.2605593","1032.73","2025-01-18 21:45:00","2025-01-19 22:55:00","240.0","58","Saturday","evening","long","cheap","1473779445947024304"
"2024-11-21","2025-01-18","BOD","DUB","Dublin","https://www.kayak.fr/flights/BOD-DUB/2025-01-18?sort=price_a","21:45","14:55+1","1090","95.0","False","BOD","DUB","N/A","N/A","BCN","1330.0","Vueling","Aer Lingus","Économique","44.837789, -0.57918","53.3493795, -6.2605593","1032.73","2025-01-18 21:45:00","2025-01-19 14:55:00","","58","Saturday","evening","long","cheap","212891804888976812"
"2024-11-21","2025-01-18","BOD","DUB","Dublin","https://www.kayak.fr/flights/BOD-DUB/2025-01-18?sort=price_a","21:45","11:35+1","890","96.0","False","BOD","DUB","N/A","N/A","BCN","1330.0","Vueling","Aer Lingus","Économique","44.837789, -0.57918","53.3493795, -6.2605593","1032.73","2025-01-18 21:45:00","2025-01-19 11:35:00","","58","Saturday","evening","long","cheap","3068956409226389648"
"2024-11-21","2025-01-18","BOD","DUB","Dublin","https://www.kayak.fr/flights/BOD-DUB/2025-01-18?sort=price_a","21:45","10:35+1","830","99.0","False","BOD","DUB","N/A","N/A","BCN","1330.0","Vueling","Aer Lingus","N/A","44.837789, -0.57918","53.3493795, -6.2605593","1032.73","2025-01-18 21:45:00","2025-01-19 10:35:00","","58","Saturday","evening","long","cheap","8593422669384509779"
"2024-11-21","2025-01-18","BOD","DUB","Dublin","https://www.kayak.fr/flights/BOD-DUB/2025-01-18?sort=price_a","21:45","11:40+1","895","107.0","False","BOD","DUB","N/A","N/A","N/A","","Vueling","Ryanair","N/A","44.837789, -0.57918","53.3493795, -6.2605593","1032.73","2025-01-18 21:45:00","2025-01-19 11:40:00","","58","Saturday","evening","long","cheap","4966975417728277950"
"2024-11-21","2025-01-18","BOD","DUB","Dublin","https://www.kayak.fr/flights/BOD-DUB/2025-01-18?sort=price_a","21:45","11:30+1","885","113.0","False","BOD","DUB","N/A","N/A","BCN","1330.0","Vueling","Aer Lingus","N/A","44.837789, -0.57918","53.3493795, -6.2605593","1032.73","2025-01-18 21:45:00","2025-01-19 11:30:00","","58","Saturday","evening","long","standard","315251947064728125"
"2024-11-21","2025-01-18","BOD","DUB","Dublin","https://www.kayak.fr/flights/BOD-DUB/2025-01-18?sort=price_a","21:45","11:55+1","910","113.0","False","BOD","DUB","N/A","N/A","N/A","","Vueling","N/A","N/A","44.837789, -0.57918","53.3493795, -6.2605593","1032.73","2025-01-18 21:45:00","2025-01-19 11:55:00","","58","Saturday","evening","long","standard","7529390457619167110"
"2024-11-21","2025-01-18","BOD","DUB","Dublin","https://www.kayak.fr/flights/BOD-DUB/2025-01-18?sort=price_a","21:45","13:40+1","1015","116.0","False","BOD","DUB","N/A","N/A","N/A","","Vueling","Aer Lingus","N/A","44.837789, -0.57918","53.3493795, -6.2605593","1032.73","2025-01-18 21:45:00","2025-01-19 13:40:00","","58","Saturday","evening","long","standard","5270997453718452336"
"2024-11-21","2025-01-18","BOD","DUB","Dublin","https://www.kayak.fr/flights/BOD-DUB/2025-01-18?sort=price_a","21:45","12:30+1","945","121.0","False","BOD","DUB","N/A","N/A","BCN","430.0","Vueling","Aer Lingus","Économique","44.837789, -0.57918","53.3493795, -6.2605593","1032.73","2025-01-18 21:45:00","2025-01-19 12:30:00","515.0","58","Saturday","evening","long","standard","1519596174642529567"
"2024-11-21","2025-01-18","BOD","DUB","Dublin","https://www.kayak.fr/flights/BOD-DUB/2025-01-18?sort=price_a","16:35","01:10+1","575","122.0","False","BOD","DUB","N/A","N/A","BCN","430.0","Vueling","Aer Lingus","Économique","44.837789, -0.57918","53.3493795, -6.2605593","1032.73","2025-01-18 16:35:00","2025-01-19 01:10:00","145.0","58","Saturday","afternoon","long","standard","1008348134694928183"
"2024-11-21","2025-01-18","BOD","DUB","Dublin","https://www.kayak.fr/flights/BOD-DUB/2025-01-18?sort=price_a","06:05","23:00","1075","123.0","False","BOD","DUB","N/A","N/A","BCN","430.0","Vueling","Aer Lingus","Économique","44.837789, -0.57918","53.3493795, -6.2605593","1032.73","2025-01-18 06:05:00","2025-01-18 23:00:00","645.0","58","Saturday","morning","long","standard","2726877149943643411"
"2024-11-21","2025-01-18","BOD","DUB","Dublin","https://www.kayak.fr/flights/BOD-DUB/2025-01-18?sort=price_a","21:45","13:15+1","990","124.0","False","BOD","DUB","N/A","N/A","BCN","430.0","Vueling","Aer Lingus","N/A","44.837789, -0.57918","53.3493795, -6.2605593","1032.73","2025-01-18 21:45:00","2025-01-19 13:15:00","560.0","58","Saturday","evening","long","standard","8826971243618902973"
"2024-11-21","2025-01-18","BOD","DUB","Dublin","https://www.kayak.fr/flights/BOD-DUB/2025-01-18?sort=price_a","13:40","01:10+1","750","127.0","False","BOD","DUB","N/A","N/A","N/A","","easyJet","Ryanair","N/A","44.837789, -0.57918","53.3493795, -6.2605593","1032.73","2025-01-18 13:40:00","2025-01-19 01:10:00","","58","Saturday","afternoon","long","standard","4564858955357854637"
"2024-11-21","2025-01-18","BOD","DUB","Dublin","https://www.kayak.fr/flights/BOD-DUB/2025-01-18?sort=price_a","07:40","19:55","795","127.0","False","BOD","DUB","N/A","N/A","BCN","430.0","Vueling","Aer Lingus","N/A","44.837789, -0.57918","53.3493795, -6.2605593","1032.73","2025-01-18 07:40:00","2025-01-18 19:55:00","365.0","58","Saturday","morning","long","standard","4633466131775893303"
"2024-11-21","2025-01-18","BOD","DUB","Dublin","https://www.kayak.fr/flights/BOD-DUB/2025-01-18?sort=price_a","11:30","19:55","565","131.0","False","BOD","DUB","N/A","N/A","N/A","","easyJet","Ryanair","N/A","44.837789, -0.57918","53.3493795, -6.2605593","1032.73","2025-01-18 11:30:00","2025-01-18 19:55:00","","58","Saturday","morning","long","standard","7061470696876133339"
"2024-11-21","2025-01-19","BOD","DUB","Dublin","https://www.kayak.fr/flights/BOD-DUB/2025-01-19?sort=price_a","15:25","16:25","120","53.0","True","BOD","DUB","N/A","N/A","N/A","","Aer Lingus","N/A","Saver","44.837789, -0.57918","53.3493795, -6.2605593","1032.73","2025-01-19 15:25:00","2025-01-19 16:25:00","","59","Sunday","afternoon","court","cheap","5619525268013478301"
"2024-11-21","2025-01-19","BOD","DUB","Dublin","https://www.kayak.fr/flights/BOD-DUB/2025-01-19?sort=price_a","09:55","17:45","530","95.0","False","BOD","DUB","N/A","N/A","N/A","","Aer Lingus","N/A","Saver","44.837789, -0.57918","53.3493795, -6.2605593","1032.73","2025-01-19 09:55:00","2025-01-19 17:45:00","","59","Sunday","morning","long","cheap","8310466645147148107"
"2024-11-21","2025-01-19","BOD","DUB","Dublin","https://www.kayak.fr/flights/BOD-DUB/2025-01-19?sort=price_a","17:50","23:30","400","100.0","False","BOD","DUB","N/A","N/A","N/A","","Aer Lingus","N/A","Saver","44.837789, -0.57918","53.3493795, -6.2605593","1032.73","2025-01-19 17:50:00","2025-01-19 23:30:00","","59","Sunday","evening","long","cheap","5786531945551463028"
"2024-11-21","2025-01-19","BOD","DUB","Dublin","https://www.kayak.fr/flights/BOD-DUB/2025-01-19?sort=price_a","14:20","21:00","460","118.0","False","BOD","DUB","N/A","N/A","N/A","","Aer Lingus","N/A","N/A","44.837789, -0.57918","53.3493795, -6.2605593","1032.73","2025-01-19 14:20:00","2025-01-19 21:00:00","","59","Sunday","afternoon","long","standard","656882695768164523"
"2024-11-21","2025-01-19","BOD","DUB","Dublin","https://www.kayak.fr/flights/BOD-DUB/2025-01-19?sort=price_a","18:05","22:05","300","122.0","False","BOD","DUB","N/A","N/A","N/A","","KLM","N/A","N/A","44.837789, -0.57918","53.3493795, -6.2605593","1032.73","2025-01-19 18:05:00","2025-01-19 22:05:00","","59","Sunday","evening","moyen","standard","4083093705118867254"
"2024-11-21","2025-01-19","BOD","DUB","Dublin","https://www.kayak.fr/flights/BOD-DUB/2025-01-19?sort=price_a","18:15","22:55","340","123.0","False","BOD","DUB","N/A","N/A","N/A","","Aer Lingus","N/A","N/A","44.837789, -0.57918","53.3493795, -6.2605593","1032.73","2025-01-19 18:15:00","2025-01-19 22:55:00","","59","Sunday","evening","moyen","standard","5989472995239573587"
"2024-11-21","2025-01-19","BOD","DUB","Dublin","https://www.kayak.fr/flights/BOD-DUB/2025-01-19?sort=price_a","16:45","22:25","400","127.0","False","BOD","DUB","N/A","N/A","N/A","","Transavia France","Ryanair","N/A","44.837789, -0.57918","53.3493795, -6.2605593","1032.73","2025-01-19 16:45:00","2025-01-19 22:25:00","","59","Sunday","afternoon","long","standard","4497974867346141060"
"2024-11-21","2025-01-19","BOD","DUB","Dublin","https://www.kayak.fr/flights/BOD-DUB/2025-01-19?sort=price_a","09:05","15:00","415","138.0","False","BOD","DUB","N/A","N/A","N/A","","Iberia","Ryanair","N/A","44.837789, -0.57918","53.3493795, -6.2605593","1032.73","2025-01-19 09:05:00","2025-01-19 15:00:00","","59","Sunday","morning","long","standard","3047467001092359400"
"2024-11-21","2025-01-19","BOD","DUB","Dublin","https://www.kayak.fr/flights/BOD-DUB/2025-01-19?sort=price_a","17:50","23:20","390","163.0","False","BOD","DUB","N/A","N/A","BCN","290.0","Vueling","Ryanair","Économique","44.837789, -0.57918","53.3493795, -6.2605593","1032.73","2025-01-19 17:50:00","2025-01-19 23:20:00","100.0","59","Sunday","evening","long","high","2926163608088257848"
"2024-11-21","2025-01-19","BOD","DUB","Dublin","https://www.kayak.fr/flights/BOD-DUB/2025-01-19?sort=price_a","14:55","21:30","455","167.0","False","BOD","DUB","N/A","N/A","BCN","290.0","Vueling","Ryanair","Économique","44.837789, -0.57918","53.3493795, -6.2605593","1032.73","2025-01-19 14:55:00","2025-01-19 21:30:00","165.0","59","Sunday","afternoon","long","high","6214947221341759811"
"2024-11-21","2025-01-19","BOD","DUB","Dublin","https://www.kayak.fr/flights/BOD-DUB/2025-01-19?sort=price_a","17:55","23:35","400","178.0","False","BOD","DUB","N/A","N/A","BCN","290.0","Vueling","Ryanair","Économique","44.837789, -0.57918","53.3493795, -6.2605593","1032.73","2025-01-19 17:55:00","2025-01-19 23:35:00","110.0","59","Sunday","evening","long","high","275070687922977754"
"2024-11-21","2025-01-19","BOD","DUB","Dublin","https://www.kayak.fr/flights/BOD-DUB/2025-01-19?sort=price_a","07:00","14:50","530","178.0","False","BOD","DUB","N/A","N/A","BCN","290.0","Vueling","Ryanair","N/A","44.837789, -0.57918","53.3493795, -6.2605593","1032.73","2025-01-19 07:00:00","2025-01-19 14:50:00","240.0","59","Sunday","morning","long","high","3238961615576648214"
"2024-11-21","2025-01-19","BOD","DUB","Dublin","https://www.kayak.fr/flights/BOD-DUB/2025-01-19?sort=price_a","17:55","23:35","400","183.0","False","BOD","DUB","N/A","N/A","N/A","","Iberia","N/A","N/A","44.837789, -0.57918","53.3493795, -6.2605593","1032.73","2025-01-19 17:55:00","2025-01-19 23:35:00","","59","Sunday","evening","long","high","7721109622080486000"
"2024-11-21","2025-01-19","BOD","DUB","Dublin","https://www.kayak.fr/flights/BOD-DUB/2025-01-19?sort=price_a","09:55","18:05","550","188.0","False","BOD","DUB","N/A","N/A","BCN","290.0","Vueling","Ryanair","N/A","44.837789, -0.57918","53.3493795, -6.2605593","1032.73","2025-01-19 09:55:00","2025-01-19 18:05:00","260.0","59","Sunday","morning","long","high","1740040854820924696"
"2024-11-21","2025-01-19","BOD","DUB","Dublin","https://www.kayak.fr/flights/BOD-DUB/2025-01-19?sort=price_a","14:10","20:15","425","189.0","False","BOD","DUB","N/A","N/A","N/A","","easyJet","Ryanair","N/A","44.837789, -0.57918","53.3493795, -6.2605593","1032.73","2025-01-19 14:10:00","2025-01-19 20:15:00","","59","Sunday","afternoon","long","high","1906554203313923292"
"2024-11-21","2025-01-20","BOD","DUB","Dublin","https://www.kayak.fr/flights/BOD-DUB/2025-01-20?sort=price_a","15:25","16:25","120","53.0","True","BOD","DUB","N/A","N/A","N/A","","Aer Lingus","N/A","Saver","44.837789, -0.57918","53.3493795, -6.2605593","1032.73","2025-01-20 15:25:00","2025-01-20 16:25:00","","60","Monday","afternoon","court","cheap","4610229934153594823"
"2024-11-21","2025-01-20","BOD","DUB","Dublin","https://www.kayak.fr/flights/BOD-DUB/2025-01-20?sort=price_a","06:50","11:00","310","76.0","False","BOD","DUB","N/A","N/A","N/A","","Aer Lingus","N/A","Saver","44.837789, -0.57918","53.3493795, -6.2605593","1032.73","2025-01-20 06:50:00","2025-01-20 11:00:00","","60","Monday","morning","moyen","cheap","1027814209199809722"
"2024-11-21","2025-01-20","BOD","DUB","Dublin","https://www.kayak.fr/flights/BOD-DUB/2025-01-20?sort=price_a","13:55","21:30","515","76.0","False","BOD","DUB","N/A","N/A","N/A","","Aer Lingus","N/A","Saver","44.837789, -0.57918","53.3493795, -6.2605593","1032.73","2025-01-20 13:55:00","2025-01-20 21:30:00","","60","Monday","afternoon","long","cheap","7659043203418200726"
"2024-11-21","2025-01-20","BOD","DUB","Dublin","https://www.kayak.fr/flights/BOD-DUB/2025-01-20?sort=price_a","06:50","13:00","430","77.0","False","BOD","DUB","N/A","N/A","N/A","","Aer Lingus","N/A","N/A","44.837789, -0.57918","53.3493795, -6.2605593","1032.73","2025-01-20 06:50:00","2025-01-20 13:00:00","","60","Monday","morning","long","cheap","4081534598630084776"
"2024-11-21","2025-01-20","BOD","DUB","Dublin","https://www.kayak.fr/flights/BOD-DUB/2025-01-20?sort=price_a","06:50","14:35","525","78.0","False","BOD","DUB","N/A","N/A","N/A","","easyJet","Ryanair","N/A","44.837789, -0.57918","53.3493795, -6.2605593","1032.73","2025-01-20 06:50:00","2025-01-20 14:35:00","","60","Monday","morning","long","cheap","2994402915411702174"
"2024-11-21","2025-01-20","BOD","DUB","Dublin","https://www.kayak.fr/flights/BOD-DUB/2025-01-20?sort=price_a","06:50","15:05","555","79.0","False","BOD","DUB","N/A","N/A","N/A","","Aer Lingus","N/A","N/A","44.837789, -0.57918","53.3493795, -6.2605593","1032.73","2025-01-20 06:50:00","2025-01-20 15:05:00","","60","Monday","morning","long","cheap","5039363164348261642"
"2024-11-21","2025-01-20","BOD","DUB","Dublin","https://www.kayak.fr/flights/BOD-DUB/2025-01-20?sort=price_a","06:50","10:20","270","83.0","False","BOD","DUB","N/A","N/A","N/A","","easyJet","Ryanair","N/A","44.837789, -0.57918","53.3493795, -6.2605593","1032.73","2025-01-20 06:50:00","2025-01-20 10:20:00","","60","Monday","morning","moyen","cheap","4347618070204121525"
"2024-11-21","2025-01-20","BOD","DUB","Dublin","https://www.kayak.fr/flights/BOD-DUB/2025-01-20?sort=price_a","06:50","15:05","555","87.0","False","BOD","DUB","N/A","N/A","N/A","","easyJet","Ryanair","N/A","44.837789, -0.57918","53.3493795, -6.2605593","1032.73","2025-01-20 06:50:00","2025-01-20 15:05:00","","60","Monday","morning","long","cheap","4264506219415859178"
"2024-11-21","2025-01-20","BOD","DUB","Dublin","https://www.kayak.fr/flights/BOD-DUB/2025-01-20?sort=price_a","13:55","21:45","530","89.0","False","BOD","DUB","N/A","N/A","LGW","130.0","easyJet","Ryanair","Standard","44.837789, -0.57918","53.3493795, -6.2605593","1032.73","2025-01-20 13:55:00","2025-01-20 21:45:00","400.0","60","Monday","afternoon","long","cheap","4650444579722967412"
"2024-11-21","2025-01-20","BOD","DUB","Dublin","https://www.kayak.fr/flights/BOD-DUB/2025-01-20?sort=price_a","18:00","22:05","305","93.0","False","BOD","DUB","N/A","N/A","LGW","130.0","easyJet","Ryanair","Standard","44.837789, -0.57918","53.3493795, -6.2605593","1032.73","2025-01-20 18:00:00","2025-01-20 22:05:00","175.0","60","Monday","evening","moyen","cheap","3796017152985731904"
"2024-11-21","2025-01-20","BOD","DUB","Dublin","https://www.kayak.fr/flights/BOD-DUB/2025-01-20?sort=price_a","10:40","15:40","360","94.0","False","BOD","DUB","N/A","N/A","LGW","130.0","easyJet","Ryanair","Standard","44.837789, -0.57918","53.3493795, -6.2605593","1032.73","2025-01-20 10:40:00","2025-01-20 15:40:00","230.0","60","Monday","morning","moyen","cheap","2086372692683153607"
"2024-11-21","2025-01-20","BOD","DUB","Dublin","https://www.kayak.fr/flights/BOD-DUB/2025-01-20?sort=price_a","06:50","14:30","520","95.0","False","BOD","DUB","N/A","N/A","LGW","130.0","easyJet","Ryanair","N/A","44.837789, -0.57918","53.3493795, -6.2605593","1032.73","2025-01-20 06:50:00","2025-01-20 14:30:00","390.0","60","Monday","morning","long","cheap","6865197712067518999"
"2024-11-21","2025-01-20","BOD","DUB","Dublin","https://www.kayak.fr/flights/BOD-DUB/2025-01-20?sort=price_a","12:30","16:40","310","98.0","False","BOD","DUB","N/A","N/A","N/A","","KLM","N/A","N/A","44.837789, -0.57918","53.3493795, -6.2605593","1032.73","2025-01-20 12:30:00","2025-01-20 16:40:00","","60","Monday","afternoon","moyen","cheap","4987373484006971652"
"2024-11-21","2025-01-20","BOD","DUB","Dublin","https://www.kayak.fr/flights/BOD-DUB/2025-01-20?sort=price_a","09:55","17:45","530","98.0","False","BOD","DUB","N/A","N/A","LGW","130.0","easyJet","Ryanair","N/A","44.837789, -0.57918","53.3493795, -6.2605593","1032.73","2025-01-20 09:55:00","2025-01-20 17:45:00","400.0","60","Monday","morning","long","cheap","4625736716501484571"
"2024-11-21","2025-01-20","BOD","DUB","Dublin","https://www.kayak.fr/flights/BOD-DUB/2025-01-20?sort=price_a","10:40","18:20","520","99.0","False","BOD","DUB","N/A","N/A","N/A","","easyJet","Ryanair","N/A","44.837789, -0.57918","53.3493795, -6.2605593","1032.73","2025-01-20 10:40:00","2025-01-20 18:20:00","","60","Monday","morning","long","cheap","4330084664571229749"
"2024-11-21","2025-01-21","BOD","DUB","Dublin","https://www.kayak.fr/flights/BOD-DUB/2025-01-21?sort=price_a","19:50","10:30+1","940","50.0","False","BOD","DUB","N/A","N/A","BCN","700.0","Vueling","N/A","Économique","44.837789, -0.57918","53.3493795, -6.2605593","1032.73","2025-01-21 19:50:00","2025-01-22 10:30:00","240.0","61","Tuesday","evening","long","cheap","5977283002223240256"
"2024-11-21","2025-01-21","BOD","DUB","Dublin","https://www.kayak.fr/flights/BOD-DUB/2025-01-21?sort=price_a","19:50","07:30+1","760","71.0","False","BOD","DUB","N/A","N/A","BCN","700.0","Vueling","N/A","Économique","44.837789, -0.57918","53.3493795, -6.2605593","1032.73","2025-01-21 19:50:00","2025-01-22 07:30:00","60.0","61","Tuesday","evening","long","cheap","6406857200227984354"
"2024-11-21","2025-01-21","BOD","DUB","Dublin","https://www.kayak.fr/flights/BOD-DUB/2025-01-21?sort=price_a","19:50","11:30+1","1000","86.0","False","BOD","DUB","N/A","N/A","BCN","700.0","Vueling","N/A","Économique","44.837789, -0.57918","53.3493795, -6.2605593","1032.73","2025-01-21 19:50:00","2025-01-22 11:30:00","300.0","61","Tuesday","evening","long","cheap","125545564112996166"
"2024-11-21","2025-01-21","BOD","DUB","Dublin","https://www.kayak.fr/flights/BOD-DUB/2025-01-21?sort=price_a","18:00","22:05","305","92.0","False","BOD","DUB","N/A","N/A","BCN","700.0","Vueling","N/A","N/A","44.837789, -0.57918","53.3493795, -6.2605593","1032.73","2025-01-21 18:00:00","2025-01-21 22:05:00","","61","Tuesday","evening","moyen","cheap","5940951920073433769"
"2024-11-21","2025-01-21","BOD","DUB","Dublin","https://www.kayak.fr/flights/BOD-DUB/2025-01-21?sort=price_a","06:00","16:40","700","92.0","False","BOD","DUB","N/A","N/A","N/A","","KLM","N/A","N/A","44.837789, -0.57918","53.3493795, -6.2605593","1032.73","2025-01-21 06:00:00","2025-01-21 16:40:00","","61","Tuesday","morning","long","cheap","6221298601057886708"
"2024-11-21","2025-01-21","BOD","DUB","Dublin","https://www.kayak.fr/flights/BOD-DUB/2025-01-21?sort=price_a","19:50","12:35+1","1065","92.0","False","BOD","DUB","N/A","N/A","BCN","700.0","Vueling","N/A","N/A","44.837789, -0.57918","53.3493795, -6.2605593","1032.73","2025-01-21 19:50:00","2025-01-22 12:35:00","365.0","61","Tuesday","evening","long","cheap","7890305798325860365"
"2024-11-21","2025-01-21","BOD","DUB","Dublin","https://www.kayak.fr/flights/BOD-DUB/2025-01-21?sort=price_a","12:30","16:40","310","93.0","False","BOD","DUB","N/A","N/A","N/A","","KLM","N/A","N/A","44.837789, -0.57918","53.3493795, -6.2605593","1032.73","2025-01-21 12:30:00","2025-01-21 16:40:00","","61","Tuesday","afternoon","moyen","cheap","1443727657787291822"
"2024-11-21","2025-01-21","BOD","DUB","Dublin","https://www.kayak.fr/flights/BOD-DUB/2025-01-21?sort=price_a","12:30","22:05","635","93.0","False","BOD","DUB","N/A","N/A","N/A","","KLM","N/A","N/A","44.837789, -0.57918","53.3493795, -6.2605593","1032.73","2025-01-21 12:30:00","2025-01-21 22:05:00","","61","Tuesday","afternoon","long","cheap","8888082933452667083"
"2024-11-21","2025-01-21","BOD","DUB","Dublin","https://www.kayak.fr/flights/BOD-DUB/2025-01-21?sort=price_a","18:00","08:05+1","905","93.0","False","BOD","DUB","N/A","N/A","BCN","525.0","Vueling","Ryanair","Économique","44.837789, -0.57918","53.3493795, -6.2605593","1032.73","2025-01-21 18:00:00","2025-01-22 08:05:00","380.0","61","Tuesday","evening","long","cheap","6228150517830974153"
"2024-11-21","2025-01-21","BOD","DUB","Dublin","https://www.kayak.fr/flights/BOD-DUB/2025-01-21?sort=price_a","19:50","12:35+1","1065","96.0","False","BOD","DUB","N/A","N/A","BCN","525.0","Vueling","Ryanair","Économique","44.837789, -0.57918","53.3493795, -6.2605593","1032.73","2025-01-21 19:50:00","2025-01-22 12:35:00","540.0","61","Tuesday","evening","long","cheap","7890305798325860365"
"2024-11-21","2025-01-21","BOD","DUB","Dublin","https://www.kayak.fr/flights/BOD-DUB/2025-01-21?sort=price_a","17:55","10:15+1","1040","99.0","False","BOD","DUB","N/A","N/A","BCN","525.0","Vueling","Ryanair","Économique","44.837789, -0.57918","53.3493795, -6.2605593","1032.73","2025-01-21 17:55:00","2025-01-22 10:15:00","515.0","61","Tuesday","evening","long","cheap","3679011554162017092"
"2024-11-21","2025-01-21","BOD","DUB","Dublin","https://www.kayak.fr/flights/BOD-DUB/2025-01-21?sort=price_a","20:10","08:05+1","775","101.0","False","BOD","DUB","N/A","N/A","BCN","525.0","Vueling","Ryanair","N/A","44.837789, -0.57918","53.3493795, -6.2605593","1032.73","2025-01-21 20:10:00","2025-01-22 08:05:00","250.0","61","Tuesday","evening","long","cheap","4170726608782577361"
"2024-11-21","2025-01-21","BOD","DUB","Dublin","https://www.kayak.fr/flights/BOD-DUB/2025-01-21?sort=price_a","19:50","11:55+1","1025","101.0","False","BOD","DUB","N/A","N/A","N/A","","Vueling","Ryanair","N/A","44.837789, -0.57918","53.3493795, -6.2605593","1032.73","2025-01-21 19:50:00","2025-01-22 11:55:00","","61","Tuesday","evening","long","cheap","3886983825182897160"
"2024-11-21","2025-01-21","BOD","DUB","Dublin","https://www.kayak.fr/flights/BOD-DUB/2025-01-21?sort=price_a","19:50","11:25+1","995","104.0","False","BOD","DUB","N/A","N/A","BCN","525.0","Vueling","Ryanair","N/A","44.837789, -0.57918","53.3493795, -6.2605593","1032.73","2025-01-21 19:50:00","2025-01-22 11:25:00","470.0","61","Tuesday","evening","long","cheap","620098527189467750"
"2024-11-21","2025-01-21","BOD","DUB","Dublin","https://www.kayak.fr/flights/BOD-DUB/2025-01-21?sort=price_a","19:50","12:25+1","1055","107.0","False","BOD","DUB","N/A","N/A","N/A","","Vueling","Aer Lingus","N/A","44.837789, -0.57918","53.3493795, -6.2605593","1032.73","2025-01-21 19:50:00","2025-01-22 12:25:00","","61","Tuesday","evening","long","cheap","1900894671991222397"
"2024-11-21","2025-01-22","BOD","DUB","Dublin","https://www.kayak.fr/flights/BOD-DUB/2025-01-22?sort=price_a","15:25","16:25","120","53.0","True","BOD","DUB","N/A","N/A","N/A","","Aer Lingus","N/A","Saver","44.837789, -0.57918","53.3493795, -6.2605593","1032.73","2025-01-22 15:25:00","2025-01-22 16:25:00","","62","Wednesday","afternoon","court","cheap","413147503594569931"
"2024-11-21","2025-01-22","BOD","DUB","Dublin","https://www.kayak.fr/flights/BOD-DUB/2025-01-22?sort=price_a","06:50","11:30","340","81.0","False","BOD","DUB","N/A","N/A","N/A","","Aer Lingus","N/A","Saver","44.837789, -0.57918","53.3493795, -6.2605593","1032.73","2025-01-22 06:50:00","2025-01-22 11:30:00","","62","Wednesday","morning","moyen","cheap","4451878448121390592"
"2024-11-21","2025-01-22","BOD","DUB","Dublin","https://www.kayak.fr/flights/BOD-DUB/2025-01-22?sort=price_a","06:50","12:35","405","88.0","False","BOD","DUB","N/A","N/A","N/A","","Aer Lingus","N/A","Saver","44.837789, -0.57918","53.3493795, -6.2605593","1032.73","2025-01-22 06:50:00","2025-01-22 12:35:00","","62","Wednesday","morning","long","cheap","7031637421285795843"
"2024-11-21","2025-01-22","BOD","DUB","Dublin","https://www.kayak.fr/flights/BOD-DUB/2025-01-22?sort=price_a","18:00","22:05","305","92.0","False","BOD","DUB","N/A","N/A","N/A","","Aer Lingus","N/A","N/A","44.837789, -0.57918","53.3493795, -6.2605593","1032.73","2025-01-22 18:00:00","2025-01-22 22:05:00","","62","Wednesday","evening","moyen","cheap","2831851541928095927"
"2024-11-21","2025-01-22","BOD","DUB","Dublin","https://www.kayak.fr/flights/BOD-DUB/2025-01-22?sort=price_a","12:30","16:40","310","92.0","False","BOD","DUB","N/A","N/A","N/A","","KLM","N/A","N/A","44.837789, -0.57918","53.3493795, -6.2605593","1032.73","2025-01-22 12:30:00","2025-01-22 16:40:00","","62","Wednesday","afternoon","moyen","cheap","5218170194190197954"
"2024-11-21","2025-01-22","BOD","DUB","Dublin","https://www.kayak.fr/flights/BOD-DUB/2025-01-22?sort=price_a","06:00","12:40","460","92.0","False","BOD","DUB","N/A","N/A","N/A","","Aer Lingus","N/A","N/A","44.837789, -0.57918","53.3493795, -6.2605593","1032.73","2025-01-22 06:00:00","2025-01-22 12:40:00","","62","Wednesday","morning","long","cheap","4761010496029398672"
"2024-11-21","2025-01-22","BOD","DUB","Dublin","https://www.kayak.fr/flights/BOD-DUB/2025-01-22?sort=price_a","09:00","16:10","490","120.0","False","BOD","DUB","N/A","N/A","N/A","","easyJet","Aer Lingus","N/A","44.837789, -0.57918","53.3493795, -6.2605593","1032.73","2025-01-22 09:00:00","2025-01-22 16:10:00","","62","Wednesday","morning","long","standard","3679830465783268606"
"2024-11-21","2025-01-22","BOD","DUB","Dublin","https://www.kayak.fr/flights/BOD-DUB/2025-01-22?sort=price_a","06:50","12:05","375","122.0","False","BOD","DUB","N/A","N/A","N/A","","easyJet","British Airways","N/A","44.837789, -0.57918","53.3493795, -6.2605593","1032.73","2025-01-22 06:50:00","2025-01-22 12:05:00","","62","Wednesday","morning","long","standard","2733681910591862912"
"2024-11-21","2025-01-22","BOD","DUB","Dublin","https://www.kayak.fr/flights/BOD-DUB/2025-01-22?sort=price_a","09:05","13:30","325","128.0","False","BOD","DUB","N/A","N/A","LGW","160.0","easyJet","Ryanair","Standard","44.837789, -0.57918","53.3493795, -6.2605593","1032.73","2025-01-22 09:05:00","2025-01-22 13:30:00","165.0","62","Wednesday","morning","moyen","standard","4165672487901709287"
"2024-11-21","2025-01-22","BOD","DUB","Dublin","https://www.kayak.fr/flights/BOD-DUB/2025-01-22?sort=price_a","06:50","13:35","465","147.0","False","BOD","DUB","N/A","N/A","LGW","160.0","easyJet","Ryanair","Standard","44.837789, -0.57918","53.3493795, -6.2605593","1032.73","2025-01-22 06:50:00","2025-01-22 13:35:00","305.0","62","Wednesday","morning","long","standard","7880122588038080752"
"2024-11-21","2025-01-22","BOD","DUB","Dublin","https://www.kayak.fr/flights/BOD-DUB/2025-01-22?sort=price_a","06:00","14:00","540","152.0","False","BOD","DUB","N/A","N/A","LGW","160.0","easyJet","Ryanair","Standard","44.837789, -0.57918","53.3493795, -6.2605593","1032.73","2025-01-22 06:00:00","2025-01-22 14:00:00","380.0","62","Wednesday","morning","long","standard","7644740862727446975"
"2024-11-21","2025-01-22","BOD","DUB","Dublin","https://www.kayak.fr/flights/BOD-DUB/2025-01-22?sort=price_a","09:05","14:10","365","163.0","False","BOD","DUB","N/A","N/A","LGW","160.0","easyJet","Ryanair","N/A","44.837789, -0.57918","53.3493795, -6.2605593","1032.73","2025-01-22 09:05:00","2025-01-22 14:10:00","205.0","62","Wednesday","morning","long","high","5529319326507601836"
"2024-11-21","2025-01-22","BOD","DUB","Dublin","https://www.kayak.fr/flights/BOD-DUB/2025-01-22?sort=price_a","07:45","14:05","440","171.0","False","BOD","DUB","N/A","N/A","N/A","","SNCF","Aer Lingus","N/A","44.837789, -0.57918","53.3493795, -6.2605593","1032.73","2025-01-22 07:45:00","2025-01-22 14:05:00","","62","Wednesday","morning","long","high","3993386114812930292"
"2024-11-21","2025-01-22","BOD","DUB","Dublin","https://www.kayak.fr/flights/BOD-DUB/2025-01-22?sort=price_a","14:50","22:05","495","215.0","False","BOD","DUB","N/A","N/A","LGW","160.0","easyJet","Ryanair","N/A","44.837789, -0.57918","53.3493795, -6.2605593","1032.73","2025-01-22 14:50:00","2025-01-22 22:05:00","335.0","62","Wednesday","afternoon","long","high","4473548016786888123"
"2024-11-21","2025-01-22","BOD","DUB","Dublin","https://www.kayak.fr/flights/BOD-DUB/2025-01-22?sort=price_a","15:55","22:50","475","221.0","False","BOD","DUB","N/A","N/A","N/A","","Air France","N/A","N/A","44.837789, -0.57918","53.3493795, -6.2605593","1032.73","2025-01-22 15:55:00","2025-01-22 22:50:00","","62","Wednesday","afternoon","long","high","1052094353209496128"
"2024-11-21","2025-01-23","BOD","DUB","Dublin","https://www.kayak.fr/flights/BOD-DUB/2025-01-23?sort=price_a","15:25","16:25","120","76.0","True","BOD","DUB","N/A","N/A","N/A","","Aer Lingus","N/A","Saver","44.837789, -0.57918","53.3493795, -6.2605593","1032.73","2025-01-23 15:25:00","2025-01-23 16:25:00","","63","Thursday","afternoon","court","cheap","8496643181283935215"
"2024-11-21","2025-01-23","BOD","DUB","Dublin","https://www.kayak.fr/flights/BOD-DUB/2025-01-23?sort=price_a","18:00","22:05","305","92.0","False","BOD","DUB","N/A","N/A","N/A","","Aer Lingus","N/A","Saver","44.837789, -0.57918","53.3493795, -6.2605593","1032.73","2025-01-23 18:00:00","2025-01-23 22:05:00","","63","Thursday","evening","moyen","cheap","2398054615500107"
"2024-11-21","2025-01-23","BOD","DUB","Dublin","https://www.kayak.fr/flights/BOD-DUB/2025-01-23?sort=price_a","06:00","12:40","460","92.0","False","BOD","DUB","N/A","N/A","N/A","","Aer Lingus","N/A","Saver","44.837789, -0.57918","53.3493795, -6.2605593","1032.73","2025-01-23 06:00:00","2025-01-23 12:40:00","","63","Thursday","morning","long","cheap","3377025339090633113"
"2024-11-21","2025-01-23","BOD","DUB","Dublin","https://www.kayak.fr/flights/BOD-DUB/2025-01-23?sort=price_a","10:40","15:40","360","103.0","False","BOD","DUB","N/A","N/A","N/A","","Aer Lingus","N/A","N/A","44.837789, -0.57918","53.3493795, -6.2605593","1032.73","2025-01-23 10:40:00","2025-01-23 15:40:00","","63","Thursday","morning","moyen","cheap","2618123789935649615"
"2024-11-21","2025-01-23","BOD","DUB","Dublin","https://www.kayak.fr/flights/BOD-DUB/2025-01-23?sort=price_a","12:30","16:40","310","114.0","False","BOD","DUB","N/A","N/A","N/A","","KLM","N/A","N/A","44.837789, -0.57918","53.3493795, -6.2605593","1032.73","2025-01-23 12:30:00","2025-01-23 16:40:00","","63","Thursday","afternoon","moyen","standard","4038864405642906027"
"2024-11-21","2025-01-23","BOD","DUB","Dublin","https://www.kayak.fr/flights/BOD-DUB/2025-01-23?sort=price_a","13:35","20:15","460","122.0","False","BOD","DUB","N/A","N/A","N/A","","Aer Lingus","N/A","N/A","44.837789, -0.57918","53.3493795, -6.2605593","1032.73","2025-01-23 13:35:00","2025-01-23 20:15:00","","63","Thursday","afternoon","long","standard","9018254995591405241"
"2024-11-21","2025-01-23","BOD","DUB","Dublin","https://www.kayak.fr/flights/BOD-DUB/2025-01-23?sort=price_a","15:55","22:50","475","125.0","False","BOD","DUB","N/A","N/A","N/A","","Air France","N/A","N/A","44.837789, -0.57918","53.3493795, -6.2605593","1032.73","2025-01-23 15:55:00","2025-01-23 22:50:00","","63","Thursday","afternoon","long","standard","911929897759864836"
"2024-11-21","2025-01-23","BOD","DUB","Dublin","https://www.kayak.fr/flights/BOD-DUB/2025-01-23?sort=price_a","07:00","13:55","475","137.0","False","BOD","DUB","N/A","N/A","N/A","","easyJet","Vueling","N/A","44.837789, -0.57918","53.3493795, -6.2605593","1032.73","2025-01-23 07:00:00","2025-01-23 13:55:00","","63","Thursday","morning","long","standard","4133289794852025327"
"2024-11-21","2025-01-23","BOD","DUB","Dublin","https://www.kayak.fr/flights/BOD-DUB/2025-01-23?sort=price_a","17:55","22:10","315","141.0","False","BOD","DUB","N/A","N/A","AMS","95.0","KLM","N/A","Light","44.837789, -0.57918","53.3493795, -6.2605593","1032.73","2025-01-23 17:55:00","2025-01-23 22:10:00","220.0","63","Thursday","evening","moyen","standard","8686555819824954223"
"2024-11-21","2025-01-23","BOD","DUB","Dublin","https://www.kayak.fr/flights/BOD-DUB/2025-01-23?sort=price_a","13:35","21:40","545","141.0","False","BOD","DUB","N/A","N/A","AMS","95.0","KLM","N/A","Light","44.837789, -0.57918","53.3493795, -6.2605593","1032.73","2025-01-23 13:35:00","2025-01-23 21:40:00","450.0","63","Thursday","afternoon","long","standard","3029507209621266545"
"2024-11-21","2025-01-23","BOD","DUB","Dublin","https://www.kayak.fr/flights/BOD-DUB/2025-01-23?sort=price_a","06:00","14:00","540","152.0","False","BOD","DUB","N/A","N/A","AMS","95.0","KLM","N/A","Light","44.837789, -0.57918","53.3493795, -6.2605593","1032.73","2025-01-23 06:00:00","2025-01-23 14:00:00","445.0","63","Thursday","morning","long","standard","8014836871897015498"
"2024-11-21","2025-01-23","BOD","DUB","Dublin","https://www.kayak.fr/flights/BOD-DUB/2025-01-23?sort=price_a","18:30","22:50","320","153.0","False","BOD","DUB","N/A","N/A","AMS","95.0","KLM","N/A","N/A","44.837789, -0.57918","53.3493795, -6.2605593","1032.73","2025-01-23 18:30:00","2025-01-23 22:50:00","225.0","63","Thursday","evening","moyen","standard","3584970432888296621"
"2024-11-21","2025-01-23","BOD","DUB","Dublin","https://www.kayak.fr/flights/BOD-DUB/2025-01-23?sort=price_a","07:00","14:50","530","154.0","False","BOD","DUB","N/A","N/A","N/A","","easyJet","Ryanair","N/A","44.837789, -0.57918","53.3493795, -6.2605593","1032.73","2025-01-23 07:00:00","2025-01-23 14:50:00","","63","Thursday","morning","long","standard","195456542107333828"
"2024-11-21","2025-01-23","BOD","DUB","Dublin","https://www.kayak.fr/flights/BOD-DUB/2025-01-23?sort=price_a","05:55","15:40","645","161.0","False","BOD","DUB","N/A","N/A","AMS","95.0","KLM","N/A","N/A","44.837789, -0.57918","53.3493795, -6.2605593","1032.73","2025-01-23 05:55:00","2025-01-23 15:40:00","550.0","63","Thursday","morning","long","high","7929415864660196561"
"2024-11-21","2025-01-23","BOD","DUB","Dublin","https://www.kayak.fr/flights/BOD-DUB/2025-01-23?sort=price_a","06:00","13:40","520","164.0","False","BOD","DUB","N/A","N/A","N/A","","KLM","Aer Lingus","N/A","44.837789, -0.57918","53.3493795, -6.2605593","1032.73","2025-01-23 06:00:00","2025-01-23 13:40:00","","63","Thursday","morning","long","high","901581355883373227"
"2024-11-21","2025-01-24","BOD","DUB","Dublin","https://www.kayak.fr/flights/BOD-DUB/2025-01-24?sort=price_a","18:05","22:05","300","92.0","False","BOD","DUB","N/A","N/A","AMS","90.0","KLM","N/A","Light","44.837789, -0.57918","53.3493795, -6.2605593","1032.73","2025-01-24 18:05:00","2025-01-24 22:05:00","210.0","64","Friday","evening","moyen","cheap","3591263286742853399"
"2024-11-21","2025-01-24","BOD","DUB","Dublin","https://www.kayak.fr/flights/BOD-DUB/2025-01-24?sort=price_a","12:30","16:40","310","93.0","False","BOD","DUB","N/A","N/A","AMS","90.0","KLM","N/A","Light","44.837789, -0.57918","53.3493795, -6.2605593","1032.73","2025-01-24 12:30:00","2025-01-24 16:40:00","220.0","64","Friday","afternoon","moyen","cheap","6853520854845682336"
"2024-11-21","2025-01-24","BOD","DUB","Dublin","https://www.kayak.fr/flights/BOD-DUB/2025-01-24?sort=price_a","06:00","12:40","460","93.0","False","BOD","DUB","N/A","N/A","AMS","90.0","KLM","N/A","Light","44.837789, -0.57918","53.3493795, -6.2605593","1032.73","2025-01-24 06:00:00","2025-01-24 12:40:00","370.0","64","Friday","morning","long","cheap","4661812805960939764"
"2024-11-21","2025-01-24","BOD","DUB","Dublin","https://www.kayak.fr/flights/BOD-DUB/2025-01-24?sort=price_a","15:25","16:25","120","95.0","True","BOD","DUB","N/A","N/A","N/A","","KLM","N/A","N/A","44.837789, -0.57918","53.3493795, -6.2605593","1032.73","2025-01-24 15:25:00","2025-01-24 16:25:00","","64","Friday","afternoon","court","cheap","7581896396699240048"
"2024-11-21","2025-01-24","BOD","DUB","Dublin","https://www.kayak.fr/flights/BOD-DUB/2025-01-24?sort=price_a","17:40","00:50+1","490","96.0","False","BOD","DUB","N/A","N/A","N/A","","Volotea","Ryanair","N/A","44.837789, -0.57918","53.3493795, -6.2605593","1032.73","2025-01-24 17:40:00","2025-01-25 00:50:00","","64","Friday","evening","long","cheap","2417845605752077481"
"2024-11-21","2025-01-24","BOD","DUB","Dublin","https://www.kayak.fr/flights/BOD-DUB/2025-01-24?sort=price_a","13:35","20:05","450","99.0","False","BOD","DUB","N/A","N/A","AMS","90.0","KLM","N/A","N/A","44.837789, -0.57918","53.3493795, -6.2605593","1032.73","2025-01-24 13:35:00","2025-01-24 20:05:00","360.0","64","Friday","afternoon","long","cheap","6178994665720160319"
"2024-11-21","2025-01-24","BOD","DUB","Dublin","https://www.kayak.fr/flights/BOD-DUB/2025-01-24?sort=price_a","13:35","21:00","505","102.0","False","BOD","DUB","N/A","N/A","N/A","","easyJet","Aer Lingus","N/A","44.837789, -0.57918","53.3493795, -6.2605593","1032.73","2025-01-24 13:35:00","2025-01-24 21:00:00","","64","Friday","afternoon","long","cheap","1389102670077236709"
"2024-11-21","2025-01-24","BOD","DUB","Dublin","https://www.kayak.fr/flights/BOD-DUB/2025-01-24?sort=price_a","13:00","20:10","490","103.0","False","BOD","DUB","N/A","N/A","N/A","","Transavia France","Ryanair","N/A","44.837789, -0.57918","53.3493795, -6.2605593","1032.73","2025-01-24 13:00:00","2025-01-24 20:10:00","","64","Friday","afternoon","long","cheap","4844447469534715029"
"2024-11-21","2025-01-24","BOD","DUB","Dublin","https://www.kayak.fr/flights/BOD-DUB/2025-01-24?sort=price_a","12:24","19:10","466","105.0","False","BOD","DUB","N/A","N/A","AMS","100.0","KLM","N/A","Light","44.837789, -0.57918","53.3493795, -6.2605593","1032.73","2025-01-24 12:24:00","2025-01-24 19:10:00","366.0","64","Friday","afternoon","long","cheap","8169662429963631250"
"2024-11-21","2025-01-24","BOD","DUB","Dublin","https://www.kayak.fr/flights/BOD-DUB/2025-01-24?sort=price_a","18:25","22:50","325","111.0","False","BOD","DUB","N/A","N/A","AMS","100.0","KLM","N/A","Light","44.837789, -0.57918","53.3493795, -6.2605593","1032.73","2025-01-24 18:25:00","2025-01-24 22:50:00","225.0","64","Friday","evening","moyen","cheap","1572819382293129668"
"2024-11-21","2025-01-24","BOD","DUB","Dublin","https://www.kayak.fr/flights/BOD-DUB/2025-01-24?sort=price_a","14:45","18:30","285","113.0","False","BOD","DUB","N/A","N/A","AMS","100.0","KLM","N/A","Light","44.837789, -0.57918","53.3493795, -6.2605593","1032.73","2025-01-24 14:45:00","2025-01-24 18:30:00","185.0","64","Friday","afternoon","moyen","standard","7040824545895840759"
"2024-11-21","2025-01-24","BOD","DUB","Dublin","https://www.kayak.fr/flights/BOD-DUB/2025-01-24?sort=price_a","09:55","17:40","525","139.0","False","BOD","DUB","N/A","N/A","AMS","100.0","KLM","N/A","N/A","44.837789, -0.57918","53.3493795, -6.2605593","1032.73","2025-01-24 09:55:00","2025-01-24 17:40:00","425.0","64","Friday","morning","long","standard","8175705497433743219"
"2024-11-21","2025-01-24","BOD","DUB","Dublin","https://www.kayak.fr/flights/BOD-DUB/2025-01-24?sort=price_a","13:35","18:00","325","140.0","False","BOD","DUB","N/A","N/A","N/A","","Vueling","Ryanair","N/A","44.837789, -0.57918","53.3493795, -6.2605593","1032.73","2025-01-24 13:35:00","2025-01-24 18:00:00","","64","Friday","afternoon","moyen","standard","8065802732949046165"
"2024-11-21","2025-01-24","BOD","DUB","Dublin","https://www.kayak.fr/flights/BOD-DUB/2025-01-24?sort=price_a","09:55","17:45","530","140.0","False","BOD","DUB","N/A","N/A","AMS","100.0","KLM","N/A","N/A","44.837789, -0.57918","53.3493795, -6.2605593","1032.73","2025-01-24 09:55:00","2025-01-24 17:45:00","430.0","64","Friday","morning","long","standard","3295722746415234947"
"2024-11-21","2025-01-24","BOD","DUB","Dublin","https://www.kayak.fr/flights/BOD-DUB/2025-01-24?sort=price_a","09:55","14:55","360","142.0","False","BOD","DUB","N/A","N/A","N/A","","Vueling","Ryanair","N/A","44.837789, -0.57918","53.3493795, -6.2605593","1032.73","2025-01-24 09:55:00","2025-01-24 14:55:00","","64","Friday","morning","moyen","standard","2776646272890047870"
"2024-11-21","2025-01-25","BOD","DUB","Dublin","https://www.kayak.fr/flights/BOD-DUB/2025-01-25?sort=price_a","21:45","11:55+1","910","54.0","False","BOD","DUB","N/A","N/A","BCN","675.0","Vueling","N/A","Économique","44.837789, -0.57918","53.3493795, -6.2605593","1032.73","2025-01-25 21:45:00","2025-01-26 11:55:00","235.0","65","Saturday","evening","long","cheap","8221284747168975284"
"2024-11-21","2025-01-25","BOD","DUB","Dublin","https://www.kayak.fr/flights/BOD-DUB/2025-01-25?sort=price_a","21:45","11:35+1","890","80.0","False","BOD","DUB","N/A","N/A","BCN","675.0","Vueling","N/A","Économique","44.837789, -0.57918","53.3493795, -6.2605593","1032.73","2025-01-25 21:45:00","2025-01-26 11:35:00","215.0","65","Saturday","evening","long","cheap","4384902354671787328"
"2024-11-21","2025-01-25","BOD","DUB","Dublin","https://www.kayak.fr/flights/BOD-DUB/2025-01-25?sort=price_a","21:45","14:25+1","1060","87.0","False","BOD","DUB","N/A","N/A","BCN","675.0","Vueling","N/A","Économique","44.837789, -0.57918","53.3493795, -6.2605593","1032.73","2025-01-25 21:45:00","2025-01-26 14:25:00","385.0","65","Saturday","evening","long","cheap","8445743772761113948"
"2024-11-21","2025-01-25","BOD","DUB","Dublin","https://www.kayak.fr/flights/BOD-DUB/2025-01-25?sort=price_a","21:45","11:30+1","885","89.0","False","BOD","DUB","N/A","N/A","BCN","675.0","Vueling","N/A","N/A","44.837789, -0.57918","53.3493795, -6.2605593","1032.73","2025-01-25 21:45:00","2025-01-26 11:30:00","210.0","65","Saturday","evening","long","cheap","8762292577725796241"
"2024-11-21","2025-01-25","BOD","DUB","Dublin","https://www.kayak.fr/flights/BOD-DUB/2025-01-25?sort=price_a","21:45","10:35+1","830","90.0","False","BOD","DUB","N/A","N/A","N/A","","Vueling","Ryanair","N/A","44.837789, -0.57918","53.3493795, -6.2605593","1032.73","2025-01-25 21:45:00","2025-01-26 10:35:00","","65","Saturday","evening","long","cheap","70928407628796716"
"2024-11-21","2025-01-25","BOD","DUB","Dublin","https://www.kayak.fr/flights/BOD-DUB/2025-01-25?sort=price_a","21:45","14:25+1","1060","90.0","False","BOD","DUB","N/A","N/A","BCN","675.0","Vueling","N/A","N/A","44.837789, -0.57918","53.3493795, -6.2605593","1032.73","2025-01-25 21:45:00","2025-01-26 14:25:00","385.0","65","Saturday","evening","long","cheap","8445743772761113948"
"2024-11-21","2025-01-25","BOD","DUB","Dublin","https://www.kayak.fr/flights/BOD-DUB/2025-01-25?sort=price_a","12:30","16:40","310","92.0","False","BOD","DUB","N/A","N/A","N/A","","KLM","N/A","N/A","44.837789, -0.57918","53.3493795, -6.2605593","1032.73","2025-01-25 12:30:00","2025-01-25 16:40:00","","65","Saturday","afternoon","moyen","cheap","4058321776851961196"
"2024-11-21","2025-01-25","BOD","DUB","Dublin","https://www.kayak.fr/flights/BOD-DUB/2025-01-25?sort=price_a","12:30","22:05","635","92.0","False","BOD","DUB","N/A","N/A","N/A","","KLM","N/A","N/A","44.837789, -0.57918","53.3493795, -6.2605593","1032.73","2025-01-25 12:30:00","2025-01-25 22:05:00","","65","Saturday","afternoon","long","cheap","8347886003453126689"
"2024-11-21","2025-01-25","BOD","DUB","Dublin","https://www.kayak.fr/flights/BOD-DUB/2025-01-25?sort=price_a","21:45","13:55+1","1030","92.0","False","BOD","DUB","N/A","N/A","BCN","655.0","Vueling","Ryanair","Économique","44.837789, -0.57918","53.3493795, -6.2605593","1032.73","2025-01-25 21:45:00","2025-01-26 13:55:00","375.0","65","Saturday","evening","long","cheap","4239049354350417697"
"2024-11-21","2025-01-25","BOD","DUB","Dublin","https://www.kayak.fr/flights/BOD-DUB/2025-01-25?sort=price_a","21:45","12:30+1","945","104.0","False","BOD","DUB","N/A","N/A","BCN","655.0","Vueling","Ryanair","Économique","44.837789, -0.57918","53.3493795, -6.2605593","1032.73","2025-01-25 21:45:00","2025-01-26 12:30:00","290.0","65","Saturday","evening","long","cheap","524668709346639475"
"2024-11-21","2025-01-25","BOD","DUB","Dublin","https://www.kayak.fr/flights/BOD-DUB/2025-01-25?sort=price_a","14:45","08:05+1","1100","108.0","False","BOD","DUB","N/A","N/A","BCN","655.0","Vueling","Ryanair","Économique","44.837789, -0.57918","53.3493795, -6.2605593","1032.73","2025-01-25 14:45:00","2025-01-26 08:05:00","445.0","65","Saturday","afternoon","long","cheap","4636227392682854508"
"2024-11-21","2025-01-25","BOD","DUB","Dublin","https://www.kayak.fr/flights/BOD-DUB/2025-01-25?sort=price_a","06:00","22:05","1025","112.0","False","BOD","DUB","N/A","N/A","BCN","655.0","Vueling","Ryanair","N/A","44.837789, -0.57918","53.3493795, -6.2605593","1032.73","2025-01-25 06:00:00","2025-01-25 22:05:00","370.0","65","Saturday","morning","long","standard","7846972002402045"
"2024-11-21","2025-01-25","BOD","DUB","Dublin","https://www.kayak.fr/flights/BOD-DUB/2025-01-25?sort=price_a","16:35","01:10+1","575","114.0","False","BOD","DUB","N/A","N/A","N/A","","Volotea","Ryanair","N/A","44.837789, -0.57918","53.3493795, -6.2605593","1032.73","2025-01-25 16:35:00","2025-01-26 01:10:00","","65","Saturday","afternoon","long","standard","1082841290714250977"
"2024-11-21","2025-01-25","BOD","DUB","Dublin","https://www.kayak.fr/flights/BOD-DUB/2025-01-25?sort=price_a","17:55","07:50+1","895","121.0","False","BOD","DUB","N/A","N/A","BCN","655.0","Vueling","Ryanair","N/A","44.837789, -0.57918","53.3493795, -6.2605593","1032.73","2025-01-25 17:55:00","2025-01-26 07:50:00","240.0","65","Saturday","evening","long","standard","2340254916019912783"
"2024-11-21","2025-01-25","BOD","DUB","Dublin","https://www.kayak.fr/flights/BOD-DUB/2025-01-25?sort=price_a","17:55","10:15+1","1040","122.0","False","BOD","DUB","N/A","N/A","N/A","","Iberia","Ryanair","N/A","44.837789, -0.57918","53.3493795, -6.2605593","1032.73","2025-01-25 17:55:00","2025-01-26 10:15:00","","65","Saturday","evening","long","standard","358911214978351208"
"2024-11-21","2025-01-26","BOD","DUB","Dublin","https://www.kayak.fr/flights/BOD-DUB/2025-01-26?sort=price_a","23:05","12:30+1","865","49.0","False","BOD","DUB","N/A","N/A","BCN","630.0","Vueling","N/A","Économique","44.837789, -0.57918","53.3493795, -6.2605593","1032.73","2025-01-26 23:05:00","2025-01-27 12:30:00","235.0","66","Sunday","night","long","cheap","3019077048959953157"
"2024-11-21","2025-01-26","BOD","DUB","Dublin","https://www.kayak.fr/flights/BOD-DUB/2025-01-26?sort=price_a","15:25","16:25","120","53.0","True","BOD","DUB","N/A","N/A","N/A","","Vueling","N/A","Économique","44.837789, -0.57918","53.3493795, -6.2605593","1032.73","2025-01-26 15:25:00","2025-01-26 16:25:00","","66","Sunday","afternoon","court","cheap","8792420199789391096"
"2024-11-21","2025-01-26","BOD","DUB","Dublin","https://www.kayak.fr/flights/BOD-DUB/2025-01-26?sort=price_a","18:05","22:05","300","92.0","False","BOD","DUB","N/A","N/A","BCN","630.0","Vueling","N/A","Économique","44.837789, -0.57918","53.3493795, -6.2605593","1032.73","2025-01-26 18:05:00","2025-01-26 22:05:00","","66","Sunday","evening","moyen","cheap","4379603312833873211"
"2024-11-21","2025-01-26","BOD","DUB","Dublin","https://www.kayak.fr/flights/BOD-DUB/2025-01-26?sort=price_a","06:00","12:40","460","93.0","False","BOD","DUB","N/A","N/A","BCN","630.0","Vueling","N/A","N/A","44.837789, -0.57918","53.3493795, -6.2605593","1032.73","2025-01-26 06:00:00","2025-01-26 12:40:00","","66","Sunday","morning","long","cheap","5374889277172592397"
"2024-11-21","2025-01-26","BOD","DUB","Dublin","https://www.kayak.fr/flights/BOD-DUB/2025-01-26?sort=price_a","18:30","22:40","310","109.0","False","BOD","DUB","N/A","N/A","N/A","","Lufthansa","N/A","N/A","44.837789, -0.57918","53.3493795, -6.2605593","1032.73","2025-01-26 18:30:00","2025-01-26 22:40:00","","66","Sunday","evening","moyen","cheap","7526824464154275592"
"2024-11-21","2025-01-26","BOD","DUB","Dublin","https://www.kayak.fr/flights/BOD-DUB/2025-01-26?sort=price_a","09:55","17:45","530","112.0","False","BOD","DUB","N/A","N/A","BCN","630.0","Vueling","N/A","N/A","44.837789, -0.57918","53.3493795, -6.2605593","1032.73","2025-01-26 09:55:00","2025-01-26 17:45:00","","66","Sunday","morning","long","standard","8999219509697414226"
"2024-11-21","2025-01-26","BOD","DUB","Dublin","https://www.kayak.fr/flights/BOD-DUB/2025-01-26?sort=price_a","17:50","23:30","400","115.0","False","BOD","DUB","N/A","N/A","N/A","","easyJet","Ryanair","N/A","44.837789, -0.57918","53.3493795, -6.2605593","1032.73","2025-01-26 17:50:00","2025-01-26 23:30:00","","66","Sunday","evening","long","standard","8954283432411222878"
"2024-11-21","2025-01-26","BOD","DUB","Dublin","https://www.kayak.fr/flights/BOD-DUB/2025-01-26?sort=price_a","12:30","16:40","310","125.0","False","BOD","DUB","N/A","N/A","N/A","","KLM","N/A","N/A","44.837789, -0.57918","53.3493795, -6.2605593","1032.73","2025-01-26 12:30:00","2025-01-26 16:40:00","","66","Sunday","afternoon","moyen","standard","3250217084759032344"
"2024-11-21","2025-01-26","BOD","DUB","Dublin","https://www.kayak.fr/flights/BOD-DUB/2025-01-26?sort=price_a","16:45","22:25","400","136.0","False","BOD","DUB","N/A","N/A","N/A","","Aer Lingus","N/A","Saver","44.837789, -0.57918","53.3493795, -6.2605593","1032.73","2025-01-26 16:45:00","2025-01-26 22:25:00","","66","Sunday","afternoon","long","standard","22896531099546419"
"2024-11-21","2025-01-26","BOD","DUB","Dublin","https://www.kayak.fr/flights/BOD-DUB/2025-01-26?sort=price_a","14:10","21:00","470","143.0","False","BOD","DUB","N/A","N/A","N/A","","Aer Lingus","N/A","Saver","44.837789, -0.57918","53.3493795, -6.2605593","1032.73","2025-01-26 14:10:00","2025-01-26 21:00:00","","66","Sunday","afternoon","long","standard","4783558290869637588"
"2024-11-21","2025-01-26","BOD","DUB","Dublin","https://www.kayak.fr/flights/BOD-DUB/2025-01-26?sort=price_a","14:10","20:15","425","150.0","False","BOD","DUB","N/A","N/A","N/A","","Aer Lingus","N/A","Saver","44.837789, -0.57918","53.3493795, -6.2605593","1032.73","2025-01-26 14:10:00","2025-01-26 20:15:00","","66","Sunday","afternoon","long","standard","2178972776422204373"
"2024-11-21","2025-01-26","BOD","DUB","Dublin","https://www.kayak.fr/flights/BOD-DUB/2025-01-26?sort=price_a","09:55","18:05","550","156.0","False","BOD","DUB","N/A","N/A","N/A","","Aer Lingus","N/A","N/A","44.837789, -0.57918","53.3493795, -6.2605593","1032.73","2025-01-26 09:55:00","2025-01-26 18:05:00","","66","Sunday","morning","long","high","5301206111469874628"
"2024-11-21","2025-01-26","BOD","DUB","Dublin","https://www.kayak.fr/flights/BOD-DUB/2025-01-26?sort=price_a","09:55","18:05","550","161.0","False","BOD","DUB","N/A","N/A","N/A","","Vueling","Iberia","N/A","44.837789, -0.57918","53.3493795, -6.2605593","1032.73","2025-01-26 09:55:00","2025-01-26 18:05:00","","66","Sunday","morning","long","high","6569305568319573502"
"2024-11-21","2025-01-26","BOD","DUB","Dublin","https://www.kayak.fr/flights/BOD-DUB/2025-01-26?sort=price_a","17:50","23:20","390","163.0","False","BOD","DUB","N/A","N/A","N/A","","Aer Lingus","N/A","N/A","44.837789, -0.57918","53.3493795, -6.2605593","1032.73","2025-01-26 17:50:00","2025-01-26 23:20:00","","66","Sunday","evening","long","high","500259964947956135"
"2024-11-21","2025-01-26","BOD","DUB","Dublin","https://www.kayak.fr/flights/BOD-DUB/2025-01-26?sort=price_a","14:55","21:30","455","167.0","False","BOD","DUB","N/A","N/A","N/A","","SWISS","Aer Lingus","N/A","44.837789, -0.57918","53.3493795, -6.2605593","1032.73","2025-01-26 14:55:00","2025-01-26 21:30:00","","66","Sunday","afternoon","long","high","1963702406459587383"
"2024-11-21","2025-01-27","BOD","DUB","Dublin","https://www.kayak.fr/flights/BOD-DUB/2025-01-27?sort=price_a","15:25","16:25","120","53.0","True","BOD","DUB","N/A","N/A","N/A","","Aer Lingus","N/A","Saver","44.837789, -0.57918","53.3493795, -6.2605593","1032.73","2025-01-27 15:25:00","2025-01-27 16:25:00","","67","Monday","afternoon","court","cheap","2373011610167725775"
"2024-11-21","2025-01-27","BOD","DUB","Dublin","https://www.kayak.fr/flights/BOD-DUB/2025-01-27?sort=price_a","08:35","14:30","415","86.0","False","BOD","DUB","N/A","N/A","N/A","","Aer Lingus","N/A","Saver","44.837789, -0.57918","53.3493795, -6.2605593","1032.73","2025-01-27 08:35:00","2025-01-27 14:30:00","","67","Monday","morning","long","cheap","104686033144733827"
"2024-11-21","2025-01-27","BOD","DUB","Dublin","https://www.kayak.fr/flights/BOD-DUB/2025-01-27?sort=price_a","09:55","17:40","525","86.0","False","BOD","DUB","N/A","N/A","N/A","","Aer Lingus","N/A","Saver","44.837789, -0.57918","53.3493795, -6.2605593","1032.73","2025-01-27 09:55:00","2025-01-27 17:40:00","","67","Monday","morning","long","cheap","2384795971068777929"
"2024-11-21","2025-01-27","BOD","DUB","Dublin","https://www.kayak.fr/flights/BOD-DUB/2025-01-27?sort=price_a","06:50","13:00","430","91.0","False","BOD","DUB","N/A","N/A","N/A","","Aer Lingus","N/A","N/A","44.837789, -0.57918","53.3493795, -6.2605593","1032.73","2025-01-27 06:50:00","2025-01-27 13:00:00","","67","Monday","morning","long","cheap","7171881817101600395"
"2024-11-21","2025-01-27","BOD","DUB","Dublin","https://www.kayak.fr/flights/BOD-DUB/2025-01-27?sort=price_a","12:30","16:40","310","92.0","False","BOD","DUB","N/A","N/A","N/A","","KLM","N/A","N/A","44.837789, -0.57918","53.3493795, -6.2605593","1032.73","2025-01-27 12:30:00","2025-01-27 16:40:00","","67","Monday","afternoon","moyen","cheap","5508739783487548013"
"2024-11-21","2025-01-27","BOD","DUB","Dublin","https://www.kayak.fr/flights/BOD-DUB/2025-01-27?sort=price_a","06:50","15:05","555","92.0","False","BOD","DUB","N/A","N/A","N/A","","Aer Lingus","N/A","N/A","44.837789, -0.57918","53.3493795, -6.2605593","1032.73","2025-01-27 06:50:00","2025-01-27 15:05:00","","67","Monday","morning","long","cheap","6235286232826675166"
"2024-11-21","2025-01-27","BOD","DUB","Dublin","https://www.kayak.fr/flights/BOD-DUB/2025-01-27?sort=price_a","09:55","17:45","530","93.0","False","BOD","DUB","N/A","N/A","N/A","","Vueling","Ryanair","N/A","44.837789, -0.57918","53.3493795, -6.2605593","1032.73","2025-01-27 09:55:00","2025-01-27 17:45:00","","67","Monday","morning","long","cheap","4878686840942021984"
"2024-11-21","2025-01-27","BOD","DUB","Dublin","https://www.kayak.fr/flights/BOD-DUB/2025-01-27?sort=price_a","10:40","15:40","360","96.0","False","BOD","DUB","N/A","N/A","N/A","","easyJet","Ryanair","N/A","44.837789, -0.57918","53.3493795, -6.2605593","1032.73","2025-01-27 10:40:00","2025-01-27 15:40:00","","67","Monday","morning","moyen","cheap","6919203013785952469"
"2024-11-21","2025-01-27","BOD","DUB","Dublin","https://www.kayak.fr/flights/BOD-DUB/2025-01-27?sort=price_a","13:55","21:45","530","101.0","False","BOD","DUB","N/A","N/A","VCE","125.0","Volotea","Ryanair","Économique","44.837789, -0.57918","53.3493795, -6.2605593","1032.73","2025-01-27 13:55:00","2025-01-27 21:45:00","405.0","67","Monday","afternoon","long","cheap","7324650975554794601"
"2024-11-21","2025-01-27","BOD","DUB","Dublin","https://www.kayak.fr/flights/BOD-DUB/2025-01-27?sort=price_a","13:55","21:30","515","104.0","False","BOD","DUB","N/A","N/A","VCE","125.0","Volotea","Ryanair","Économique","44.837789, -0.57918","53.3493795, -6.2605593","1032.73","2025-01-27 13:55:00","2025-01-27 21:30:00","390.0","67","Monday","afternoon","long","cheap","1831857877538823747"
"2024-11-21","2025-01-27","BOD","DUB","Dublin","https://www.kayak.fr/flights/BOD-DUB/2025-01-27?sort=price_a","06:50","10:20","270","105.0","False","BOD","DUB","N/A","N/A","VCE","125.0","Volotea","Ryanair","Économique","44.837789, -0.57918","53.3493795, -6.2605593","1032.73","2025-01-27 06:50:00","2025-01-27 10:20:00","145.0","67","Monday","morning","moyen","cheap","6210017517790498650"
"2024-11-21","2025-01-27","BOD","DUB","Dublin","https://www.kayak.fr/flights/BOD-DUB/2025-01-27?sort=price_a","06:50","14:35","525","105.0","False","BOD","DUB","N/A","N/A","VCE","125.0","Volotea","Ryanair","N/A","44.837789, -0.57918","53.3493795, -6.2605593","1032.73","2025-01-27 06:50:00","2025-01-27 14:35:00","400.0","67","Monday","morning","long","cheap","1474655767816299912"
"2024-11-21","2025-01-27","BOD","DUB","Dublin","https://www.kayak.fr/flights/BOD-DUB/2025-01-27?sort=price_a","06:50","15:05","555","105.0","False","BOD","DUB","N/A","N/A","N/A","","easyJet","Ryanair","N/A","44.837789, -0.57918","53.3493795, -6.2605593","1032.73","2025-01-27 06:50:00","2025-01-27 15:05:00","","67","Monday","morning","long","cheap","1407827120857750760"
"2024-11-21","2025-01-27","BOD","DUB","Dublin","https://www.kayak.fr/flights/BOD-DUB/2025-01-27?sort=price_a","06:50","11:00","310","107.0","False","BOD","DUB","N/A","N/A","VCE","125.0","Volotea","Ryanair","N/A","44.837789, -0.57918","53.3493795, -6.2605593","1032.73","2025-01-27 06:50:00","2025-01-27 11:00:00","185.0","67","Monday","morning","moyen","cheap","4033451175880280120"
"2024-11-21","2025-01-27","BOD","DUB","Dublin","https://www.kayak.fr/flights/BOD-DUB/2025-01-27?sort=price_a","09:55","16:55","480","107.0","False","BOD","DUB","N/A","N/A","N/A","","Vueling","Ryanair","N/A","44.837789, -0.57918","53.3493795, -6.2605593","1032.73","2025-01-27 09:55:00","2025-01-27 16:55:00","","67","Monday","morning","long","cheap","5285400179132419417"
"2024-11-21","2025-01-28","BOD","DUB","Dublin","https://www.kayak.fr/flights/BOD-DUB/2025-01-28?sort=price_a","19:50","10:30+1","940","59.0","False","BOD","DUB","N/A","N/A","BCN","700.0","Vueling","N/A","Économique","44.837789, -0.57918","53.3493795, -6.2605593","1032.73","2025-01-28 19:50:00","2025-01-29 10:30:00","240.0","68","Tuesday","evening","long","cheap","3209921517822853717"
"2024-11-21","2025-01-28","BOD","DUB","Dublin","https://www.kayak.fr/flights/BOD-DUB/2025-01-28?sort=price_a","19:50","07:30+1","760","76.0","False","BOD","DUB","N/A","N/A","BCN","700.0","Vueling","N/A","Économique","44.837789, -0.57918","53.3493795, -6.2605593","1032.73","2025-01-28 19:50:00","2025-01-29 07:30:00","60.0","68","Tuesday","evening","long","cheap","515014582242136043"
"2024-11-21","2025-01-28","BOD","DUB","Dublin","https://www.kayak.fr/flights/BOD-DUB/2025-01-28?sort=price_a","19:50","11:30+1","1000","85.0","False","BOD","DUB","N/A","N/A","BCN","700.0","Vueling","N/A","Économique","44.837789, -0.57918","53.3493795, -6.2605593","1032.73","2025-01-28 19:50:00","2025-01-29 11:30:00","300.0","68","Tuesday","evening","long","cheap","4585077842099650666"
"2024-11-21","2025-01-28","BOD","DUB","Dublin","https://www.kayak.fr/flights/BOD-DUB/2025-01-28?sort=price_a","19:50","12:35+1","1065","90.0","False","BOD","DUB","N/A","N/A","BCN","700.0","Vueling","N/A","N/A","44.837789, -0.57918","53.3493795, -6.2605593","1032.73","2025-01-28 19:50:00","2025-01-29 12:35:00","365.0","68","Tuesday","evening","long","cheap","7594884252895151598"
"2024-11-21","2025-01-28","BOD","DUB","Dublin","https://www.kayak.fr/flights/BOD-DUB/2025-01-28?sort=price_a","18:00","22:05","305","93.0","False","BOD","DUB","N/A","N/A","N/A","","KLM","N/A","N/A","44.837789, -0.57918","53.3493795, -6.2605593","1032.73","2025-01-28 18:00:00","2025-01-28 22:05:00","","68","Tuesday","evening","moyen","cheap","1471021631226113003"
"2024-11-21","2025-01-28","BOD","DUB","Dublin","https://www.kayak.fr/flights/BOD-DUB/2025-01-28?sort=price_a","12:30","16:40","310","93.0","False","BOD","DUB","N/A","N/A","BCN","700.0","Vueling","N/A","N/A","44.837789, -0.57918","53.3493795, -6.2605593","1032.73","2025-01-28 12:30:00","2025-01-28 16:40:00","","68","Tuesday","afternoon","moyen","cheap","7863912463287815253"
"2024-11-21","2025-01-28","BOD","DUB","Dublin","https://www.kayak.fr/flights/BOD-DUB/2025-01-28?sort=price_a","06:00","12:40","460","93.0","False","BOD","DUB","N/A","N/A","N/A","","KLM","N/A","N/A","44.837789, -0.57918","53.3493795, -6.2605593","1032.73","2025-01-28 06:00:00","2025-01-28 12:40:00","","68","Tuesday","morning","long","cheap","9002177453698305774"
"2024-11-21","2025-01-28","BOD","DUB","Dublin","https://www.kayak.fr/flights/BOD-DUB/2025-01-28?sort=price_a","12:30","22:05","635","93.0","False","BOD","DUB","N/A","N/A","N/A","","KLM","N/A","N/A","44.837789, -0.57918","53.3493795, -6.2605593","1032.73","2025-01-28 12:30:00","2025-01-28 22:05:00","","68","Tuesday","afternoon","long","cheap","1929235753868292041"
"2024-11-21","2025-01-28","BOD","DUB","Dublin","https://www.kayak.fr/flights/BOD-DUB/2025-01-28?sort=price_a","06:00","16:40","700","93.0","False","BOD","DUB","N/A","N/A","BCN","525.0","Vueling","Ryanair","Économique","44.837789, -0.57918","53.3493795, -6.2605593","1032.73","2025-01-28 06:00:00","2025-01-28 16:40:00","175.0","68","Tuesday","morning","long","cheap","5803089460097345100"
"2024-11-21","2025-01-28","BOD","DUB","Dublin","https://www.kayak.fr/flights/BOD-DUB/2025-01-28?sort=price_a","18:00","08:05+1","905","93.0","False","BOD","DUB","N/A","N/A","BCN","525.0","Vueling","Ryanair","Économique","44.837789, -0.57918","53.3493795, -6.2605593","1032.73","2025-01-28 18:00:00","2025-01-29 08:05:00","380.0","68","Tuesday","evening","long","cheap","4237986866797625969"
"2024-11-21","2025-01-28","BOD","DUB","Dublin","https://www.kayak.fr/flights/BOD-DUB/2025-01-28?sort=price_a","17:55","10:15+1","1040","100.0","False","BOD","DUB","N/A","N/A","BCN","525.0","Vueling","Ryanair","Économique","44.837789, -0.57918","53.3493795, -6.2605593","1032.73","2025-01-28 17:55:00","2025-01-29 10:15:00","515.0","68","Tuesday","evening","long","cheap","4447105138474140111"
"2024-11-21","2025-01-28","BOD","DUB","Dublin","https://www.kayak.fr/flights/BOD-DUB/2025-01-28?sort=price_a","15:55","22:50","475","102.0","False","BOD","DUB","N/A","N/A","BCN","525.0","Vueling","Ryanair","N/A","44.837789, -0.57918","53.3493795, -6.2605593","1032.73","2025-01-28 15:55:00","2025-01-28 22:50:00","","68","Tuesday","afternoon","long","cheap","4234321444377218024"
"2024-11-21","2025-01-28","BOD","DUB","Dublin","https://www.kayak.fr/flights/BOD-DUB/2025-01-28?sort=price_a","13:35","22:50","615","102.0","False","BOD","DUB","N/A","N/A","N/A","","Air France","N/A","N/A","44.837789, -0.57918","53.3493795, -6.2605593","1032.73","2025-01-28 13:35:00","2025-01-28 22:50:00","","68","Tuesday","afternoon","long","cheap","4361635274398147982"
"2024-11-21","2025-01-28","BOD","DUB","Dublin","https://www.kayak.fr/flights/BOD-DUB/2025-01-28?sort=price_a","17:55","10:15+1","1040","105.0","False","BOD","DUB","N/A","N/A","BCN","525.0","Vueling","Ryanair","N/A","44.837789, -0.57918","53.3493795, -6.2605593","1032.73","2025-01-28 17:55:00","2025-01-29 10:15:00","515.0","68","Tuesday","evening","long","cheap","4447105138474140111"
"2024-11-21","2025-01-28","BOD","DUB","Dublin","https://www.kayak.fr/flights/BOD-DUB/2025-01-28?sort=price_a","09:05","16:10","485","106.0","False","BOD","DUB","N/A","N/A","N/A","","easyJet","Aer Lingus","N/A","44.837789, -0.57918","53.3493795, -6.2605593","1032.73","2025-01-28 09:05:00","2025-01-28 16:10:00","","68","Tuesday","morning","long","cheap","8775376740250817659"
"2024-11-21","2025-01-29","BOD","DUB","Dublin","https://www.kayak.fr/flights/BOD-DUB/2025-01-29?sort=price_a","15:25","16:25","120","53.0","True","BOD","DUB","N/A","N/A","N/A","","Aer Lingus","N/A","Saver","44.837789, -0.57918","53.3493795, -6.2605593","1032.73","2025-01-29 15:25:00","2025-01-29 16:25:00","","69","Wednesday","afternoon","court","cheap","2561005627113650630"
"2024-11-21","2025-01-29","BOD","DUB","Dublin","https://www.kayak.fr/flights/BOD-DUB/2025-01-29?sort=price_a","06:50","11:30","340","76.0","False","BOD","DUB","N/A","N/A","N/A","","Aer Lingus","N/A","Saver","44.837789, -0.57918","53.3493795, -6.2605593","1032.73","2025-01-29 06:50:00","2025-01-29 11:30:00","","69","Wednesday","morning","moyen","cheap","1481587803883304277"
"2024-11-21","2025-01-29","BOD","DUB","Dublin","https://www.kayak.fr/flights/BOD-DUB/2025-01-29?sort=price_a","06:50","12:35","405","81.0","False","BOD","DUB","N/A","N/A","N/A","","Aer Lingus","N/A","Saver","44.837789, -0.57918","53.3493795, -6.2605593","1032.73","2025-01-29 06:50:00","2025-01-29 12:35:00","","69","Wednesday","morning","long","cheap","3145105830999175411"
"2024-11-21","2025-01-29","BOD","DUB","Dublin","https://www.kayak.fr/flights/BOD-DUB/2025-01-29?sort=price_a","18:00","22:05","305","92.0","False","BOD","DUB","N/A","N/A","N/A","","Aer Lingus","N/A","N/A","44.837789, -0.57918","53.3493795, -6.2605593","1032.73","2025-01-29 18:00:00","2025-01-29 22:05:00","","69","Wednesday","evening","moyen","cheap","1397223743257305805"
"2024-11-21","2025-01-29","BOD","DUB","Dublin","https://www.kayak.fr/flights/BOD-DUB/2025-01-29?sort=price_a","06:00","12:40","460","92.0","False","BOD","DUB","N/A","N/A","N/A","","KLM","N/A","N/A","44.837789, -0.57918","53.3493795, -6.2605593","1032.73","2025-01-29 06:00:00","2025-01-29 12:40:00","","69","Wednesday","morning","long","cheap","2020319569404323149"
"2024-11-21","2025-01-29","BOD","DUB","Dublin","https://www.kayak.fr/flights/BOD-DUB/2025-01-29?sort=price_a","12:30","16:40","310","93.0","False","BOD","DUB","N/A","N/A","N/A","","Aer Lingus","N/A","N/A","44.837789, -0.57918","53.3493795, -6.2605593","1032.73","2025-01-29 12:30:00","2025-01-29 16:40:00","","69","Wednesday","afternoon","moyen","cheap","141577978299227190"
"2024-11-21","2025-01-29","BOD","DUB","Dublin","https://www.kayak.fr/flights/BOD-DUB/2025-01-29?sort=price_a","20:45","07:55+1","730","94.0","False","BOD","DUB","N/A","N/A","N/A","","SNCF","Vueling","N/A","44.837789, -0.57918","53.3493795, -6.2605593","1032.73","2025-01-29 20:45:00","2025-01-30 07:55:00","","69","Wednesday","evening","long","cheap","8183598933724722867"
"2024-11-21","2025-01-29","BOD","DUB","Dublin","https://www.kayak.fr/flights/BOD-DUB/2025-01-29?sort=price_a","14:50","21:25","455","105.0","False","BOD","DUB","N/A","N/A","N/A","","easyJet","Ryanair","N/A","44.837789, -0.57918","53.3493795, -6.2605593","1032.73","2025-01-29 14:50:00","2025-01-29 21:25:00","","69","Wednesday","afternoon","long","cheap","1208946749186456147"
"2024-11-21","2025-01-29","BOD","DUB","Dublin","https://www.kayak.fr/flights/BOD-DUB/2025-01-29?sort=price_a","14:50","23:00","550","118.0","False","BOD","DUB","N/A","N/A","LGW","160.0","easyJet","Ryanair","Standard","44.837789, -0.57918","53.3493795, -6.2605593","1032.73","2025-01-29 14:50:00","2025-01-29 23:00:00","390.0","69","Wednesday","afternoon","long","standard","8369246500658177293"
"2024-11-21","2025-01-29","BOD","DUB","Dublin","https://www.kayak.fr/flights/BOD-DUB/2025-01-29?sort=price_a","06:50","12:05","375","119.0","False","BOD","DUB","N/A","N/A","LGW","160.0","easyJet","Ryanair","Standard","44.837789, -0.57918","53.3493795, -6.2605593","1032.73","2025-01-29 06:50:00","2025-01-29 12:05:00","215.0","69","Wednesday","morning","long","standard","7911443919537114799"
"2024-11-21","2025-01-29","BOD","DUB","Dublin","https://www.kayak.fr/flights/BOD-DUB/2025-01-29?sort=price_a","14:50","20:10","380","125.0","False","BOD","DUB","N/A","N/A","LGW","160.0","easyJet","Ryanair","Standard","44.837789, -0.57918","53.3493795, -6.2605593","1032.73","2025-01-29 14:50:00","2025-01-29 20:10:00","220.0","69","Wednesday","afternoon","long","standard","1206990940097638848"
"2024-11-21","2025-01-29","BOD","DUB","Dublin","https://www.kayak.fr/flights/BOD-DUB/2025-01-29?sort=price_a","09:05","13:30","325","128.0","False","BOD","DUB","N/A","N/A","LGW","160.0","easyJet","Ryanair","N/A","44.837789, -0.57918","53.3493795, -6.2605593","1032.73","2025-01-29 09:05:00","2025-01-29 13:30:00","165.0","69","Wednesday","morning","moyen","standard","3168400364374276287"
"2024-11-21","2025-01-29","BOD","DUB","Dublin","https://www.kayak.fr/flights/BOD-DUB/2025-01-29?sort=price_a","14:50","20:45","415","130.0","False","BOD","DUB","N/A","N/A","N/A","","easyJet","Aer Lingus","N/A","44.837789, -0.57918","53.3493795, -6.2605593","1032.73","2025-01-29 14:50:00","2025-01-29 20:45:00","","69","Wednesday","afternoon","long","standard","7834977327550069533"
"2024-11-21","2025-01-29","BOD","DUB","Dublin","https://www.kayak.fr/flights/BOD-DUB/2025-01-29?sort=price_a","10:40","15:40","360","145.0","False","BOD","DUB","N/A","N/A","LGW","160.0","easyJet","Ryanair","N/A","44.837789, -0.57918","53.3493795, -6.2605593","1032.73","2025-01-29 10:40:00","2025-01-29 15:40:00","200.0","69","Wednesday","morning","moyen","standard","8625103892694471034"
"2024-11-21","2025-01-29","BOD","DUB","Dublin","https://www.kayak.fr/flights/BOD-DUB/2025-01-29?sort=price_a","09:05","14:10","365","145.0","False","BOD","DUB","N/A","N/A","N/A","","Iberia","Ryanair","N/A","44.837789, -0.57918","53.3493795, -6.2605593","1032.73","2025-01-29 09:05:00","2025-01-29 14:10:00","","69","Wednesday","morning","long","standard","2793046726865690966"
"2024-11-21","2025-01-30","BOD","DUB","Dublin","https://www.kayak.fr/flights/BOD-DUB/2025-01-30?sort=price_a","15:25","16:25","120","85.0","True","BOD","DUB","N/A","N/A","N/A","","Aer Lingus","N/A","Saver","44.837789, -0.57918","53.3493795, -6.2605593","1032.73","2025-01-30 15:25:00","2025-01-30 16:25:00","","70","Thursday","afternoon","court","cheap","9183699894283896245"
"2024-11-21","2025-01-30","BOD","DUB","Dublin","https://www.kayak.fr/flights/BOD-DUB/2025-01-30?sort=price_a","06:00","12:40","460","93.0","False","BOD","DUB","N/A","N/A","N/A","","Aer Lingus","N/A","Saver","44.837789, -0.57918","53.3493795, -6.2605593","1032.73","2025-01-30 06:00:00","2025-01-30 12:40:00","","70","Thursday","morning","long","cheap","4114784584681607988"
"2024-11-21","2025-01-30","BOD","DUB","Dublin","https://www.kayak.fr/flights/BOD-DUB/2025-01-30?sort=price_a","12:30","16:40","310","98.0","False","BOD","DUB","N/A","N/A","N/A","","Aer Lingus","N/A","Saver","44.837789, -0.57918","53.3493795, -6.2605593","1032.73","2025-01-30 12:30:00","2025-01-30 16:40:00","","70","Thursday","afternoon","moyen","cheap","133178150980911821"
"2024-11-21","2025-01-30","BOD","DUB","Dublin","https://www.kayak.fr/flights/BOD-DUB/2025-01-30?sort=price_a","18:00","22:05","305","102.0","False","BOD","DUB","N/A","N/A","N/A","","Aer Lingus","N/A","N/A","44.837789, -0.57918","53.3493795, -6.2605593","1032.73","2025-01-30 18:00:00","2025-01-30 22:05:00","","70","Thursday","evening","moyen","cheap","821450029665502174"
"2024-11-21","2025-01-30","BOD","DUB","Dublin","https://www.kayak.fr/flights/BOD-DUB/2025-01-30?sort=price_a","18:30","22:50","320","109.0","False","BOD","DUB","N/A","N/A","N/A","","Lufthansa","N/A","N/A","44.837789, -0.57918","53.3493795, -6.2605593","1032.73","2025-01-30 18:30:00","2025-01-30 22:50:00","","70","Thursday","evening","moyen","cheap","3716846745138172291"
"2024-11-21","2025-01-30","BOD","DUB","Dublin","https://www.kayak.fr/flights/BOD-DUB/2025-01-30?sort=price_a","09:05","16:10","485","110.0","False","BOD","DUB","N/A","N/A","N/A","","Aer Lingus","N/A","N/A","44.837789, -0.57918","53.3493795, -6.2605593","1032.73","2025-01-30 09:05:00","2025-01-30 16:10:00","","70","Thursday","morning","long","cheap","7890642433522916134"
"2024-11-21","2025-01-30","BOD","DUB","Dublin","https://www.kayak.fr/flights/BOD-DUB/2025-01-30?sort=price_a","13:35","20:15","460","137.0","False","BOD","DUB","N/A","N/A","N/A","","Vueling","Ryanair","N/A","44.837789, -0.57918","53.3493795, -6.2605593","1032.73","2025-01-30 13:35:00","2025-01-30 20:15:00","","70","Thursday","afternoon","long","standard","4307620465453413192"
"2024-11-21","2025-01-30","BOD","DUB","Dublin","https://www.kayak.fr/flights/BOD-DUB/2025-01-30?sort=price_a","13:35","21:35","540","138.0","False","BOD","DUB","N/A","N/A","N/A","","Vueling","Ryanair","N/A","44.837789, -0.57918","53.3493795, -6.2605593","1032.73","2025-01-30 13:35:00","2025-01-30 21:35:00","","70","Thursday","afternoon","long","standard","8068594599140265633"
"2024-11-21","2025-01-30","BOD","DUB","Dublin","https://www.kayak.fr/flights/BOD-DUB/2025-01-30?sort=price_a","13:35","21:40","545","140.0","False","BOD","DUB","N/A","N/A","AMS","255.0","KLM","N/A","Light","44.837789, -0.57918","53.3493795, -6.2605593","1032.73","2025-01-30 13:35:00","2025-01-30 21:40:00","290.0","70","Thursday","afternoon","long","standard","5962772670267352443"
"2024-11-21","2025-01-30","BOD","DUB","Dublin","https://www.kayak.fr/flights/BOD-DUB/2025-01-30?sort=price_a","06:00","14:00","540","152.0","False","BOD","DUB","N/A","N/A","AMS","255.0","KLM","N/A","Light","44.837789, -0.57918","53.3493795, -6.2605593","1032.73","2025-01-30 06:00:00","2025-01-30 14:00:00","285.0","70","Thursday","morning","long","standard","6642101380634572333"
"2024-11-21","2025-01-30","BOD","DUB","Dublin","https://www.kayak.fr/flights/BOD-DUB/2025-01-30?sort=price_a","06:00","14:00","540","152.0","False","BOD","DUB","N/A","N/A","AMS","255.0","KLM","N/A","Light","44.837789, -0.57918","53.3493795, -6.2605593","1032.73","2025-01-30 06:00:00","2025-01-30 14:00:00","285.0","70","Thursday","morning","long","standard","6642101380634572333"
"2024-11-21","2025-01-30","BOD","DUB","Dublin","https://www.kayak.fr/flights/BOD-DUB/2025-01-30?sort=price_a","15:55","22:50","475","155.0","False","BOD","DUB","N/A","N/A","AMS","255.0","KLM","N/A","N/A","44.837789, -0.57918","53.3493795, -6.2605593","1032.73","2025-01-30 15:55:00","2025-01-30 22:50:00","220.0","70","Thursday","afternoon","long","high","1631653583485838412"
"2024-11-21","2025-01-30","BOD","DUB","Dublin","https://www.kayak.fr/flights/BOD-DUB/2025-01-30?sort=price_a","09:05","13:30","325","171.0","False","BOD","DUB","N/A","N/A","N/A","","Iberia","N/A","N/A","44.837789, -0.57918","53.3493795, -6.2605593","1032.73","2025-01-30 09:05:00","2025-01-30 13:30:00","","70","Thursday","morning","moyen","high","7907810608168123505"
"2024-11-21","2025-01-30","BOD","DUB","Dublin","https://www.kayak.fr/flights/BOD-DUB/2025-01-30?sort=price_a","09:05","14:30","385","176.0","False","BOD","DUB","N/A","N/A","AMS","255.0","KLM","N/A","N/A","44.837789, -0.57918","53.3493795, -6.2605593","1032.73","2025-01-30 09:05:00","2025-01-30 14:30:00","130.0","70","Thursday","morning","long","high","6395780653643443444"
"2024-11-21","2025-01-30","BOD","DUB","Dublin","https://www.kayak.fr/flights/BOD-DUB/2025-01-30?sort=price_a","07:00","14:50","530","180.0","False","BOD","DUB","N/A","N/A","N/A","","easyJet","Ryanair","N/A","44.837789, -0.57918","53.3493795, -6.2605593","1032.73","2025-01-30 07:00:00","2025-01-30 14:50:00","","70","Thursday","morning","long","high","3530315815411541150"
"2024-11-21","2025-01-31","BOD","DUB","Dublin","https://www.kayak.fr/flights/BOD-DUB/2025-01-31?sort=price_a","06:00","12:40","460","92.0","False","BOD","DUB","N/A","N/A","AMS","255.0","KLM","N/A","Light","44.837789, -0.57918","53.3493795, -6.2605593","1032.73","2025-01-31 06:00:00","2025-01-31 12:40:00","205.0","71","Friday","morning","long","cheap","3370790681636288146"
"2024-11-21","2025-01-31","BOD","DUB","Dublin","https://www.kayak.fr/flights/BOD-DUB/2025-01-31?sort=price_a","18:05","22:05","300","93.0","False","BOD","DUB","N/A","N/A","AMS","255.0","KLM","N/A","Light","44.837789, -0.57918","53.3493795, -6.2605593","1032.73","2025-01-31 18:05:00","2025-01-31 22:05:00","45.0","71","Friday","evening","moyen","cheap","1913408284492392390"
"2024-11-21","2025-01-31","BOD","DUB","Dublin","https://www.kayak.fr/flights/BOD-DUB/2025-01-31?sort=price_a","12:30","16:40","310","93.0","False","BOD","DUB","N/A","N/A","AMS","255.0","KLM","N/A","Light","44.837789, -0.57918","53.3493795, -6.2605593","1032.73","2025-01-31 12:30:00","2025-01-31 16:40:00","55.0","71","Friday","afternoon","moyen","cheap","7900711620777300218"
"2024-11-21","2025-01-31","BOD","DUB","Dublin","https://www.kayak.fr/flights/BOD-DUB/2025-01-31?sort=price_a","17:40","00:50+1","490","94.0","False","BOD","DUB","N/A","N/A","AMS","255.0","KLM","N/A","N/A","44.837789, -0.57918","53.3493795, -6.2605593","1032.73","2025-01-31 17:40:00","2025-02-01 00:50:00","235.0","71","Friday","evening","long","cheap","6416568200356498440"
"2024-11-21","2025-01-31","BOD","DUB","Dublin","https://www.kayak.fr/flights/BOD-DUB/2025-01-31?sort=price_a","13:00","20:10","490","97.0","False","BOD","DUB","N/A","N/A","N/A","","Transavia France","Ryanair","N/A","44.837789, -0.57918","53.3493795, -6.2605593","1032.73","2025-01-31 13:00:00","2025-01-31 20:10:00","","71","Friday","afternoon","long","cheap","6701591481471330137"
"2024-11-21","2025-01-31","BOD","DUB","Dublin","https://www.kayak.fr/flights/BOD-DUB/2025-01-31?sort=price_a","14:45","18:30","285","107.0","False","BOD","DUB","N/A","N/A","AMS","255.0","KLM","N/A","N/A","44.837789, -0.57918","53.3493795, -6.2605593","1032.73","2025-01-31 14:45:00","2025-01-31 18:30:00","30.0","71","Friday","afternoon","moyen","cheap","6683187442916924608"
"2024-11-21","2025-01-31","BOD","DUB","Dublin","https://www.kayak.fr/flights/BOD-DUB/2025-01-31?sort=price_a","09:55","14:55","360","110.0","False","BOD","DUB","N/A","N/A","N/A","","Vueling","Ryanair","N/A","44.837789, -0.57918","53.3493795, -6.2605593","1032.73","2025-01-31 09:55:00","2025-01-31 14:55:00","","71","Friday","morning","moyen","cheap","2113351063341409806"
"2024-11-21","2025-01-31","BOD","DUB","Dublin","https://www.kayak.fr/flights/BOD-DUB/2025-01-31?sort=price_a","18:25","22:50","325","111.0","False","BOD","DUB","N/A","N/A","N/A","","Lufthansa","N/A","N/A","44.837789, -0.57918","53.3493795, -6.2605593","1032.73","2025-01-31 18:25:00","2025-01-31 22:50:00","","71","Friday","evening","moyen","cheap","8507494460956394534"
"2024-11-21","2025-01-31","BOD","DUB","Dublin","https://www.kayak.fr/flights/BOD-DUB/2025-01-31?sort=price_a","09:55","18:00","545","116.0","False","BOD","DUB","N/A","N/A","AMS","90.0","KLM","N/A","Light","44.837789, -0.57918","53.3493795, -6.2605593","1032.73","2025-01-31 09:55:00","2025-01-31 18:00:00","455.0","71","Friday","morning","long","standard","3001555113674236315"
"2024-11-21","2025-01-31","BOD","DUB","Dublin","https://www.kayak.fr/flights/BOD-DUB/2025-01-31?sort=price_a","12:20","19:10","470","120.0","False","BOD","DUB","N/A","N/A","AMS","90.0","KLM","N/A","Light","44.837789, -0.57918","53.3493795, -6.2605593","1032.73","2025-01-31 12:20:00","2025-01-31 19:10:00","380.0","71","Friday","afternoon","long","standard","2794180067592251567"
"2024-11-21","2025-01-31","BOD","DUB","Dublin","https://www.kayak.fr/flights/BOD-DUB/2025-01-31?sort=price_a","13:35","19:45","430","122.0","False","BOD","DUB","N/A","N/A","AMS","90.0","KLM","N/A","Light","44.837789, -0.57918","53.3493795, -6.2605593","1032.73","2025-01-31 13:35:00","2025-01-31 19:45:00","340.0","71","Friday","afternoon","long","standard","3034475903549131859"
"2024-11-21","2025-01-31","BOD","DUB","Dublin","https://www.kayak.fr/flights/BOD-DUB/2025-01-31?sort=price_a","13:35","18:00","325","125.0","False","BOD","DUB","N/A","N/A","AMS","90.0","KLM","N/A","N/A","44.837789, -0.57918","53.3493795, -6.2605593","1032.73","2025-01-31 13:35:00","2025-01-31 18:00:00","235.0","71","Friday","afternoon","moyen","standard","1069961995258051609"
"2024-11-21","2025-01-31","BOD","DUB","Dublin","https://www.kayak.fr/flights/BOD-DUB/2025-01-31?sort=price_a","10:50","17:45","475","134.0","False","BOD","DUB","N/A","N/A","N/A","","easyJet","Ryanair","N/A","44.837789, -0.57918","53.3493795, -6.2605593","1032.73","2025-01-31 10:50:00","2025-01-31 17:45:00","","71","Friday","morning","long","standard","6073761185020159703"
"2024-11-21","2025-01-31","BOD","DUB","Dublin","https://www.kayak.fr/flights/BOD-DUB/2025-01-31?sort=price_a","13:35","20:50","495","155.0","False","BOD","DUB","N/A","N/A","AMS","90.0","KLM","N/A","N/A","44.837789, -0.57918","53.3493795, -6.2605593","1032.73","2025-01-31 13:35:00","2025-01-31 20:50:00","405.0","71","Friday","afternoon","long","high","1527819936789420126"
"2024-11-21","2025-01-31","BOD","DUB","Dublin","https://www.kayak.fr/flights/BOD-DUB/2025-01-31?sort=price_a","09:35","16:30","475","163.0","False","BOD","DUB","N/A","N/A","N/A","","Volotea","Ryanair","N/A","44.837789, -0.57918","53.3493795, -6.2605593","1032.73","2025-01-31 09:35:00","2025-01-31 16:30:00","","71","Friday","morning","long","high","2240552218481090238"
"2024-11-21","2025-02-01","BOD","DUB","Dublin","https://www.kayak.fr/flights/BOD-DUB/2025-02-01?sort=price_a","06:00","12:40","460","91.0","False","BOD","DUB","N/A","N/A","AMS","255.0","KLM","N/A","Light","44.837789, -0.57918","53.3493795, -6.2605593","1032.73","2025-02-01 06:00:00","2025-02-01 12:40:00","205.0","72","Saturday","morning","long","cheap","470043216150323812"
"2024-11-21","2025-02-01","BOD","DUB","Dublin","https://www.kayak.fr/flights/BOD-DUB/2025-02-01?sort=price_a","12:30","16:40","310","92.0","False","BOD","DUB","N/A","N/A","AMS","255.0","KLM","N/A","Light","44.837789, -0.57918","53.3493795, -6.2605593","1032.73","2025-02-01 12:30:00","2025-02-01 16:40:00","55.0","72","Saturday","afternoon","moyen","cheap","1159312215185972060"
"2024-11-21","2025-02-01","BOD","DUB","Dublin","https://www.kayak.fr/flights/BOD-DUB/2025-02-01?sort=price_a","06:00","16:40","700","92.0","False","BOD","DUB","N/A","N/A","AMS","255.0","KLM","N/A","Light","44.837789, -0.57918","53.3493795, -6.2605593","1032.73","2025-02-01 06:00:00","2025-02-01 16:40:00","445.0","72","Saturday","morning","long","cheap","748348711597700730"
"2024-11-21","2025-02-01","BOD","DUB","Dublin","https://www.kayak.fr/flights/BOD-DUB/2025-02-01?sort=price_a","12:30","22:05","635","93.0","False","BOD","DUB","N/A","N/A","AMS","255.0","KLM","N/A","N/A","44.837789, -0.57918","53.3493795, -6.2605593","1032.73","2025-02-01 12:30:00","2025-02-01 22:05:00","380.0","72","Saturday","afternoon","long","cheap","935762774940062545"
"2024-11-21","2025-02-01","BOD","DUB","Dublin","https://www.kayak.fr/flights/BOD-DUB/2025-02-01?sort=price_a","06:00","22:05","1025","93.0","False","BOD","DUB","N/A","N/A","N/A","","KLM","N/A","N/A","44.837789, -0.57918","53.3493795, -6.2605593","1032.73","2025-02-01 06:00:00","2025-02-01 22:05:00","","72","Saturday","morning","long","cheap","7126269081497263064"
"2024-11-21","2025-02-01","BOD","DUB","Dublin","https://www.kayak.fr/flights/BOD-DUB/2025-02-01?sort=price_a","06:00","08:05+1","1625","93.0","False","BOD","DUB","N/A","N/A","AMS","255.0","KLM","N/A","N/A","44.837789, -0.57918","53.3493795, -6.2605593","1032.73","2025-02-01 06:00:00","2025-02-02 08:05:00","1370.0","72","Saturday","morning","long","cheap","4845438712196970016"
"2024-11-21","2025-02-01","BOD","DUB","Dublin","https://www.kayak.fr/flights/BOD-DUB/2025-02-01?sort=price_a","21:45","11:35+1","890","116.0","False","BOD","DUB","N/A","N/A","N/A","","Vueling","Ryanair","N/A","44.837789, -0.57918","53.3493795, -6.2605593","1032.73","2025-02-01 21:45:00","2025-02-02 11:35:00","","72","Saturday","evening","long","standard","6236911200267568843"
"2024-11-21","2025-02-01","BOD","DUB","Dublin","https://www.kayak.fr/flights/BOD-DUB/2025-02-01?sort=price_a","21:45","11:55+1","910","116.0","False","BOD","DUB","N/A","N/A","N/A","","Vueling","N/A","N/A","44.837789, -0.57918","53.3493795, -6.2605593","1032.73","2025-02-01 21:45:00","2025-02-02 11:55:00","","72","Saturday","evening","long","standard","6586511931368325407"
"2024-11-21","2025-02-01","BOD","DUB","Dublin","https://www.kayak.fr/flights/BOD-DUB/2025-02-01?sort=price_a","21:45","15:05+1","1100","116.0","False","BOD","DUB","N/A","N/A","AMS","100.0","KLM","N/A","Light","44.837789, -0.57918","53.3493795, -6.2605593","1032.73","2025-02-01 21:45:00","2025-02-02 15:05:00","1000.0","72","Saturday","evening","long","standard","2150996694531104348"
"2024-11-21","2025-02-01","BOD","DUB","Dublin","https://www.kayak.fr/flights/BOD-DUB/2025-02-01?sort=price_a","21:45","10:35+1","830","119.0","False","BOD","DUB","N/A","N/A","AMS","100.0","KLM","N/A","Light","44.837789, -0.57918","53.3493795, -6.2605593","1032.73","2025-02-01 21:45:00","2025-02-02 10:35:00","730.0","72","Saturday","evening","long","standard","4603397263074762494"
"2024-11-21","2025-02-01","BOD","DUB","Dublin","https://www.kayak.fr/flights/BOD-DUB/2025-02-01?sort=price_a","21:45","13:55+1","1030","120.0","False","BOD","DUB","N/A","N/A","AMS","100.0","KLM","N/A","Light","44.837789, -0.57918","53.3493795, -6.2605593","1032.73","2025-02-01 21:45:00","2025-02-02 13:55:00","930.0","72","Saturday","evening","long","standard","96435860009969309"
"2024-11-21","2025-02-01","BOD","DUB","Dublin","https://www.kayak.fr/flights/BOD-DUB/2025-02-01?sort=price_a","21:45","11:30+1","885","122.0","False","BOD","DUB","N/A","N/A","AMS","100.0","KLM","N/A","N/A","44.837789, -0.57918","53.3493795, -6.2605593","1032.73","2025-02-01 21:45:00","2025-02-02 11:30:00","785.0","72","Saturday","evening","long","standard","7454867783524705227"
"2024-11-21","2025-02-01","BOD","DUB","Dublin","https://www.kayak.fr/flights/BOD-DUB/2025-02-01?sort=price_a","21:45","12:30+1","945","124.0","False","BOD","DUB","N/A","N/A","N/A","","Vueling","Ryanair","N/A","44.837789, -0.57918","53.3493795, -6.2605593","1032.73","2025-02-01 21:45:00","2025-02-02 12:30:00","","72","Saturday","evening","long","standard","3714827428330170086"
"2024-11-21","2025-02-01","BOD","DUB","Dublin","https://www.kayak.fr/flights/BOD-DUB/2025-02-01?sort=price_a","21:45","13:55+1","1030","124.0","False","BOD","DUB","N/A","N/A","AMS","100.0","KLM","N/A","N/A","44.837789, -0.57918","53.3493795, -6.2605593","1032.73","2025-02-01 21:45:00","2025-02-02 13:55:00","930.0","72","Saturday","evening","long","standard","96435860009969309"
"2024-11-21","2025-02-01","BOD","DUB","Dublin","https://www.kayak.fr/flights/BOD-DUB/2025-02-01?sort=price_a","17:55","09:35+1","1000","133.0","False","BOD","DUB","N/A","N/A","N/A","","Iberia","Ryanair","N/A","44.837789, -0.57918","53.3493795, -6.2605593","1032.73","2025-02-01 17:55:00","2025-02-02 09:35:00","","72","Saturday","evening","long","standard","1329455599789239338"
"2024-11-21","2025-02-02","BOD","DUB","Dublin","https://www.kayak.fr/flights/BOD-DUB/2025-02-02?sort=price_a","18:05","22:00","295","91.0","False","BOD","DUB","N/A","N/A","AMS","85.0","KLM","N/A","Light","44.837789, -0.57918","53.3493795, -6.2605593","1032.73","2025-02-02 18:05:00","2025-02-02 22:00:00","210.0","73","Sunday","evening","moyen","cheap","5397733180016873818"
"2024-11-21","2025-02-02","BOD","DUB","Dublin","https://www.kayak.fr/flights/BOD-DUB/2025-02-02?sort=price_a","15:25","16:25","120","92.0","True","BOD","DUB","N/A","N/A","N/A","","KLM","N/A","Light","44.837789, -0.57918","53.3493795, -6.2605593","1032.73","2025-02-02 15:25:00","2025-02-02 16:25:00","","73","Sunday","afternoon","court","cheap","8732201707374657301"
"2024-11-21","2025-02-02","BOD","DUB","Dublin","https://www.kayak.fr/flights/BOD-DUB/2025-02-02?sort=price_a","06:00","12:40","460","92.0","False","BOD","DUB","N/A","N/A","AMS","85.0","KLM","N/A","Light","44.837789, -0.57918","53.3493795, -6.2605593","1032.73","2025-02-02 06:00:00","2025-02-02 12:40:00","375.0","73","Sunday","morning","long","cheap","7522437517986174767"
"2024-11-21","2025-02-02","BOD","DUB","Dublin","https://www.kayak.fr/flights/BOD-DUB/2025-02-02?sort=price_a","18:15","22:55","340","118.0","False","BOD","DUB","N/A","N/A","AMS","85.0","KLM","N/A","N/A","44.837789, -0.57918","53.3493795, -6.2605593","1032.73","2025-02-02 18:15:00","2025-02-02 22:55:00","255.0","73","Sunday","evening","moyen","standard","1831286226735433894"
"2024-11-21","2025-02-02","BOD","DUB","Dublin","https://www.kayak.fr/flights/BOD-DUB/2025-02-02?sort=price_a","17:50","23:30","400","121.0","False","BOD","DUB","N/A","N/A","N/A","","easyJet","Ryanair","N/A","44.837789, -0.57918","53.3493795, -6.2605593","1032.73","2025-02-02 17:50:00","2025-02-02 23:30:00","","73","Sunday","evening","long","standard","5366102660835083328"
"2024-11-21","2025-02-02","BOD","DUB","Dublin","https://www.kayak.fr/flights/BOD-DUB/2025-02-02?sort=price_a","09:55","17:50","535","127.0","False","BOD","DUB","N/A","N/A","AMS","85.0","KLM","N/A","N/A","44.837789, -0.57918","53.3493795, -6.2605593","1032.73","2025-02-02 09:55:00","2025-02-02 17:50:00","450.0","73","Sunday","morning","long","standard","3569889172567709042"
"2024-11-21","2025-02-02","BOD","DUB","Dublin","https://www.kayak.fr/flights/BOD-DUB/2025-02-02?sort=price_a","08:10","15:00","470","142.0","False","BOD","DUB","N/A","N/A","N/A","","easyJet","Ryanair","N/A","44.837789, -0.57918","53.3493795, -6.2605593","1032.73","2025-02-02 08:10:00","2025-02-02 15:00:00","","73","Sunday","morning","long","standard","3928055232916557350"
"2024-11-21","2025-02-02","BOD","DUB","Dublin","https://www.kayak.fr/flights/BOD-DUB/2025-02-02?sort=price_a","14:20","21:00","460","143.0","False","BOD","DUB","N/A","N/A","N/A","","easyJet","Ryanair","N/A","44.837789, -0.57918","53.3493795, -6.2605593","1032.73","2025-02-02 14:20:00","2025-02-02 21:00:00","","73","Sunday","afternoon","long","standard","939912685239832724"
"2024-11-21","2025-02-02","BOD","DUB","Dublin","https://www.kayak.fr/flights/BOD-DUB/2025-02-02?sort=price_a","09:55","17:45","530","143.0","False","BOD","DUB","N/A","N/A","N/A","","Aer Lingus","N/A","Saver","44.837789, -0.57918","53.3493795, -6.2605593","1032.73","2025-02-02 09:55:00","2025-02-02 17:45:00","","73","Sunday","morning","long","standard","6916654961472100012"
"2024-11-21","2025-02-02","BOD","DUB","Dublin","https://www.kayak.fr/flights/BOD-DUB/2025-02-02?sort=price_a","16:45","22:25","400","146.0","False","BOD","DUB","N/A","N/A","N/A","","Aer Lingus","N/A","Saver","44.837789, -0.57918","53.3493795, -6.2605593","1032.73","2025-02-02 16:45:00","2025-02-02 22:25:00","","73","Sunday","afternoon","long","standard","3574983249254873379"
"2024-11-21","2025-02-02","BOD","DUB","Dublin","https://www.kayak.fr/flights/BOD-DUB/2025-02-02?sort=price_a","14:10","20:15","425","153.0","False","BOD","DUB","N/A","N/A","N/A","","Aer Lingus","N/A","Saver","44.837789, -0.57918","53.3493795, -6.2605593","1032.73","2025-02-02 14:10:00","2025-02-02 20:15:00","","73","Sunday","afternoon","long","standard","34488440146921761"
"2024-11-21","2025-02-02","BOD","DUB","Dublin","https://www.kayak.fr/flights/BOD-DUB/2025-02-02?sort=price_a","17:50","23:20","390","159.0","False","BOD","DUB","N/A","N/A","N/A","","Aer Lingus","N/A","N/A","44.837789, -0.57918","53.3493795, -6.2605593","1032.73","2025-02-02 17:50:00","2025-02-02 23:20:00","","73","Sunday","evening","long","high","7936805294951408174"
"2024-11-21","2025-02-02","BOD","DUB","Dublin","https://www.kayak.fr/flights/BOD-DUB/2025-02-02?sort=price_a","07:00","14:50","530","176.0","False","BOD","DUB","N/A","N/A","N/A","","easyJet","Ryanair","N/A","44.837789, -0.57918","53.3493795, -6.2605593","1032.73","2025-02-02 07:00:00","2025-02-02 14:50:00","","73","Sunday","morning","long","high","8485705934919635904"
"2024-11-21","2025-02-02","BOD","DUB","Dublin","https://www.kayak.fr/flights/BOD-DUB/2025-02-02?sort=price_a","09:55","17:10","495","181.0","False","BOD","DUB","N/A","N/A","N/A","","Aer Lingus","N/A","N/A","44.837789, -0.57918","53.3493795, -6.2605593","1032.73","2025-02-02 09:55:00","2025-02-02 17:10:00","","73","Sunday","morning","long","high","3492304743931857698"
"2024-11-21","2025-02-02","BOD","DUB","Dublin","https://www.kayak.fr/flights/BOD-DUB/2025-02-02?sort=price_a","09:05","15:00","415","183.0","False","BOD","DUB","N/A","N/A","N/A","","Iberia","Ryanair","N/A","44.837789, -0.57918","53.3493795, -6.2605593","1032.73","2025-02-02 09:05:00","2025-02-02 15:00:00","","73","Sunday","morning","long","high","1016935234903194769"
"2024-11-21","2025-02-03","BOD","DUB","Dublin","https://www.kayak.fr/flights/BOD-DUB/2025-02-03?sort=price_a","06:50","10:20","270","84.0","False","BOD","DUB","N/A","N/A","LGW","90.0","easyJet","Ryanair","Standard","44.837789, -0.57918","53.3493795, -6.2605593","1032.73","2025-02-03 06:50:00","2025-02-03 10:20:00","180.0","74","Monday","morning","moyen","cheap","5793318345833965917"
"2024-11-21","2025-02-03","BOD","DUB","Dublin","https://www.kayak.fr/flights/BOD-DUB/2025-02-03?sort=price_a","06:50","11:00","310","87.0","False","BOD","DUB","N/A","N/A","LGW","90.0","easyJet","Ryanair","Standard","44.837789, -0.57918","53.3493795, -6.2605593","1032.73","2025-02-03 06:50:00","2025-02-03 11:00:00","220.0","74","Monday","morning","moyen","cheap","7450660332242723741"
"2024-11-21","2025-02-03","BOD","DUB","Dublin","https://www.kayak.fr/flights/BOD-DUB/2025-02-03?sort=price_a","06:50","15:05","555","102.0","False","BOD","DUB","N/A","N/A","LGW","90.0","easyJet","Ryanair","Standard","44.837789, -0.57918","53.3493795, -6.2605593","1032.73","2025-02-03 06:50:00","2025-02-03 15:05:00","465.0","74","Monday","morning","long","cheap","389171679133039990"
"2024-11-21","2025-02-03","BOD","DUB","Dublin","https://www.kayak.fr/flights/BOD-DUB/2025-02-03?sort=price_a","18:25","22:40","315","111.0","False","BOD","DUB","N/A","N/A","LGW","90.0","easyJet","Ryanair","N/A","44.837789, -0.57918","53.3493795, -6.2605593","1032.73","2025-02-03 18:25:00","2025-02-03 22:40:00","225.0","74","Monday","evening","moyen","cheap","5894674886315945197"
"2024-11-21","2025-02-03","BOD","DUB","Dublin","https://www.kayak.fr/flights/BOD-DUB/2025-02-03?sort=price_a","06:50","13:00","430","112.0","False","BOD","DUB","N/A","N/A","N/A","","easyJet","Ryanair","N/A","44.837789, -0.57918","53.3493795, -6.2605593","1032.73","2025-02-03 06:50:00","2025-02-03 13:00:00","","74","Monday","morning","long","standard","4909279296019508062"
"2024-11-21","2025-02-03","BOD","DUB","Dublin","https://www.kayak.fr/flights/BOD-DUB/2025-02-03?sort=price_a","06:50","14:35","525","117.0","False","BOD","DUB","N/A","N/A","LGW","90.0","easyJet","Ryanair","N/A","44.837789, -0.57918","53.3493795, -6.2605593","1032.73","2025-02-03 06:50:00","2025-02-03 14:35:00","435.0","74","Monday","morning","long","standard","4162259474453123482"
"2024-11-21","2025-02-03","BOD","DUB","Dublin","https://www.kayak.fr/flights/BOD-DUB/2025-02-03?sort=price_a","06:50","15:05","555","119.0","False","BOD","DUB","N/A","N/A","N/A","","easyJet","Ryanair","N/A","44.837789, -0.57918","53.3493795, -6.2605593","1032.73","2025-02-03 06:50:00","2025-02-03 15:05:00","","74","Monday","morning","long","standard","389171679133039990"
"2024-11-21","2025-02-03","BOD","DUB","Dublin","https://www.kayak.fr/flights/BOD-DUB/2025-02-03?sort=price_a","16:50","00:20+1","510","126.0","False","BOD","DUB","N/A","N/A","N/A","","Transavia France","Ryanair","N/A","44.837789, -0.57918","53.3493795, -6.2605593","1032.73","2025-02-03 16:50:00","2025-02-04 00:20:00","","74","Monday","afternoon","long","standard","2663870102796677141"
"2024-11-21","2025-02-03","BOD","DUB","Dublin","https://www.kayak.fr/flights/BOD-DUB/2025-02-03?sort=price_a","06:50","14:30","520","128.0","False","BOD","DUB","N/A","N/A","LGW","130.0","easyJet","Ryanair","Standard","44.837789, -0.57918","53.3493795, -6.2605593","1032.73","2025-02-03 06:50:00","2025-02-03 14:30:00","390.0","74","Monday","morning","long","standard","8292910984732379363"
"2024-11-21","2025-02-03","BOD","DUB","Dublin","https://www.kayak.fr/flights/BOD-DUB/2025-02-03?sort=price_a","16:35","00:20+1","525","144.0","False","BOD","DUB","N/A","N/A","LGW","130.0","easyJet","Ryanair","Standard","44.837789, -0.57918","53.3493795, -6.2605593","1032.73","2025-02-03 16:35:00","2025-02-04 00:20:00","395.0","74","Monday","afternoon","long","standard","1972304157307828095"
"2024-11-21","2025-02-03","BOD","DUB","Dublin","https://www.kayak.fr/flights/BOD-DUB/2025-02-03?sort=price_a","09:55","17:40","525","144.0","False","BOD","DUB","N/A","N/A","LGW","130.0","easyJet","Ryanair","Standard","44.837789, -0.57918","53.3493795, -6.2605593","1032.73","2025-02-03 09:55:00","2025-02-03 17:40:00","395.0","74","Monday","morning","long","standard","4658925951927760358"
"2024-11-21","2025-02-03","BOD","DUB","Dublin","https://www.kayak.fr/flights/BOD-DUB/2025-02-03?sort=price_a","06:50","13:35","465","155.0","False","BOD","DUB","N/A","N/A","LGW","130.0","easyJet","Ryanair","N/A","44.837789, -0.57918","53.3493795, -6.2605593","1032.73","2025-02-03 06:50:00","2025-02-03 13:35:00","335.0","74","Monday","morning","long","high","3125501909452579515"
"2024-11-21","2025-02-03","BOD","DUB","Dublin","https://www.kayak.fr/flights/BOD-DUB/2025-02-03?sort=price_a","08:35","16:20","525","157.0","False","BOD","DUB","N/A","N/A","N/A","","Volotea","Ryanair","N/A","44.837789, -0.57918","53.3493795, -6.2605593","1032.73","2025-02-03 08:35:00","2025-02-03 16:20:00","","74","Monday","morning","long","high","5165785700976880583"
"2024-11-21","2025-02-03","BOD","DUB","Dublin","https://www.kayak.fr/flights/BOD-DUB/2025-02-03?sort=price_a","09:55","18:05","550","157.0","False","BOD","DUB","N/A","N/A","LGW","130.0","easyJet","Ryanair","N/A","44.837789, -0.57918","53.3493795, -6.2605593","1032.73","2025-02-03 09:55:00","2025-02-03 18:05:00","420.0","74","Monday","morning","long","high","5313046849198502124"
"2024-11-21","2025-02-03","BOD","DUB","Dublin","https://www.kayak.fr/flights/BOD-DUB/2025-02-03?sort=price_a","15:15","22:40","505","159.0","False","BOD","DUB","N/A","N/A","N/A","","easyJet","Lufthansa","N/A","44.837789, -0.57918","53.3493795, -6.2605593","1032.73","2025-02-03 15:15:00","2025-02-03 22:40:00","","74","Monday","afternoon","long","high","2163116621965896332"
"2024-11-21","2025-02-04","BOD","DUB","Dublin","https://www.kayak.fr/flights/BOD-DUB/2025-02-04?sort=price_a","19:50","10:30+1","940","68.0","False","BOD","DUB","N/A","N/A","BCN","700.0","Vueling","N/A","Économique","44.837789, -0.57918","53.3493795, -6.2605593","1032.73","2025-02-04 19:50:00","2025-02-05 10:30:00","240.0","75","Tuesday","evening","long","cheap","5325423796638296886"
"2024-11-21","2025-02-04","BOD","DUB","Dublin","https://www.kayak.fr/flights/BOD-DUB/2025-02-04?sort=price_a","20:45","10:55+1","910","79.0","False","BOD","DUB","N/A","N/A","BCN","700.0","Vueling","N/A","Économique","44.837789, -0.57918","53.3493795, -6.2605593","1032.73","2025-02-04 20:45:00","2025-02-05 10:55:00","210.0","75","Tuesday","evening","long","cheap","8947682072340832157"
"2024-11-21","2025-02-04","BOD","DUB","Dublin","https://www.kayak.fr/flights/BOD-DUB/2025-02-04?sort=price_a","07:25","12:45","380","82.0","False","BOD","DUB","N/A","N/A","BCN","700.0","Vueling","N/A","Économique","44.837789, -0.57918","53.3493795, -6.2605593","1032.73","2025-02-04 07:25:00","2025-02-04 12:45:00","","75","Tuesday","morning","long","cheap","55106794564023977"
"2024-11-21","2025-02-04","BOD","DUB","Dublin","https://www.kayak.fr/flights/BOD-DUB/2025-02-04?sort=price_a","07:25","14:45","500","82.0","False","BOD","DUB","N/A","N/A","BCN","700.0","Vueling","N/A","N/A","44.837789, -0.57918","53.3493795, -6.2605593","1032.73","2025-02-04 07:25:00","2025-02-04 14:45:00","","75","Tuesday","morning","long","cheap","3049486124763596572"
"2024-11-21","2025-02-04","BOD","DUB","Dublin","https://www.kayak.fr/flights/BOD-DUB/2025-02-04?sort=price_a","07:25","23:00","995","82.0","False","BOD","DUB","N/A","N/A","N/A","","easyJet","Ryanair","N/A","44.837789, -0.57918","53.3493795, -6.2605593","1032.73","2025-02-04 07:25:00","2025-02-04 23:00:00","","75","Tuesday","morning","long","cheap","8614586763998431506"
"2024-11-21","2025-02-04","BOD","DUB","Dublin","https://www.kayak.fr/flights/BOD-DUB/2025-02-04?sort=price_a","07:25","19:05","760","83.0","False","BOD","DUB","N/A","N/A","BCN","700.0","Vueling","N/A","N/A","44.837789, -0.57918","53.3493795, -6.2605593","1032.73","2025-02-04 07:25:00","2025-02-04 19:05:00","60.0","75","Tuesday","morning","long","cheap","4870671368332316941"
"2024-11-21","2025-02-04","BOD","DUB","Dublin","https://www.kayak.fr/flights/BOD-DUB/2025-02-04?sort=price_a","07:25","21:15","890","83.0","False","BOD","DUB","N/A","N/A","N/A","","easyJet","Ryanair","N/A","44.837789, -0.57918","53.3493795, -6.2605593","1032.73","2025-02-04 07:25:00","2025-02-04 21:15:00","","75","Tuesday","morning","long","cheap","5583574418673939670"
"2024-11-21","2025-02-04","BOD","DUB","Dublin","https://www.kayak.fr/flights/BOD-DUB/2025-02-04?sort=price_a","07:25","11:00","275","84.0","False","BOD","DUB","N/A","N/A","N/A","","easyJet","Ryanair","N/A","44.837789, -0.57918","53.3493795, -6.2605593","1032.73","2025-02-04 07:25:00","2025-02-04 11:00:00","","75","Tuesday","morning","moyen","cheap","3697099047736943957"
"2024-11-21","2025-02-04","BOD","DUB","Dublin","https://www.kayak.fr/flights/BOD-DUB/2025-02-04?sort=price_a","18:00","22:05","305","91.0","False","BOD","DUB","N/A","N/A","N/A","","SNCF","Aer Lingus","Saver","44.837789, -0.57918","53.3493795, -6.2605593","1032.73","2025-02-04 18:00:00","2025-02-04 22:05:00","","75","Tuesday","evening","moyen","cheap","1962479491278389229"
"2024-11-21","2025-02-04","BOD","DUB","Dublin","https://www.kayak.fr/flights/BOD-DUB/2025-02-04?sort=price_a","12:30","16:40","310","91.0","False","BOD","DUB","N/A","N/A","N/A","","SNCF","Aer Lingus","Saver","44.837789, -0.57918","53.3493795, -6.2605593","1032.73","2025-02-04 12:30:00","2025-02-04 16:40:00","","75","Tuesday","afternoon","moyen","cheap","1192108311733802796"
"2024-11-21","2025-02-04","BOD","DUB","Dublin","https://www.kayak.fr/flights/BOD-DUB/2025-02-04?sort=price_a","06:00","12:40","460","92.0","False","BOD","DUB","N/A","N/A","N/A","","SNCF","Aer Lingus","Saver","44.837789, -0.57918","53.3493795, -6.2605593","1032.73","2025-02-04 06:00:00","2025-02-04 12:40:00","","75","Tuesday","morning","long","cheap","5950041744767744341"
"2024-11-21","2025-02-04","BOD","DUB","Dublin","https://www.kayak.fr/flights/BOD-DUB/2025-02-04?sort=price_a","12:30","22:05","635","92.0","False","BOD","DUB","N/A","N/A","N/A","","SNCF","Aer Lingus","N/A","44.837789, -0.57918","53.3493795, -6.2605593","1032.73","2025-02-04 12:30:00","2025-02-04 22:05:00","","75","Tuesday","afternoon","long","cheap","8943917864133999409"
"2024-11-21","2025-02-04","BOD","DUB","Dublin","https://www.kayak.fr/flights/BOD-DUB/2025-02-04?sort=price_a","19:50","07:30+1","760","92.0","False","BOD","DUB","N/A","N/A","N/A","","Vueling","Ryanair","N/A","44.837789, -0.57918","53.3493795, -6.2605593","1032.73","2025-02-04 19:50:00","2025-02-05 07:30:00","","75","Tuesday","evening","long","cheap","1115010258707451300"
"2024-11-21","2025-02-04","BOD","DUB","Dublin","https://www.kayak.fr/flights/BOD-DUB/2025-02-04?sort=price_a","07:25","22:25","960","92.0","False","BOD","DUB","N/A","N/A","N/A","","SNCF","Aer Lingus","N/A","44.837789, -0.57918","53.3493795, -6.2605593","1032.73","2025-02-04 07:25:00","2025-02-04 22:25:00","","75","Tuesday","morning","long","cheap","4398273314625720355"
"2024-11-21","2025-02-04","BOD","DUB","Dublin","https://www.kayak.fr/flights/BOD-DUB/2025-02-04?sort=price_a","06:00","16:40","700","93.0","False","BOD","DUB","N/A","N/A","N/A","","KLM","N/A","N/A","44.837789, -0.57918","53.3493795, -6.2605593","1032.73","2025-02-04 06:00:00","2025-02-04 16:40:00","","75","Tuesday","morning","long","cheap","2314385926035712419"
"2024-11-21","2025-02-05","BOD","DUB","Dublin","https://www.kayak.fr/flights/BOD-DUB/2025-02-05?sort=price_a","15:25","16:25","120","53.0","True","BOD","DUB","N/A","N/A","N/A","","Aer Lingus","N/A","Saver","44.837789, -0.57918","53.3493795, -6.2605593","1032.73","2025-02-05 15:25:00","2025-02-05 16:25:00","","76","Wednesday","afternoon","court","cheap","5176870675255817525"
"2024-11-21","2025-02-05","BOD","DUB","Dublin","https://www.kayak.fr/flights/BOD-DUB/2025-02-05?sort=price_a","06:50","11:30","340","78.0","False","BOD","DUB","N/A","N/A","N/A","","Aer Lingus","N/A","Saver","44.837789, -0.57918","53.3493795, -6.2605593","1032.73","2025-02-05 06:50:00","2025-02-05 11:30:00","","76","Wednesday","morning","moyen","cheap","223864296584670042"
"2024-11-21","2025-02-05","BOD","DUB","Dublin","https://www.kayak.fr/flights/BOD-DUB/2025-02-05?sort=price_a","06:50","12:35","405","79.0","False","BOD","DUB","N/A","N/A","N/A","","Aer Lingus","N/A","Saver","44.837789, -0.57918","53.3493795, -6.2605593","1032.73","2025-02-05 06:50:00","2025-02-05 12:35:00","","76","Wednesday","morning","long","cheap","8025945550659870005"
"2024-11-21","2025-02-05","BOD","DUB","Dublin","https://www.kayak.fr/flights/BOD-DUB/2025-02-05?sort=price_a","18:00","22:05","305","92.0","False","BOD","DUB","N/A","N/A","N/A","","Aer Lingus","N/A","N/A","44.837789, -0.57918","53.3493795, -6.2605593","1032.73","2025-02-05 18:00:00","2025-02-05 22:05:00","","76","Wednesday","evening","moyen","cheap","1967334866203009946"
"2024-11-21","2025-02-05","BOD","DUB","Dublin","https://www.kayak.fr/flights/BOD-DUB/2025-02-05?sort=price_a","12:30","16:40","310","92.0","False","BOD","DUB","N/A","N/A","N/A","","KLM","N/A","N/A","44.837789, -0.57918","53.3493795, -6.2605593","1032.73","2025-02-05 12:30:00","2025-02-05 16:40:00","","76","Wednesday","afternoon","moyen","cheap","8688608232952733319"
"2024-11-21","2025-02-05","BOD","DUB","Dublin","https://www.kayak.fr/flights/BOD-DUB/2025-02-05?sort=price_a","06:00","12:40","460","92.0","False","BOD","DUB","N/A","N/A","N/A","","Aer Lingus","N/A","N/A","44.837789, -0.57918","53.3493795, -6.2605593","1032.73","2025-02-05 06:00:00","2025-02-05 12:40:00","","76","Wednesday","morning","long","cheap","1489231197799876143"
"2024-11-21","2025-02-05","BOD","DUB","Dublin","https://www.kayak.fr/flights/BOD-DUB/2025-02-05?sort=price_a","09:05","13:30","325","111.0","False","BOD","DUB","N/A","N/A","N/A","","Iberia","N/A","N/A","44.837789, -0.57918","53.3493795, -6.2605593","1032.73","2025-02-05 09:05:00","2025-02-05 13:30:00","","76","Wednesday","morning","moyen","cheap","2395710632860284267"
"2024-11-21","2025-02-05","BOD","DUB","Dublin","https://www.kayak.fr/flights/BOD-DUB/2025-02-05?sort=price_a","09:00","16:10","490","112.0","False","BOD","DUB","N/A","N/A","N/A","","easyJet","Aer Lingus","N/A","44.837789, -0.57918","53.3493795, -6.2605593","1032.73","2025-02-05 09:00:00","2025-02-05 16:10:00","","76","Wednesday","morning","long","standard","1475182007229456048"
"2024-11-21","2025-02-05","BOD","DUB","Dublin","https://www.kayak.fr/flights/BOD-DUB/2025-02-05?sort=price_a","14:50","21:25","455","126.0","False","BOD","DUB","N/A","N/A","LGW","160.0","easyJet","Ryanair","Standard","44.837789, -0.57918","53.3493795, -6.2605593","1032.73","2025-02-05 14:50:00","2025-02-05 21:25:00","295.0","76","Wednesday","afternoon","long","standard","9031688139484273532"
"2024-11-21","2025-02-05","BOD","DUB","Dublin","https://www.kayak.fr/flights/BOD-DUB/2025-02-05?sort=price_a","14:50","23:00","550","126.0","False","BOD","DUB","N/A","N/A","LGW","160.0","easyJet","Ryanair","Standard","44.837789, -0.57918","53.3493795, -6.2605593","1032.73","2025-02-05 14:50:00","2025-02-05 23:00:00","390.0","76","Wednesday","afternoon","long","standard","8044999626955566163"
"2024-11-21","2025-02-05","BOD","DUB","Dublin","https://www.kayak.fr/flights/BOD-DUB/2025-02-05?sort=price_a","06:50","13:35","465","139.0","False","BOD","DUB","N/A","N/A","LGW","160.0","easyJet","Ryanair","Standard","44.837789, -0.57918","53.3493795, -6.2605593","1032.73","2025-02-05 06:50:00","2025-02-05 13:35:00","305.0","76","Wednesday","morning","long","standard","404897987915753579"
"2024-11-21","2025-02-05","BOD","DUB","Dublin","https://www.kayak.fr/flights/BOD-DUB/2025-02-05?sort=price_a","09:05","14:10","365","143.0","False","BOD","DUB","N/A","N/A","LGW","160.0","easyJet","Ryanair","N/A","44.837789, -0.57918","53.3493795, -6.2605593","1032.73","2025-02-05 09:05:00","2025-02-05 14:10:00","205.0","76","Wednesday","morning","long","standard","3711869961378736061"
"2024-11-21","2025-02-05","BOD","DUB","Dublin","https://www.kayak.fr/flights/BOD-DUB/2025-02-05?sort=price_a","14:50","20:10","380","144.0","False","BOD","DUB","N/A","N/A","N/A","","easyJet","Ryanair UK","N/A","44.837789, -0.57918","53.3493795, -6.2605593","1032.73","2025-02-05 14:50:00","2025-02-05 20:10:00","","76","Wednesday","afternoon","long","standard","7469396457862244697"
"2024-11-21","2025-02-05","BOD","DUB","Dublin","https://www.kayak.fr/flights/BOD-DUB/2025-02-05?sort=price_a","14:50","22:00","490","146.0","False","BOD","DUB","N/A","N/A","LGW","160.0","easyJet","Ryanair","N/A","44.837789, -0.57918","53.3493795, -6.2605593","1032.73","2025-02-05 14:50:00","2025-02-05 22:00:00","330.0","76","Wednesday","afternoon","long","standard","260457661873548508"
"2024-11-21","2025-02-05","BOD","DUB","Dublin","https://www.kayak.fr/flights/BOD-DUB/2025-02-05?sort=price_a","14:50","22:00","490","146.0","False","BOD","DUB","N/A","N/A","N/A","","easyJet","SWISS","N/A","44.837789, -0.57918","53.3493795, -6.2605593","1032.73","2025-02-05 14:50:00","2025-02-05 22:00:00","","76","Wednesday","afternoon","long","standard","260457661873548508"
"2024-11-21","2025-02-06","BOD","DUB","Dublin","https://www.kayak.fr/flights/BOD-DUB/2025-02-06?sort=price_a","15:25","16:25","120","49.0","True","BOD","DUB","N/A","N/A","N/A","","Aer Lingus","N/A","Saver","44.837789, -0.57918","53.3493795, -6.2605593","1032.73","2025-02-06 15:25:00","2025-02-06 16:25:00","","77","Thursday","afternoon","court","cheap","112247218669785185"
"2024-11-21","2025-02-06","BOD","DUB","Dublin","https://www.kayak.fr/flights/BOD-DUB/2025-02-06?sort=price_a","12:20","19:15","475","89.0","False","BOD","DUB","N/A","N/A","N/A","","Aer Lingus","N/A","Saver","44.837789, -0.57918","53.3493795, -6.2605593","1032.73","2025-02-06 12:20:00","2025-02-06 19:15:00","","77","Thursday","afternoon","long","cheap","3858471956403942481"
"2024-11-21","2025-02-06","BOD","DUB","Dublin","https://www.kayak.fr/flights/BOD-DUB/2025-02-06?sort=price_a","18:00","22:05","305","91.0","False","BOD","DUB","N/A","N/A","N/A","","Aer Lingus","N/A","Saver","44.837789, -0.57918","53.3493795, -6.2605593","1032.73","2025-02-06 18:00:00","2025-02-06 22:05:00","","77","Thursday","evening","moyen","cheap","8504660448437644518"
"2024-11-21","2025-02-06","BOD","DUB","Dublin","https://www.kayak.fr/flights/BOD-DUB/2025-02-06?sort=price_a","06:00","12:40","460","91.0","False","BOD","DUB","N/A","N/A","N/A","","Aer Lingus","N/A","N/A","44.837789, -0.57918","53.3493795, -6.2605593","1032.73","2025-02-06 06:00:00","2025-02-06 12:40:00","","77","Thursday","morning","long","cheap","8390741858547723352"
"2024-11-21","2025-02-06","BOD","DUB","Dublin","https://www.kayak.fr/flights/BOD-DUB/2025-02-06?sort=price_a","12:30","16:40","310","92.0","False","BOD","DUB","N/A","N/A","N/A","","KLM","N/A","N/A","44.837789, -0.57918","53.3493795, -6.2605593","1032.73","2025-02-06 12:30:00","2025-02-06 16:40:00","","77","Thursday","afternoon","moyen","cheap","2611803539857346026"
"2024-11-21","2025-02-06","BOD","DUB","Dublin","https://www.kayak.fr/flights/BOD-DUB/2025-02-06?sort=price_a","06:50","12:55","425","98.0","False","BOD","DUB","N/A","N/A","N/A","","Aer Lingus","N/A","N/A","44.837789, -0.57918","53.3493795, -6.2605593","1032.73","2025-02-06 06:50:00","2025-02-06 12:55:00","","77","Thursday","morning","long","cheap","4681025094738458149"
"2024-11-21","2025-02-06","BOD","DUB","Dublin","https://www.kayak.fr/flights/BOD-DUB/2025-02-06?sort=price_a","06:50","11:45","355","99.0","False","BOD","DUB","N/A","N/A","N/A","","easyJet","Ryanair","N/A","44.837789, -0.57918","53.3493795, -6.2605593","1032.73","2025-02-06 06:50:00","2025-02-06 11:45:00","","77","Thursday","morning","moyen","cheap","8118362287868049183"
"2024-11-21","2025-02-06","BOD","DUB","Dublin","https://www.kayak.fr/flights/BOD-DUB/2025-02-06?sort=price_a","06:50","14:50","540","101.0","False","BOD","DUB","N/A","N/A","N/A","","easyJet","Ryanair","N/A","44.837789, -0.57918","53.3493795, -6.2605593","1032.73","2025-02-06 06:50:00","2025-02-06 14:50:00","","77","Thursday","morning","long","cheap","250877501604439122"
"2024-11-21","2025-02-06","BOD","DUB","Dublin","https://www.kayak.fr/flights/BOD-DUB/2025-02-06?sort=price_a","13:35","20:15","460","109.0","False","BOD","DUB","N/A","N/A","N/A","","SNCF","Transavia","Économique","44.837789, -0.57918","53.3493795, -6.2605593","1032.73","2025-02-06 13:35:00","2025-02-06 20:15:00","","77","Thursday","afternoon","long","cheap","91705775820928521"
"2024-11-21","2025-02-06","BOD","DUB","Dublin","https://www.kayak.fr/flights/BOD-DUB/2025-02-06?sort=price_a","09:05","16:10","485","110.0","False","BOD","DUB","N/A","N/A","N/A","","SNCF","Transavia","Économique","44.837789, -0.57918","53.3493795, -6.2605593","1032.73","2025-02-06 09:05:00","2025-02-06 16:10:00","","77","Thursday","morning","long","cheap","3259557116847237844"
"2024-11-21","2025-02-06","BOD","DUB","Dublin","https://www.kayak.fr/flights/BOD-DUB/2025-02-06?sort=price_a","13:35","21:40","545","117.0","False","BOD","DUB","N/A","N/A","N/A","","SNCF","Transavia","Économique","44.837789, -0.57918","53.3493795, -6.2605593","1032.73","2025-02-06 13:35:00","2025-02-06 21:40:00","","77","Thursday","afternoon","long","standard","2723542096848109323"
"2024-11-21","2025-02-06","BOD","DUB","Dublin","https://www.kayak.fr/flights/BOD-DUB/2025-02-06?sort=price_a","15:45","23:00","495","132.0","False","BOD","DUB","N/A","N/A","N/A","","SNCF","Transavia","N/A","44.837789, -0.57918","53.3493795, -6.2605593","1032.73","2025-02-06 15:45:00","2025-02-06 23:00:00","","77","Thursday","afternoon","long","standard","9076018495705341442"
"2024-11-21","2025-02-06","BOD","DUB","Dublin","https://www.kayak.fr/flights/BOD-DUB/2025-02-06?sort=price_a","13:35","21:35","540","132.0","False","BOD","DUB","N/A","N/A","N/A","","Vueling","Ryanair","N/A","44.837789, -0.57918","53.3493795, -6.2605593","1032.73","2025-02-06 13:35:00","2025-02-06 21:35:00","","77","Thursday","afternoon","long","standard","6784228740890952039"
"2024-11-21","2025-02-06","BOD","DUB","Dublin","https://www.kayak.fr/flights/BOD-DUB/2025-02-06?sort=price_a","09:25","15:25","420","134.0","False","BOD","DUB","N/A","N/A","N/A","","SNCF","Transavia","N/A","44.837789, -0.57918","53.3493795, -6.2605593","1032.73","2025-02-06 09:25:00","2025-02-06 15:25:00","","77","Thursday","morning","long","standard","7860006254324801906"
"2024-11-21","2025-02-06","BOD","DUB","Dublin","https://www.kayak.fr/flights/BOD-DUB/2025-02-06?sort=price_a","14:25","22:10","525","136.0","False","BOD","DUB","N/A","N/A","N/A","","easyJet","Ryanair","N/A","44.837789, -0.57918","53.3493795, -6.2605593","1032.73","2025-02-06 14:25:00","2025-02-06 22:10:00","","77","Thursday","afternoon","long","standard","4700069673031936116"
"2024-11-21","2025-02-07","BOD","DUB","Dublin","https://www.kayak.fr/flights/BOD-DUB/2025-02-07?sort=price_a","18:05","22:05","300","92.0","False","BOD","DUB","N/A","N/A","AMS","90.0","KLM","N/A","Light","44.837789, -0.57918","53.3493795, -6.2605593","1032.73","2025-02-07 18:05:00","2025-02-07 22:05:00","210.0","78","Friday","evening","moyen","cheap","9173011154855694732"
"2024-11-21","2025-02-07","BOD","DUB","Dublin","https://www.kayak.fr/flights/BOD-DUB/2025-02-07?sort=price_a","15:25","16:25","120","93.0","True","BOD","DUB","N/A","N/A","N/A","","KLM","N/A","Light","44.837789, -0.57918","53.3493795, -6.2605593","1032.73","2025-02-07 15:25:00","2025-02-07 16:25:00","","78","Friday","afternoon","court","cheap","3169122829058513409"
"2024-11-21","2025-02-07","BOD","DUB","Dublin","https://www.kayak.fr/flights/BOD-DUB/2025-02-07?sort=price_a","12:30","16:40","310","93.0","False","BOD","DUB","N/A","N/A","AMS","90.0","KLM","N/A","Light","44.837789, -0.57918","53.3493795, -6.2605593","1032.73","2025-02-07 12:30:00","2025-02-07 16:40:00","220.0","78","Friday","afternoon","moyen","cheap","145959710968013296"
"2024-11-21","2025-02-07","BOD","DUB","Dublin","https://www.kayak.fr/flights/BOD-DUB/2025-02-07?sort=price_a","06:00","12:40","460","93.0","False","BOD","DUB","N/A","N/A","AMS","90.0","KLM","N/A","N/A","44.837789, -0.57918","53.3493795, -6.2605593","1032.73","2025-02-07 06:00:00","2025-02-07 12:40:00","370.0","78","Friday","morning","long","cheap","8210220149259472657"
"2024-11-21","2025-02-07","BOD","DUB","Dublin","https://www.kayak.fr/flights/BOD-DUB/2025-02-07?sort=price_a","14:45","18:30","285","97.0","False","BOD","DUB","N/A","N/A","N/A","","easyJet","Ryanair","N/A","44.837789, -0.57918","53.3493795, -6.2605593","1032.73","2025-02-07 14:45:00","2025-02-07 18:30:00","","78","Friday","afternoon","moyen","cheap","6217490361378908266"
"2024-11-21","2025-02-07","BOD","DUB","Dublin","https://www.kayak.fr/flights/BOD-DUB/2025-02-07?sort=price_a","09:55","14:55","360","101.0","False","BOD","DUB","N/A","N/A","AMS","90.0","KLM","N/A","N/A","44.837789, -0.57918","53.3493795, -6.2605593","1032.73","2025-02-07 09:55:00","2025-02-07 14:55:00","270.0","78","Friday","morning","moyen","cheap","990098918353392280"
"2024-11-21","2025-02-07","BOD","DUB","Dublin","https://www.kayak.fr/flights/BOD-DUB/2025-02-07?sort=price_a","17:25","22:15","350","104.0","False","BOD","DUB","N/A","N/A","N/A","","easyJet","Ryanair","N/A","44.837789, -0.57918","53.3493795, -6.2605593","1032.73","2025-02-07 17:25:00","2025-02-07 22:15:00","","78","Friday","evening","moyen","cheap","8334876829655981753"
"2024-11-21","2025-02-07","BOD","DUB","Dublin","https://www.kayak.fr/flights/BOD-DUB/2025-02-07?sort=price_a","13:00","20:10","490","107.0","False","BOD","DUB","N/A","N/A","N/A","","Transavia France","Ryanair","N/A","44.837789, -0.57918","53.3493795, -6.2605593","1032.73","2025-02-07 13:00:00","2025-02-07 20:10:00","","78","Friday","afternoon","long","cheap","7453666227933241087"
"2024-11-21","2025-02-07","BOD","DUB","Dublin","https://www.kayak.fr/flights/BOD-DUB/2025-02-07?sort=price_a","09:55","17:45","530","108.0","False","BOD","DUB","N/A","N/A","N/A","","Aer Lingus","N/A","Saver","44.837789, -0.57918","53.3493795, -6.2605593","1032.73","2025-02-07 09:55:00","2025-02-07 17:45:00","","78","Friday","morning","long","cheap","1912467537720537527"
"2024-11-21","2025-02-07","BOD","DUB","Dublin","https://www.kayak.fr/flights/BOD-DUB/2025-02-07?sort=price_a","18:25","22:50","325","109.0","False","BOD","DUB","N/A","N/A","N/A","","Aer Lingus","N/A","Saver","44.837789, -0.57918","53.3493795, -6.2605593","1032.73","2025-02-07 18:25:00","2025-02-07 22:50:00","","78","Friday","evening","moyen","cheap","1931837641883676475"
"2024-11-21","2025-02-07","BOD","DUB","Dublin","https://www.kayak.fr/flights/BOD-DUB/2025-02-07?sort=price_a","15:45","20:10","325","109.0","False","BOD","DUB","N/A","N/A","N/A","","Aer Lingus","N/A","Saver","44.837789, -0.57918","53.3493795, -6.2605593","1032.73","2025-02-07 15:45:00","2025-02-07 20:10:00","","78","Friday","afternoon","moyen","cheap","4721755052399699779"
"2024-11-21","2025-02-07","BOD","DUB","Dublin","https://www.kayak.fr/flights/BOD-DUB/2025-02-07?sort=price_a","17:40","00:50+1","490","111.0","False","BOD","DUB","N/A","N/A","N/A","","Aer Lingus","N/A","N/A","44.837789, -0.57918","53.3493795, -6.2605593","1032.73","2025-02-07 17:40:00","2025-02-08 00:50:00","","78","Friday","evening","long","cheap","3951853652560829263"
"2024-11-21","2025-02-07","BOD","DUB","Dublin","https://www.kayak.fr/flights/BOD-DUB/2025-02-07?sort=price_a","13:35","20:05","450","121.0","False","BOD","DUB","N/A","N/A","N/A","","easyJet","Ryanair","N/A","44.837789, -0.57918","53.3493795, -6.2605593","1032.73","2025-02-07 13:35:00","2025-02-07 20:05:00","","78","Friday","afternoon","long","standard","5631830205270866347"
"2024-11-21","2025-02-07","BOD","DUB","Dublin","https://www.kayak.fr/flights/BOD-DUB/2025-02-07?sort=price_a","09:55","18:00","545","121.0","False","BOD","DUB","N/A","N/A","N/A","","Aer Lingus","N/A","N/A","44.837789, -0.57918","53.3493795, -6.2605593","1032.73","2025-02-07 09:55:00","2025-02-07 18:00:00","","78","Friday","morning","long","standard","7667509444623027814"
"2024-11-21","2025-02-07","BOD","DUB","Dublin","https://www.kayak.fr/flights/BOD-DUB/2025-02-07?sort=price_a","10:50","15:40","350","124.0","False","BOD","DUB","N/A","N/A","N/A","","Air France","N/A","N/A","44.837789, -0.57918","53.3493795, -6.2605593","1032.73","2025-02-07 10:50:00","2025-02-07 15:40:00","","78","Friday","morning","moyen","standard","3312526861908698431"
"2024-11-21","2025-02-08","BOD","DUB","Dublin","https://www.kayak.fr/flights/BOD-DUB/2025-02-08?sort=price_a","21:45","11:55+1","910","49.0","False","BOD","DUB","N/A","N/A","BCN","675.0","Vueling","N/A","Économique","44.837789, -0.57918","53.3493795, -6.2605593","1032.73","2025-02-08 21:45:00","2025-02-09 11:55:00","235.0","79","Saturday","evening","long","cheap","3588888448650916197"
"2024-11-21","2025-02-08","BOD","DUB","Dublin","https://www.kayak.fr/flights/BOD-DUB/2025-02-08?sort=price_a","21:45","11:35+1","890","87.0","False","BOD","DUB","N/A","N/A","BCN","675.0","Vueling","N/A","Économique","44.837789, -0.57918","53.3493795, -6.2605593","1032.73","2025-02-08 21:45:00","2025-02-09 11:35:00","215.0","79","Saturday","evening","long","cheap","6771831865735213297"
"2024-11-21","2025-02-08","BOD","DUB","Dublin","https://www.kayak.fr/flights/BOD-DUB/2025-02-08?sort=price_a","21:45","11:30+1","885","89.0","False","BOD","DUB","N/A","N/A","BCN","675.0","Vueling","N/A","Économique","44.837789, -0.57918","53.3493795, -6.2605593","1032.73","2025-02-08 21:45:00","2025-02-09 11:30:00","210.0","79","Saturday","evening","long","cheap","3111753742728211884"
"2024-11-21","2025-02-08","BOD","DUB","Dublin","https://www.kayak.fr/flights/BOD-DUB/2025-02-08?sort=price_a","21:45","12:30+1","945","92.0","False","BOD","DUB","N/A","N/A","BCN","675.0","Vueling","N/A","N/A","44.837789, -0.57918","53.3493795, -6.2605593","1032.73","2025-02-08 21:45:00","2025-02-09 12:30:00","270.0","79","Saturday","evening","long","cheap","1423615707522914525"
"2024-11-21","2025-02-08","BOD","DUB","Dublin","https://www.kayak.fr/flights/BOD-DUB/2025-02-08?sort=price_a","12:30","22:05","635","94.0","False","BOD","DUB","N/A","N/A","N/A","","KLM","N/A","N/A","44.837789, -0.57918","53.3493795, -6.2605593","1032.73","2025-02-08 12:30:00","2025-02-08 22:05:00","","79","Saturday","afternoon","long","cheap","8612779077824673435"
"2024-11-21","2025-02-08","BOD","DUB","Dublin","https://www.kayak.fr/flights/BOD-DUB/2025-02-08?sort=price_a","21:45","13:15+1","990","100.0","False","BOD","DUB","N/A","N/A","BCN","675.0","Vueling","N/A","N/A","44.837789, -0.57918","53.3493795, -6.2605593","1032.73","2025-02-08 21:45:00","2025-02-09 13:15:00","315.0","79","Saturday","evening","long","cheap","2905239082980321743"
"2024-11-21","2025-02-08","BOD","DUB","Dublin","https://www.kayak.fr/flights/BOD-DUB/2025-02-08?sort=price_a","12:30","16:40","310","104.0","False","BOD","DUB","N/A","N/A","N/A","","KLM","N/A","N/A","44.837789, -0.57918","53.3493795, -6.2605593","1032.73","2025-02-08 12:30:00","2025-02-08 16:40:00","","79","Saturday","afternoon","moyen","cheap","825806247973828310"
"2024-11-21","2025-02-08","BOD","DUB","Dublin","https://www.kayak.fr/flights/BOD-DUB/2025-02-08?sort=price_a","21:45","13:55+1","1030","105.0","False","BOD","DUB","N/A","N/A","N/A","","Vueling","Ryanair","N/A","44.837789, -0.57918","53.3493795, -6.2605593","1032.73","2025-02-08 21:45:00","2025-02-09 13:55:00","","79","Saturday","evening","long","cheap","710564317833268354"
"2024-11-21","2025-02-08","BOD","DUB","Dublin","https://www.kayak.fr/flights/BOD-DUB/2025-02-08?sort=price_a","21:45","10:35+1","830","107.0","False","BOD","DUB","N/A","N/A","BCN","655.0","Vueling","Ryanair","Économique","44.837789, -0.57918","53.3493795, -6.2605593","1032.73","2025-02-08 21:45:00","2025-02-09 10:35:00","175.0","79","Saturday","evening","long","cheap","9053501291673613103"
"2024-11-21","2025-02-08","BOD","DUB","Dublin","https://www.kayak.fr/flights/BOD-DUB/2025-02-08?sort=price_a","21:45","14:45+1","1080","107.0","False","BOD","DUB","N/A","N/A","BCN","655.0","Vueling","Ryanair","Économique","44.837789, -0.57918","53.3493795, -6.2605593","1032.73","2025-02-08 21:45:00","2025-02-09 14:45:00","425.0","79","Saturday","evening","long","cheap","1276775014118578"
"2024-11-21","2025-02-08","BOD","DUB","Dublin","https://www.kayak.fr/flights/BOD-DUB/2025-02-08?sort=price_a","21:45","14:05+1","1040","108.0","False","BOD","DUB","N/A","N/A","BCN","655.0","Vueling","Ryanair","Économique","44.837789, -0.57918","53.3493795, -6.2605593","1032.73","2025-02-08 21:45:00","2025-02-09 14:05:00","385.0","79","Saturday","evening","long","cheap","7070673952554127417"
"2024-11-21","2025-02-08","BOD","DUB","Dublin","https://www.kayak.fr/flights/BOD-DUB/2025-02-08?sort=price_a","14:45","08:05+1","1100","108.0","False","BOD","DUB","N/A","N/A","BCN","655.0","Vueling","Ryanair","N/A","44.837789, -0.57918","53.3493795, -6.2605593","1032.73","2025-02-08 14:45:00","2025-02-09 08:05:00","445.0","79","Saturday","afternoon","long","cheap","6248088218445699350"
"2024-11-21","2025-02-08","BOD","DUB","Dublin","https://www.kayak.fr/flights/BOD-DUB/2025-02-08?sort=price_a","21:45","12:00+1","915","112.0","False","BOD","DUB","N/A","N/A","N/A","","Vueling","Iberia","N/A","44.837789, -0.57918","53.3493795, -6.2605593","1032.73","2025-02-08 21:45:00","2025-02-09 12:00:00","","79","Saturday","evening","long","standard","6893611817970134363"
"2024-11-21","2025-02-08","BOD","DUB","Dublin","https://www.kayak.fr/flights/BOD-DUB/2025-02-08?sort=price_a","16:50","00:25+1","515","113.0","False","BOD","DUB","N/A","N/A","BCN","655.0","Vueling","Ryanair","N/A","44.837789, -0.57918","53.3493795, -6.2605593","1032.73","2025-02-08 16:50:00","2025-02-09 00:25:00","","79","Saturday","afternoon","long","standard","8343579232033369143"
"2024-11-21","2025-02-08","BOD","DUB","Dublin","https://www.kayak.fr/flights/BOD-DUB/2025-02-08?sort=price_a","19:40","08:30+1","830","113.0","False","BOD","DUB","N/A","N/A","N/A","","SWISS","N/A","N/A","44.837789, -0.57918","53.3493795, -6.2605593","1032.73","2025-02-08 19:40:00","2025-02-09 08:30:00","","79","Saturday","evening","long","standard","8729508169712459530"
"2024-11-21","2025-02-09","BOD","DUB","Dublin","https://www.kayak.fr/flights/BOD-DUB/2025-02-09?sort=price_a","06:00","12:40","460","93.0","False","BOD","DUB","N/A","N/A","AMS","255.0","KLM","N/A","Light","44.837789, -0.57918","53.3493795, -6.2605593","1032.73","2025-02-09 06:00:00","2025-02-09 12:40:00","205.0","80","Sunday","morning","long","cheap","2139986407678377911"
"2024-11-21","2025-02-09","BOD","DUB","Dublin","https://www.kayak.fr/flights/BOD-DUB/2025-02-09?sort=price_a","15:25","16:25","120","95.0","True","BOD","DUB","N/A","N/A","N/A","","KLM","N/A","Light","44.837789, -0.57918","53.3493795, -6.2605593","1032.73","2025-02-09 15:25:00","2025-02-09 16:25:00","","80","Sunday","afternoon","court","cheap","6213443075861931059"
"2024-11-21","2025-02-09","BOD","DUB","Dublin","https://www.kayak.fr/flights/BOD-DUB/2025-02-09?sort=price_a","12:30","16:40","310","114.0","False","BOD","DUB","N/A","N/A","AMS","255.0","KLM","N/A","Light","44.837789, -0.57918","53.3493795, -6.2605593","1032.73","2025-02-09 12:30:00","2025-02-09 16:40:00","55.0","80","Sunday","afternoon","moyen","standard","7961103506496839342"
"2024-11-21","2025-02-09","BOD","DUB","Dublin","https://www.kayak.fr/flights/BOD-DUB/2025-02-09?sort=price_a","17:50","23:30","400","114.0","False","BOD","DUB","N/A","N/A","AMS","255.0","KLM","N/A","N/A","44.837789, -0.57918","53.3493795, -6.2605593","1032.73","2025-02-09 17:50:00","2025-02-09 23:30:00","145.0","80","Sunday","evening","long","standard","279873128435104867"
"2024-11-21","2025-02-09","BOD","DUB","Dublin","https://www.kayak.fr/flights/BOD-DUB/2025-02-09?sort=price_a","09:55","17:45","530","115.0","False","BOD","DUB","N/A","N/A","N/A","","Vueling","Ryanair","N/A","44.837789, -0.57918","53.3493795, -6.2605593","1032.73","2025-02-09 09:55:00","2025-02-09 17:45:00","","80","Sunday","morning","long","standard","9087377987273723720"
"2024-11-21","2025-02-09","BOD","DUB","Dublin","https://www.kayak.fr/flights/BOD-DUB/2025-02-09?sort=price_a","18:05","22:05","300","116.0","False","BOD","DUB","N/A","N/A","AMS","255.0","KLM","N/A","N/A","44.837789, -0.57918","53.3493795, -6.2605593","1032.73","2025-02-09 18:05:00","2025-02-09 22:05:00","45.0","80","Sunday","evening","moyen","standard","5268711406676609857"
"2024-11-21","2025-02-09","BOD","DUB","Dublin","https://www.kayak.fr/flights/BOD-DUB/2025-02-09?sort=price_a","09:55","17:50","535","126.0","False","BOD","DUB","N/A","N/A","N/A","","Vueling","Ryanair","N/A","44.837789, -0.57918","53.3493795, -6.2605593","1032.73","2025-02-09 09:55:00","2025-02-09 17:50:00","","80","Sunday","morning","long","standard","2390725332053983472"
"2024-11-21","2025-02-09","BOD","DUB","Dublin","https://www.kayak.fr/flights/BOD-DUB/2025-02-09?sort=price_a","17:55","23:35","400","128.0","False","BOD","DUB","N/A","N/A","N/A","","Iberia","N/A","N/A","44.837789, -0.57918","53.3493795, -6.2605593","1032.73","2025-02-09 17:55:00","2025-02-09 23:35:00","","80","Sunday","evening","long","standard","3412520429593673875"
"2024-11-21","2025-02-09","BOD","DUB","Dublin","https://www.kayak.fr/flights/BOD-DUB/2025-02-09?sort=price_a","16:45","22:25","400","129.0","False","BOD","DUB","N/A","N/A","N/A","","Aer Lingus","N/A","Saver","44.837789, -0.57918","53.3493795, -6.2605593","1032.73","2025-02-09 16:45:00","2025-02-09 22:25:00","","80","Sunday","afternoon","long","standard","7892635755968261710"
"2024-11-21","2025-02-09","BOD","DUB","Dublin","https://www.kayak.fr/flights/BOD-DUB/2025-02-09?sort=price_a","14:10","20:15","425","134.0","False","BOD","DUB","N/A","N/A","N/A","","Aer Lingus","N/A","Saver","44.837789, -0.57918","53.3493795, -6.2605593","1032.73","2025-02-09 14:10:00","2025-02-09 20:15:00","","80","Sunday","afternoon","long","standard","4584014350910475625"
"2024-11-21","2025-02-09","BOD","DUB","Dublin","https://www.kayak.fr/flights/BOD-DUB/2025-02-09?sort=price_a","18:15","22:55","340","135.0","False","BOD","DUB","N/A","N/A","N/A","","Aer Lingus","N/A","Saver","44.837789, -0.57918","53.3493795, -6.2605593","1032.73","2025-02-09 18:15:00","2025-02-09 22:55:00","","80","Sunday","evening","moyen","standard","5958139216026976786"
"2024-11-21","2025-02-09","BOD","DUB","Dublin","https://www.kayak.fr/flights/BOD-DUB/2025-02-09?sort=price_a","14:20","21:00","460","147.0","False","BOD","DUB","N/A","N/A","N/A","","Aer Lingus","N/A","N/A","44.837789, -0.57918","53.3493795, -6.2605593","1032.73","2025-02-09 14:20:00","2025-02-09 21:00:00","","80","Sunday","afternoon","long","standard","5786214691861673720"
"2024-11-21","2025-02-09","BOD","DUB","Dublin","https://www.kayak.fr/flights/BOD-DUB/2025-02-09?sort=price_a","08:10","15:00","470","148.0","False","BOD","DUB","N/A","N/A","N/A","","easyJet","Ryanair","N/A","44.837789, -0.57918","53.3493795, -6.2605593","1032.73","2025-02-09 08:10:00","2025-02-09 15:00:00","","80","Sunday","morning","long","standard","316887864070014632"
"2024-11-21","2025-02-09","BOD","DUB","Dublin","https://www.kayak.fr/flights/BOD-DUB/2025-02-09?sort=price_a","14:55","21:30","455","149.0","False","BOD","DUB","N/A","N/A","N/A","","Aer Lingus","N/A","N/A","44.837789, -0.57918","53.3493795, -6.2605593","1032.73","2025-02-09 14:55:00","2025-02-09 21:30:00","","80","Sunday","afternoon","long","standard","8214212131934027273"
"2024-11-21","2025-02-09","BOD","DUB","Dublin","https://www.kayak.fr/flights/BOD-DUB/2025-02-09?sort=price_a","09:05","15:00","415","165.0","False","BOD","DUB","N/A","N/A","N/A","","Iberia","Ryanair","N/A","44.837789, -0.57918","53.3493795, -6.2605593","1032.73","2025-02-09 09:05:00","2025-02-09 15:00:00","","80","Sunday","morning","long","high","526500329582088087"
"2024-11-21","2025-02-10","BOD","DUB","Dublin","https://www.kayak.fr/flights/BOD-DUB/2025-02-10?sort=price_a","06:50","22:40","1010","85.0","False","BOD","DUB","N/A","N/A","N/A","","easyJet","Ryanair","Standard","44.837789, -0.57918","53.3493795, -6.2605593","1032.73","2025-02-10 06:50:00","2025-02-10 22:40:00","","81","Monday","morning","long","cheap","7347193177718374344"
"2024-11-21","2025-02-10","BOD","DUB","Dublin","https://www.kayak.fr/flights/BOD-DUB/2025-02-10?sort=price_a","06:50","14:35","525","89.0","False","BOD","DUB","N/A","N/A","N/A","","easyJet","Ryanair","Standard","44.837789, -0.57918","53.3493795, -6.2605593","1032.73","2025-02-10 06:50:00","2025-02-10 14:35:00","","81","Monday","morning","long","cheap","5556745631080868345"
"2024-11-21","2025-02-10","BOD","DUB","Dublin","https://www.kayak.fr/flights/BOD-DUB/2025-02-10?sort=price_a","06:50","15:05","555","89.0","False","BOD","DUB","N/A","N/A","N/A","","easyJet","Ryanair","Standard","44.837789, -0.57918","53.3493795, -6.2605593","1032.73","2025-02-10 06:50:00","2025-02-10 15:05:00","","81","Monday","morning","long","cheap","6726446983620184614"
"2024-11-21","2025-02-10","BOD","DUB","Dublin","https://www.kayak.fr/flights/BOD-DUB/2025-02-10?sort=price_a","06:50","10:20","270","90.0","False","BOD","DUB","N/A","N/A","N/A","","easyJet","Ryanair","N/A","44.837789, -0.57918","53.3493795, -6.2605593","1032.73","2025-02-10 06:50:00","2025-02-10 10:20:00","","81","Monday","morning","moyen","cheap","8703573201855168719"
"2024-11-21","2025-02-10","BOD","DUB","Dublin","https://www.kayak.fr/flights/BOD-DUB/2025-02-10?sort=price_a","18:10","00:20+1","430","90.0","False","BOD","DUB","N/A","N/A","N/A","","easyJet","Ryanair","N/A","44.837789, -0.57918","53.3493795, -6.2605593","1032.73","2025-02-10 18:10:00","2025-02-11 00:20:00","","81","Monday","evening","long","cheap","5063551148108396708"
"2024-11-21","2025-02-10","BOD","DUB","Dublin","https://www.kayak.fr/flights/BOD-DUB/2025-02-10?sort=price_a","06:50","11:00","310","91.0","False","BOD","DUB","N/A","N/A","N/A","","easyJet","Ryanair","N/A","44.837789, -0.57918","53.3493795, -6.2605593","1032.73","2025-02-10 06:50:00","2025-02-10 11:00:00","","81","Monday","morning","moyen","cheap","6589778172296341085"
"2024-11-21","2025-02-10","BOD","DUB","Dublin","https://www.kayak.fr/flights/BOD-DUB/2025-02-10?sort=price_a","06:50","15:05","555","91.0","False","BOD","DUB","N/A","N/A","N/A","","easyJet","Ryanair","N/A","44.837789, -0.57918","53.3493795, -6.2605593","1032.73","2025-02-10 06:50:00","2025-02-10 15:05:00","","81","Monday","morning","long","cheap","6726446983620184614"
"2024-11-21","2025-02-10","BOD","DUB","Dublin","https://www.kayak.fr/flights/BOD-DUB/2025-02-10?sort=price_a","18:00","22:05","305","92.0","False","BOD","DUB","N/A","N/A","N/A","","KLM","N/A","N/A","44.837789, -0.57918","53.3493795, -6.2605593","1032.73","2025-02-10 18:00:00","2025-02-10 22:05:00","","81","Monday","evening","moyen","cheap","5756658742840604309"
"2024-11-21","2025-02-10","BOD","DUB","Dublin","https://www.kayak.fr/flights/BOD-DUB/2025-02-10?sort=price_a","12:30","16:40","310","92.0","False","BOD","DUB","N/A","N/A","N/A","","easyJet","Ryanair","Standard","44.837789, -0.57918","53.3493795, -6.2605593","1032.73","2025-02-10 12:30:00","2025-02-10 16:40:00","","81","Monday","afternoon","moyen","cheap","5104095943189933048"
"2024-11-21","2025-02-10","BOD","DUB","Dublin","https://www.kayak.fr/flights/BOD-DUB/2025-02-10?sort=price_a","06:00","12:40","460","92.0","False","BOD","DUB","N/A","N/A","N/A","","easyJet","Ryanair","Standard","44.837789, -0.57918","53.3493795, -6.2605593","1032.73","2025-02-10 06:00:00","2025-02-10 12:40:00","","81","Monday","morning","long","cheap","5934472899876225464"
"2024-11-21","2025-02-10","BOD","DUB","Dublin","https://www.kayak.fr/flights/BOD-DUB/2025-02-10?sort=price_a","18:10","22:50","340","93.0","False","BOD","DUB","N/A","N/A","N/A","","easyJet","Ryanair","Standard","44.837789, -0.57918","53.3493795, -6.2605593","1032.73","2025-02-10 18:10:00","2025-02-10 22:50:00","","81","Monday","evening","moyen","cheap","2796955939289186623"
"2024-11-21","2025-02-10","BOD","DUB","Dublin","https://www.kayak.fr/flights/BOD-DUB/2025-02-10?sort=price_a","18:10","21:45","275","95.0","False","BOD","DUB","N/A","N/A","N/A","","easyJet","Ryanair","N/A","44.837789, -0.57918","53.3493795, -6.2605593","1032.73","2025-02-10 18:10:00","2025-02-10 21:45:00","","81","Monday","evening","moyen","cheap","1229858607136627392"
"2024-11-21","2025-02-10","BOD","DUB","Dublin","https://www.kayak.fr/flights/BOD-DUB/2025-02-10?sort=price_a","06:50","14:30","520","95.0","False","BOD","DUB","N/A","N/A","N/A","","easyJet","Ryanair","N/A","44.837789, -0.57918","53.3493795, -6.2605593","1032.73","2025-02-10 06:50:00","2025-02-10 14:30:00","","81","Monday","morning","long","cheap","7441720810921608688"
"2024-11-21","2025-02-10","BOD","DUB","Dublin","https://www.kayak.fr/flights/BOD-DUB/2025-02-10?sort=price_a","10:40","15:40","360","98.0","False","BOD","DUB","N/A","N/A","N/A","","easyJet","Ryanair","N/A","44.837789, -0.57918","53.3493795, -6.2605593","1032.73","2025-02-10 10:40:00","2025-02-10 15:40:00","","81","Monday","morning","moyen","cheap","7598868272045911993"
"2024-11-21","2025-02-10","BOD","DUB","Dublin","https://www.kayak.fr/flights/BOD-DUB/2025-02-10?sort=price_a","06:50","13:00","430","101.0","False","BOD","DUB","N/A","N/A","N/A","","easyJet","Ryanair","N/A","44.837789, -0.57918","53.3493795, -6.2605593","1032.73","2025-02-10 06:50:00","2025-02-10 13:00:00","","81","Monday","morning","long","cheap","235243870884145370"
"2024-11-21","2025-02-11","BOD","DUB","Dublin","https://www.kayak.fr/flights/BOD-DUB/2025-02-11?sort=price_a","19:50","10:30+1","940","54.0","False","BOD","DUB","N/A","N/A","BCN","700.0","Vueling","N/A","Économique","44.837789, -0.57918","53.3493795, -6.2605593","1032.73","2025-02-11 19:50:00","2025-02-12 10:30:00","240.0","82","Tuesday","evening","long","cheap","2803114350094201478"
"2024-11-21","2025-02-11","BOD","DUB","Dublin","https://www.kayak.fr/flights/BOD-DUB/2025-02-11?sort=price_a","19:50","07:30+1","760","79.0","False","BOD","DUB","N/A","N/A","BCN","700.0","Vueling","N/A","Économique","44.837789, -0.57918","53.3493795, -6.2605593","1032.73","2025-02-11 19:50:00","2025-02-12 07:30:00","60.0","82","Tuesday","evening","long","cheap","4457848450765885539"
"2024-11-21","2025-02-11","BOD","DUB","Dublin","https://www.kayak.fr/flights/BOD-DUB/2025-02-11?sort=price_a","17:20","23:45","445","83.0","False","BOD","DUB","N/A","N/A","BCN","700.0","Vueling","N/A","Économique","44.837789, -0.57918","53.3493795, -6.2605593","1032.73","2025-02-11 17:20:00","2025-02-11 23:45:00","","82","Tuesday","evening","long","cheap","2878668969531028783"
"2024-11-21","2025-02-11","BOD","DUB","Dublin","https://www.kayak.fr/flights/BOD-DUB/2025-02-11?sort=price_a","07:25","15:10","525","85.0","False","BOD","DUB","N/A","N/A","BCN","700.0","Vueling","N/A","N/A","44.837789, -0.57918","53.3493795, -6.2605593","1032.73","2025-02-11 07:25:00","2025-02-11 15:10:00","","82","Tuesday","morning","long","cheap","4151961199305310957"
"2024-11-21","2025-02-11","BOD","DUB","Dublin","https://www.kayak.fr/flights/BOD-DUB/2025-02-11?sort=price_a","19:50","11:30+1","1000","85.0","False","BOD","DUB","N/A","N/A","N/A","","Vueling","Ryanair","N/A","44.837789, -0.57918","53.3493795, -6.2605593","1032.73","2025-02-11 19:50:00","2025-02-12 11:30:00","","82","Tuesday","evening","long","cheap","801200442155295572"
"2024-11-21","2025-02-11","BOD","DUB","Dublin","https://www.kayak.fr/flights/BOD-DUB/2025-02-11?sort=price_a","07:25","11:00","275","89.0","False","BOD","DUB","N/A","N/A","BCN","700.0","Vueling","N/A","N/A","44.837789, -0.57918","53.3493795, -6.2605593","1032.73","2025-02-11 07:25:00","2025-02-11 11:00:00","","82","Tuesday","morning","moyen","cheap","9016887496589285347"
"2024-11-21","2025-02-11","BOD","DUB","Dublin","https://www.kayak.fr/flights/BOD-DUB/2025-02-11?sort=price_a","07:25","12:45","380","89.0","False","BOD","DUB","N/A","N/A","N/A","","easyJet","Ryanair","N/A","44.837789, -0.57918","53.3493795, -6.2605593","1032.73","2025-02-11 07:25:00","2025-02-11 12:45:00","","82","Tuesday","morning","long","cheap","114076477127804814"
"2024-11-21","2025-02-11","BOD","DUB","Dublin","https://www.kayak.fr/flights/BOD-DUB/2025-02-11?sort=price_a","07:25","19:05","760","89.0","False","BOD","DUB","N/A","N/A","N/A","","easyJet","Ryanair","N/A","44.837789, -0.57918","53.3493795, -6.2605593","1032.73","2025-02-11 07:25:00","2025-02-11 19:05:00","","82","Tuesday","morning","long","cheap","5888985677797695186"
"2024-11-21","2025-02-11","BOD","DUB","Dublin","https://www.kayak.fr/flights/BOD-DUB/2025-02-11?sort=price_a","07:25","21:15","890","89.0","False","BOD","DUB","N/A","N/A","BCN","525.0","Vueling","Ryanair","Économique","44.837789, -0.57918","53.3493795, -6.2605593","1032.73","2025-02-11 07:25:00","2025-02-11 21:15:00","365.0","82","Tuesday","morning","long","cheap","1591502313776038243"
"2024-11-21","2025-02-11","BOD","DUB","Dublin","https://www.kayak.fr/flights/BOD-DUB/2025-02-11?sort=price_a","07:25","22:25","960","89.0","False","BOD","DUB","N/A","N/A","BCN","525.0","Vueling","Ryanair","Économique","44.837789, -0.57918","53.3493795, -6.2605593","1032.73","2025-02-11 07:25:00","2025-02-11 22:25:00","435.0","82","Tuesday","morning","long","cheap","3893021310161611540"
"2024-11-21","2025-02-11","BOD","DUB","Dublin","https://www.kayak.fr/flights/BOD-DUB/2025-02-11?sort=price_a","07:25","23:00","995","89.0","False","BOD","DUB","N/A","N/A","BCN","525.0","Vueling","Ryanair","Économique","44.837789, -0.57918","53.3493795, -6.2605593","1032.73","2025-02-11 07:25:00","2025-02-11 23:00:00","470.0","82","Tuesday","morning","long","cheap","9142351356860198552"
"2024-11-21","2025-02-11","BOD","DUB","Dublin","https://www.kayak.fr/flights/BOD-DUB/2025-02-11?sort=price_a","07:25","14:45","500","90.0","False","BOD","DUB","N/A","N/A","BCN","525.0","Vueling","Ryanair","N/A","44.837789, -0.57918","53.3493795, -6.2605593","1032.73","2025-02-11 07:25:00","2025-02-11 14:45:00","","82","Tuesday","morning","long","cheap","8044928489356786884"
"2024-11-21","2025-02-11","BOD","DUB","Dublin","https://www.kayak.fr/flights/BOD-DUB/2025-02-11?sort=price_a","18:00","22:05","305","92.0","False","BOD","DUB","N/A","N/A","N/A","","KLM","N/A","N/A","44.837789, -0.57918","53.3493795, -6.2605593","1032.73","2025-02-11 18:00:00","2025-02-11 22:05:00","","82","Tuesday","evening","moyen","cheap","5111031094785314835"
"2024-11-21","2025-02-11","BOD","DUB","Dublin","https://www.kayak.fr/flights/BOD-DUB/2025-02-11?sort=price_a","12:30","16:40","310","92.0","False","BOD","DUB","N/A","N/A","BCN","525.0","Vueling","Ryanair","N/A","44.837789, -0.57918","53.3493795, -6.2605593","1032.73","2025-02-11 12:30:00","2025-02-11 16:40:00","","82","Tuesday","afternoon","moyen","cheap","7573974604200858199"
"2024-11-21","2025-02-11","BOD","DUB","Dublin","https://www.kayak.fr/flights/BOD-DUB/2025-02-11?sort=price_a","06:00","12:40","460","92.0","False","BOD","DUB","N/A","N/A","N/A","","KLM","N/A","N/A","44.837789, -0.57918","53.3493795, -6.2605593","1032.73","2025-02-11 06:00:00","2025-02-11 12:40:00","","82","Tuesday","morning","long","cheap","6219979694393238234"
"2024-11-21","2025-02-12","BOD","DUB","Dublin","https://www.kayak.fr/flights/BOD-DUB/2025-02-12?sort=price_a","06:50","20:45","895","78.0","False","BOD","DUB","N/A","N/A","N/A","","easyJet","Ryanair","Standard","44.837789, -0.57918","53.3493795, -6.2605593","1032.73","2025-02-12 06:50:00","2025-02-12 20:45:00","","83","Wednesday","morning","long","cheap","2599801023717841356"
"2024-11-21","2025-02-12","BOD","DUB","Dublin","https://www.kayak.fr/flights/BOD-DUB/2025-02-12?sort=price_a","06:50","11:30","340","82.0","False","BOD","DUB","N/A","N/A","N/A","","easyJet","Ryanair","Standard","44.837789, -0.57918","53.3493795, -6.2605593","1032.73","2025-02-12 06:50:00","2025-02-12 11:30:00","","83","Wednesday","morning","moyen","cheap","9021550956150566271"
"2024-11-21","2025-02-12","BOD","DUB","Dublin","https://www.kayak.fr/flights/BOD-DUB/2025-02-12?sort=price_a","06:50","12:35","405","84.0","False","BOD","DUB","N/A","N/A","N/A","","easyJet","Ryanair","Standard","44.837789, -0.57918","53.3493795, -6.2605593","1032.73","2025-02-12 06:50:00","2025-02-12 12:35:00","","83","Wednesday","morning","long","cheap","5811738290436260825"
"2024-11-21","2025-02-12","BOD","DUB","Dublin","https://www.kayak.fr/flights/BOD-DUB/2025-02-12?sort=price_a","18:00","22:05","305","92.0","False","BOD","DUB","N/A","N/A","N/A","","easyJet","Ryanair","N/A","44.837789, -0.57918","53.3493795, -6.2605593","1032.73","2025-02-12 18:00:00","2025-02-12 22:05:00","","83","Wednesday","evening","moyen","cheap","2184802007216460393"
"2024-11-21","2025-02-12","BOD","DUB","Dublin","https://www.kayak.fr/flights/BOD-DUB/2025-02-12?sort=price_a","12:30","16:40","310","92.0","False","BOD","DUB","N/A","N/A","N/A","","KLM","N/A","N/A","44.837789, -0.57918","53.3493795, -6.2605593","1032.73","2025-02-12 12:30:00","2025-02-12 16:40:00","","83","Wednesday","afternoon","moyen","cheap","2457141030216776344"
"2024-11-21","2025-02-12","BOD","DUB","Dublin","https://www.kayak.fr/flights/BOD-DUB/2025-02-12?sort=price_a","06:00","12:40","460","92.0","False","BOD","DUB","N/A","N/A","N/A","","easyJet","Ryanair","N/A","44.837789, -0.57918","53.3493795, -6.2605593","1032.73","2025-02-12 06:00:00","2025-02-12 12:40:00","","83","Wednesday","morning","long","cheap","3479676602860062417"
"2024-11-21","2025-02-12","BOD","DUB","Dublin","https://www.kayak.fr/flights/BOD-DUB/2025-02-12?sort=price_a","14:50","20:10","380","105.0","False","BOD","DUB","N/A","N/A","N/A","","easyJet","Ryanair UK","N/A","44.837789, -0.57918","53.3493795, -6.2605593","1032.73","2025-02-12 14:50:00","2025-02-12 20:10:00","","83","Wednesday","afternoon","long","cheap","2624783321204977389"
"2024-11-21","2025-02-12","BOD","DUB","Dublin","https://www.kayak.fr/flights/BOD-DUB/2025-02-12?sort=price_a","09:00","16:10","490","110.0","False","BOD","DUB","N/A","N/A","N/A","","easyJet","Aer Lingus","N/A","44.837789, -0.57918","53.3493795, -6.2605593","1032.73","2025-02-12 09:00:00","2025-02-12 16:10:00","","83","Wednesday","morning","long","cheap","567872412578979997"
"2024-11-21","2025-02-12","BOD","DUB","Dublin","https://www.kayak.fr/flights/BOD-DUB/2025-02-12?sort=price_a","06:50","12:05","375","113.0","False","BOD","DUB","N/A","N/A","LGW","160.0","easyJet","Ryanair","Standard","44.837789, -0.57918","53.3493795, -6.2605593","1032.73","2025-02-12 06:50:00","2025-02-12 12:05:00","215.0","83","Wednesday","morning","long","standard","3456964298483400956"
"2024-11-21","2025-02-12","BOD","DUB","Dublin","https://www.kayak.fr/flights/BOD-DUB/2025-02-12?sort=price_a","14:50","21:25","455","117.0","False","BOD","DUB","N/A","N/A","LGW","160.0","easyJet","Ryanair","Standard","44.837789, -0.57918","53.3493795, -6.2605593","1032.73","2025-02-12 14:50:00","2025-02-12 21:25:00","295.0","83","Wednesday","afternoon","long","standard","7984865462796100502"
"2024-11-21","2025-02-12","BOD","DUB","Dublin","https://www.kayak.fr/flights/BOD-DUB/2025-02-12?sort=price_a","14:50","23:00","550","121.0","False","BOD","DUB","N/A","N/A","LGW","160.0","easyJet","Ryanair","Standard","44.837789, -0.57918","53.3493795, -6.2605593","1032.73","2025-02-12 14:50:00","2025-02-12 23:00:00","390.0","83","Wednesday","afternoon","long","standard","4396536072661252708"
"2024-11-21","2025-02-12","BOD","DUB","Dublin","https://www.kayak.fr/flights/BOD-DUB/2025-02-12?sort=price_a","09:20","14:20","360","127.0","False","BOD","DUB","N/A","N/A","LGW","160.0","easyJet","Ryanair","N/A","44.837789, -0.57918","53.3493795, -6.2605593","1032.73","2025-02-12 09:20:00","2025-02-12 14:20:00","200.0","83","Wednesday","morning","moyen","standard","2847995610365430833"
"2024-11-21","2025-02-12","BOD","DUB","Dublin","https://www.kayak.fr/flights/BOD-DUB/2025-02-12?sort=price_a","14:50","20:45","415","132.0","False","BOD","DUB","N/A","N/A","N/A","","easyJet","Aer Lingus","N/A","44.837789, -0.57918","53.3493795, -6.2605593","1032.73","2025-02-12 14:50:00","2025-02-12 20:45:00","","83","Wednesday","afternoon","long","standard","7622707592079538052"
"2024-11-21","2025-02-12","BOD","DUB","Dublin","https://www.kayak.fr/flights/BOD-DUB/2025-02-12?sort=price_a","13:55","22:00","545","140.0","False","BOD","DUB","N/A","N/A","LGW","160.0","easyJet","Ryanair","N/A","44.837789, -0.57918","53.3493795, -6.2605593","1032.73","2025-02-12 13:55:00","2025-02-12 22:00:00","385.0","83","Wednesday","afternoon","long","standard","6949468742520370153"
"2024-11-21","2025-02-12","BOD","DUB","Dublin","https://www.kayak.fr/flights/BOD-DUB/2025-02-12?sort=price_a","06:50","13:35","465","143.0","False","BOD","DUB","N/A","N/A","N/A","","easyJet","Aer Lingus","N/A","44.837789, -0.57918","53.3493795, -6.2605593","1032.73","2025-02-12 06:50:00","2025-02-12 13:35:00","","83","Wednesday","morning","long","standard","6388617926648889832"
"2024-11-21","2025-02-13","BOD","DUB","Dublin","https://www.kayak.fr/flights/BOD-DUB/2025-02-13?sort=price_a","12:24","19:15","471","83.0","False","BOD","DUB","N/A","N/A","N/A","","SNCF","Transavia","Économique","44.837789, -0.57918","53.3493795, -6.2605593","1032.73","2025-02-13 12:24:00","2025-02-13 19:15:00","","84","Thursday","afternoon","long","cheap","431889400084920684"
"2024-11-21","2025-02-13","BOD","DUB","Dublin","https://www.kayak.fr/flights/BOD-DUB/2025-02-13?sort=price_a","21:50","13:25+1","995","83.0","False","BOD","DUB","N/A","N/A","N/A","","SNCF","Transavia","Économique","44.837789, -0.57918","53.3493795, -6.2605593","1032.73","2025-02-13 21:50:00","2025-02-14 13:25:00","","84","Thursday","evening","long","cheap","5083640088133616432"
"2024-11-21","2025-02-13","BOD","DUB","Dublin","https://www.kayak.fr/flights/BOD-DUB/2025-02-13?sort=price_a","18:00","22:05","305","92.0","False","BOD","DUB","N/A","N/A","N/A","","SNCF","Transavia","Économique","44.837789, -0.57918","53.3493795, -6.2605593","1032.73","2025-02-13 18:00:00","2025-02-13 22:05:00","","84","Thursday","evening","moyen","cheap","2679948893594316199"
"2024-11-21","2025-02-13","BOD","DUB","Dublin","https://www.kayak.fr/flights/BOD-DUB/2025-02-13?sort=price_a","12:30","16:40","310","92.0","False","BOD","DUB","N/A","N/A","N/A","","SNCF","Transavia","N/A","44.837789, -0.57918","53.3493795, -6.2605593","1032.73","2025-02-13 12:30:00","2025-02-13 16:40:00","","84","Thursday","afternoon","moyen","cheap","2327353645853646714"
"2024-11-21","2025-02-13","BOD","DUB","Dublin","https://www.kayak.fr/flights/BOD-DUB/2025-02-13?sort=price_a","06:00","12:40","460","92.0","False","BOD","DUB","N/A","N/A","N/A","","KLM","N/A","N/A","44.837789, -0.57918","53.3493795, -6.2605593","1032.73","2025-02-13 06:00:00","2025-02-13 12:40:00","","84","Thursday","morning","long","cheap","8620484507524398965"
"2024-11-21","2025-02-13","BOD","DUB","Dublin","https://www.kayak.fr/flights/BOD-DUB/2025-02-13?sort=price_a","15:25","16:25","120","103.0","True","BOD","DUB","N/A","N/A","N/A","","SNCF","Transavia","N/A","44.837789, -0.57918","53.3493795, -6.2605593","1032.73","2025-02-13 15:25:00","2025-02-13 16:25:00","","84","Thursday","afternoon","court","cheap","130369580016012698"
"2024-11-21","2025-02-13","BOD","DUB","Dublin","https://www.kayak.fr/flights/BOD-DUB/2025-02-13?sort=price_a","06:50","11:45","355","104.0","False","BOD","DUB","N/A","N/A","N/A","","easyJet","Ryanair","N/A","44.837789, -0.57918","53.3493795, -6.2605593","1032.73","2025-02-13 06:50:00","2025-02-13 11:45:00","","84","Thursday","morning","moyen","cheap","1972174604581480753"
"2024-11-21","2025-02-13","BOD","DUB","Dublin","https://www.kayak.fr/flights/BOD-DUB/2025-02-13?sort=price_a","06:50","12:55","425","104.0","False","BOD","DUB","N/A","N/A","N/A","","easyJet","Ryanair","N/A","44.837789, -0.57918","53.3493795, -6.2605593","1032.73","2025-02-13 06:50:00","2025-02-13 12:55:00","","84","Thursday","morning","long","cheap","8111109563438763849"
"2024-11-21","2025-02-13","BOD","DUB","Dublin","https://www.kayak.fr/flights/BOD-DUB/2025-02-13?sort=price_a","06:50","14:50","540","105.0","False","BOD","DUB","N/A","N/A","N/A","","easyJet","Aer Lingus","Standard","44.837789, -0.57918","53.3493795, -6.2605593","1032.73","2025-02-13 06:50:00","2025-02-13 14:50:00","","84","Thursday","morning","long","cheap","414943621639925388"
"2024-11-21","2025-02-13","BOD","DUB","Dublin","https://www.kayak.fr/flights/BOD-DUB/2025-02-13?sort=price_a","09:05","16:10","485","110.0","False","BOD","DUB","N/A","N/A","N/A","","easyJet","Aer Lingus","Standard","44.837789, -0.57918","53.3493795, -6.2605593","1032.73","2025-02-13 09:05:00","2025-02-13 16:10:00","","84","Thursday","morning","long","cheap","5872954827740910923"
"2024-11-21","2025-02-13","BOD","DUB","Dublin","https://www.kayak.fr/flights/BOD-DUB/2025-02-13?sort=price_a","13:35","21:40","545","110.0","False","BOD","DUB","N/A","N/A","N/A","","easyJet","Aer Lingus","Standard","44.837789, -0.57918","53.3493795, -6.2605593","1032.73","2025-02-13 13:35:00","2025-02-13 21:40:00","","84","Thursday","afternoon","long","cheap","4678226384897781684"
"2024-11-21","2025-02-13","BOD","DUB","Dublin","https://www.kayak.fr/flights/BOD-DUB/2025-02-13?sort=price_a","18:30","22:50","320","111.0","False","BOD","DUB","N/A","N/A","N/A","","easyJet","Aer Lingus","N/A","44.837789, -0.57918","53.3493795, -6.2605593","1032.73","2025-02-13 18:30:00","2025-02-13 22:50:00","","84","Thursday","evening","moyen","cheap","347807857566719479"
"2024-11-21","2025-02-13","BOD","DUB","Dublin","https://www.kayak.fr/flights/BOD-DUB/2025-02-13?sort=price_a","13:35","20:15","460","114.0","False","BOD","DUB","N/A","N/A","N/A","","Vueling","Ryanair","N/A","44.837789, -0.57918","53.3493795, -6.2605593","1032.73","2025-02-13 13:35:00","2025-02-13 20:15:00","","84","Thursday","afternoon","long","standard","5676174395136779434"
"2024-11-21","2025-02-13","BOD","DUB","Dublin","https://www.kayak.fr/flights/BOD-DUB/2025-02-13?sort=price_a","17:55","22:10","315","120.0","False","BOD","DUB","N/A","N/A","N/A","","easyJet","Aer Lingus","N/A","44.837789, -0.57918","53.3493795, -6.2605593","1032.73","2025-02-13 17:55:00","2025-02-13 22:10:00","","84","Thursday","evening","moyen","standard","6611681338041935315"
"2024-11-21","2025-02-13","BOD","DUB","Dublin","https://www.kayak.fr/flights/BOD-DUB/2025-02-13?sort=price_a","09:25","16:35","490","123.0","False","BOD","DUB","N/A","N/A","N/A","","easyJet","Jet2","N/A","44.837789, -0.57918","53.3493795, -6.2605593","1032.73","2025-02-13 09:25:00","2025-02-13 16:35:00","","84","Thursday","morning","long","standard","8882491106511524108"
"2024-11-21","2025-02-14","BOD","DUB","Dublin","https://www.kayak.fr/flights/BOD-DUB/2025-02-14?sort=price_a","15:25","16:25","120","82.0","True","BOD","DUB","N/A","N/A","N/A","","Aer Lingus","N/A","Saver","44.837789, -0.57918","53.3493795, -6.2605593","1032.73","2025-02-14 15:25:00","2025-02-14 16:25:00","","85","Friday","afternoon","court","cheap","883135650395624581"
"2024-11-21","2025-02-14","BOD","DUB","Dublin","https://www.kayak.fr/flights/BOD-DUB/2025-02-14?sort=price_a","12:30","16:40","310","91.0","False","BOD","DUB","N/A","N/A","N/A","","Aer Lingus","N/A","Saver","44.837789, -0.57918","53.3493795, -6.2605593","1032.73","2025-02-14 12:30:00","2025-02-14 16:40:00","","85","Friday","afternoon","moyen","cheap","4557098016295977917"
"2024-11-21","2025-02-14","BOD","DUB","Dublin","https://www.kayak.fr/flights/BOD-DUB/2025-02-14?sort=price_a","06:00","12:40","460","92.0","False","BOD","DUB","N/A","N/A","N/A","","Aer Lingus","N/A","Saver","44.837789, -0.57918","53.3493795, -6.2605593","1032.73","2025-02-14 06:00:00","2025-02-14 12:40:00","","85","Friday","morning","long","cheap","3579313562776749470"
"2024-11-21","2025-02-14","BOD","DUB","Dublin","https://www.kayak.fr/flights/BOD-DUB/2025-02-14?sort=price_a","18:25","22:50","325","111.0","False","BOD","DUB","N/A","N/A","N/A","","Aer Lingus","N/A","N/A","44.837789, -0.57918","53.3493795, -6.2605593","1032.73","2025-02-14 18:25:00","2025-02-14 22:50:00","","85","Friday","evening","moyen","cheap","690885650008877124"
"2024-11-21","2025-02-14","BOD","DUB","Dublin","https://www.kayak.fr/flights/BOD-DUB/2025-02-14?sort=price_a","17:25","22:15","350","115.0","False","BOD","DUB","N/A","N/A","N/A","","easyJet","Ryanair","N/A","44.837789, -0.57918","53.3493795, -6.2605593","1032.73","2025-02-14 17:25:00","2025-02-14 22:15:00","","85","Friday","evening","moyen","standard","4436047267192216121"
"2024-11-21","2025-02-14","BOD","DUB","Dublin","https://www.kayak.fr/flights/BOD-DUB/2025-02-14?sort=price_a","06:50","14:05","495","117.0","False","BOD","DUB","N/A","N/A","N/A","","Aer Lingus","N/A","N/A","44.837789, -0.57918","53.3493795, -6.2605593","1032.73","2025-02-14 06:50:00","2025-02-14 14:05:00","","85","Friday","morning","long","standard","2377656324665030843"
"2024-11-21","2025-02-14","BOD","DUB","Dublin","https://www.kayak.fr/flights/BOD-DUB/2025-02-14?sort=price_a","06:50","15:05","555","117.0","False","BOD","DUB","N/A","N/A","N/A","","easyJet","Ryanair","N/A","44.837789, -0.57918","53.3493795, -6.2605593","1032.73","2025-02-14 06:50:00","2025-02-14 15:05:00","","85","Friday","morning","long","standard","6695852214935277988"
"2024-11-21","2025-02-14","BOD","DUB","Dublin","https://www.kayak.fr/flights/BOD-DUB/2025-02-14?sort=price_a","14:45","18:30","285","125.0","False","BOD","DUB","N/A","N/A","N/A","","easyJet","Ryanair","N/A","44.837789, -0.57918","53.3493795, -6.2605593","1032.73","2025-02-14 14:45:00","2025-02-14 18:30:00","","85","Friday","afternoon","moyen","standard","5977696706948950962"
"2024-11-21","2025-02-14","BOD","DUB","Dublin","https://www.kayak.fr/flights/BOD-DUB/2025-02-14?sort=price_a","18:05","22:05","300","125.0","False","BOD","DUB","N/A","N/A","AMS","100.0","KLM","N/A","Light","44.837789, -0.57918","53.3493795, -6.2605593","1032.73","2025-02-14 18:05:00","2025-02-14 22:05:00","200.0","85","Friday","evening","moyen","standard","1269269018126751984"
"2024-11-21","2025-02-14","BOD","DUB","Dublin","https://www.kayak.fr/flights/BOD-DUB/2025-02-14?sort=price_a","06:50","11:00","310","126.0","False","BOD","DUB","N/A","N/A","AMS","100.0","KLM","N/A","Light","44.837789, -0.57918","53.3493795, -6.2605593","1032.73","2025-02-14 06:50:00","2025-02-14 11:00:00","210.0","85","Friday","morning","moyen","standard","8544585212481316344"
"2024-11-21","2025-02-14","BOD","DUB","Dublin","https://www.kayak.fr/flights/BOD-DUB/2025-02-14?sort=price_a","13:35","20:05","450","126.0","False","BOD","DUB","N/A","N/A","AMS","100.0","KLM","N/A","Light","44.837789, -0.57918","53.3493795, -6.2605593","1032.73","2025-02-14 13:35:00","2025-02-14 20:05:00","350.0","85","Friday","afternoon","long","standard","6274328018471163064"
"2024-11-21","2025-02-14","BOD","DUB","Dublin","https://www.kayak.fr/flights/BOD-DUB/2025-02-14?sort=price_a","06:50","10:20","270","130.0","False","BOD","DUB","N/A","N/A","AMS","100.0","KLM","N/A","N/A","44.837789, -0.57918","53.3493795, -6.2605593","1032.73","2025-02-14 06:50:00","2025-02-14 10:20:00","170.0","85","Friday","morning","moyen","standard","2784848241087811513"
"2024-11-21","2025-02-14","BOD","DUB","Dublin","https://www.kayak.fr/flights/BOD-DUB/2025-02-14?sort=price_a","17:25","23:20","415","134.0","False","BOD","DUB","N/A","N/A","N/A","","easyJet","TAP AIR PORTUGAL","N/A","44.837789, -0.57918","53.3493795, -6.2605593","1032.73","2025-02-14 17:25:00","2025-02-14 23:20:00","","85","Friday","evening","long","standard","5028812599562980485"
"2024-11-21","2025-02-14","BOD","DUB","Dublin","https://www.kayak.fr/flights/BOD-DUB/2025-02-14?sort=price_a","13:00","20:10","490","138.0","False","BOD","DUB","N/A","N/A","AMS","100.0","KLM","N/A","N/A","44.837789, -0.57918","53.3493795, -6.2605593","1032.73","2025-02-14 13:00:00","2025-02-14 20:10:00","390.0","85","Friday","afternoon","long","standard","268699497404990160"
"2024-11-21","2025-02-14","BOD","DUB","Dublin","https://www.kayak.fr/flights/BOD-DUB/2025-02-14?sort=price_a","06:50","14:40","530","140.0","False","BOD","DUB","N/A","N/A","N/A","","easyJet","Ryanair","N/A","44.837789, -0.57918","53.3493795, -6.2605593","1032.73","2025-02-14 06:50:00","2025-02-14 14:40:00","","85","Friday","morning","long","standard","53194088742479886"
"2024-11-21","2025-02-15","BOD","DUB","Dublin","https://www.kayak.fr/flights/BOD-DUB/2025-02-15?sort=price_a","12:30","16:40","310","92.0","False","BOD","DUB","N/A","N/A","AMS","100.0","KLM","N/A","Light","44.837789, -0.57918","53.3493795, -6.2605593","1032.73","2025-02-15 12:30:00","2025-02-15 16:40:00","210.0","86","Saturday","afternoon","moyen","cheap","2775346388513149540"
"2024-11-21","2025-02-15","BOD","DUB","Dublin","https://www.kayak.fr/flights/BOD-DUB/2025-02-15?sort=price_a","12:30","22:05","635","92.0","False","BOD","DUB","N/A","N/A","AMS","100.0","KLM","N/A","Light","44.837789, -0.57918","53.3493795, -6.2605593","1032.73","2025-02-15 12:30:00","2025-02-15 22:05:00","535.0","86","Saturday","afternoon","long","cheap","1910526656416600692"
"2024-11-21","2025-02-15","BOD","DUB","Dublin","https://www.kayak.fr/flights/BOD-DUB/2025-02-15?sort=price_a","06:00","16:40","700","92.0","False","BOD","DUB","N/A","N/A","AMS","100.0","KLM","N/A","Light","44.837789, -0.57918","53.3493795, -6.2605593","1032.73","2025-02-15 06:00:00","2025-02-15 16:40:00","600.0","86","Saturday","morning","long","cheap","3113775516396690000"
"2024-11-21","2025-02-15","BOD","DUB","Dublin","https://www.kayak.fr/flights/BOD-DUB/2025-02-15?sort=price_a","06:00","22:05","1025","93.0","False","BOD","DUB","N/A","N/A","AMS","100.0","KLM","N/A","N/A","44.837789, -0.57918","53.3493795, -6.2605593","1032.73","2025-02-15 06:00:00","2025-02-15 22:05:00","925.0","86","Saturday","morning","long","cheap","8103890435982412518"
"2024-11-21","2025-02-15","BOD","DUB","Dublin","https://www.kayak.fr/flights/BOD-DUB/2025-02-15?sort=price_a","16:50","00:25+1","515","98.0","False","BOD","DUB","N/A","N/A","N/A","","easyJet","Ryanair","N/A","44.837789, -0.57918","53.3493795, -6.2605593","1032.73","2025-02-15 16:50:00","2025-02-16 00:25:00","","86","Saturday","afternoon","long","cheap","617188129261735287"
"2024-11-21","2025-02-15","BOD","DUB","Dublin","https://www.kayak.fr/flights/BOD-DUB/2025-02-15?sort=price_a","07:00","23:50","1070","99.0","False","BOD","DUB","N/A","N/A","AMS","100.0","KLM","N/A","N/A","44.837789, -0.57918","53.3493795, -6.2605593","1032.73","2025-02-15 07:00:00","2025-02-15 23:50:00","970.0","86","Saturday","morning","long","cheap","835073014334647875"
"2024-11-21","2025-02-15","BOD","DUB","Dublin","https://www.kayak.fr/flights/BOD-DUB/2025-02-15?sort=price_a","10:10","23:50","880","104.0","False","BOD","DUB","N/A","N/A","N/A","","British Airways","Ryanair","N/A","44.837789, -0.57918","53.3493795, -6.2605593","1032.73","2025-02-15 10:10:00","2025-02-15 23:50:00","","86","Saturday","morning","long","cheap","6841210414718656669"
"2024-11-21","2025-02-15","BOD","DUB","Dublin","https://www.kayak.fr/flights/BOD-DUB/2025-02-15?sort=price_a","07:00","21:50","950","110.0","False","BOD","DUB","N/A","N/A","N/A","","easyJet","Ryanair","N/A","44.837789, -0.57918","53.3493795, -6.2605593","1032.73","2025-02-15 07:00:00","2025-02-15 21:50:00","","86","Saturday","morning","long","cheap","9057108243157914018"
"2024-11-21","2025-02-15","BOD","DUB","Dublin","https://www.kayak.fr/flights/BOD-DUB/2025-02-15?sort=price_a","16:50","23:20","450","112.0","False","BOD","DUB","N/A","N/A","AMS","430.0","KLM","N/A","Light","44.837789, -0.57918","53.3493795, -6.2605593","1032.73","2025-02-15 16:50:00","2025-02-15 23:20:00","20.0","86","Saturday","afternoon","long","standard","9144985148654968268"
"2024-11-21","2025-02-15","BOD","DUB","Dublin","https://www.kayak.fr/flights/BOD-DUB/2025-02-15?sort=price_a","07:00","19:20","800","113.0","False","BOD","DUB","N/A","N/A","AMS","430.0","KLM","N/A","Light","44.837789, -0.57918","53.3493795, -6.2605593","1032.73","2025-02-15 07:00:00","2025-02-15 19:20:00","370.0","86","Saturday","morning","long","standard","7542584514424678683"
"2024-11-21","2025-02-15","BOD","DUB","Dublin","https://www.kayak.fr/flights/BOD-DUB/2025-02-15?sort=price_a","10:10","21:50","760","115.0","False","BOD","DUB","N/A","N/A","AMS","430.0","KLM","N/A","Light","44.837789, -0.57918","53.3493795, -6.2605593","1032.73","2025-02-15 10:10:00","2025-02-15 21:50:00","330.0","86","Saturday","morning","long","standard","2150352124103964339"
"2024-11-21","2025-02-15","BOD","DUB","Dublin","https://www.kayak.fr/flights/BOD-DUB/2025-02-15?sort=price_a","10:10","19:20","610","118.0","False","BOD","DUB","N/A","N/A","AMS","430.0","KLM","N/A","N/A","44.837789, -0.57918","53.3493795, -6.2605593","1032.73","2025-02-15 10:10:00","2025-02-15 19:20:00","180.0","86","Saturday","morning","long","standard","2234574894698524873"
"2024-11-21","2025-02-15","BOD","DUB","Dublin","https://www.kayak.fr/flights/BOD-DUB/2025-02-15?sort=price_a","10:10","22:50","820","118.0","False","BOD","DUB","N/A","N/A","N/A","","British Airways","Ryanair","N/A","44.837789, -0.57918","53.3493795, -6.2605593","1032.73","2025-02-15 10:10:00","2025-02-15 22:50:00","","86","Saturday","morning","long","standard","5196645488500694077"
"2024-11-21","2025-02-15","BOD","DUB","Dublin","https://www.kayak.fr/flights/BOD-DUB/2025-02-15?sort=price_a","07:00","18:25","745","121.0","False","BOD","DUB","N/A","N/A","AMS","430.0","KLM","N/A","N/A","44.837789, -0.57918","53.3493795, -6.2605593","1032.73","2025-02-15 07:00:00","2025-02-15 18:25:00","315.0","86","Saturday","morning","long","standard","3525728369762101637"
"2024-11-21","2025-02-15","BOD","DUB","Dublin","https://www.kayak.fr/flights/BOD-DUB/2025-02-15?sort=price_a","10:10","21:55","765","121.0","False","BOD","DUB","N/A","N/A","N/A","","British Airways","Ryanair","N/A","44.837789, -0.57918","53.3493795, -6.2605593","1032.73","2025-02-15 10:10:00","2025-02-15 21:55:00","","86","Saturday","morning","long","standard","6237134966672158264"
"2024-11-21","2025-02-16","BOD","DUB","Dublin","https://www.kayak.fr/flights/BOD-DUB/2025-02-16?sort=price_a","18:05","22:05","300","92.0","False","BOD","DUB","N/A","N/A","AMS","90.0","KLM","N/A","Light","44.837789, -0.57918","53.3493795, -6.2605593","1032.73","2025-02-16 18:05:00","2025-02-16 22:05:00","210.0","87","Sunday","evening","moyen","cheap","6413243072454239881"
"2024-11-21","2025-02-16","BOD","DUB","Dublin","https://www.kayak.fr/flights/BOD-DUB/2025-02-16?sort=price_a","06:00","12:40","460","92.0","False","BOD","DUB","N/A","N/A","AMS","90.0","KLM","N/A","Light","44.837789, -0.57918","53.3493795, -6.2605593","1032.73","2025-02-16 06:00:00","2025-02-16 12:40:00","370.0","87","Sunday","morning","long","cheap","8134953406569352854"
"2024-11-21","2025-02-16","BOD","DUB","Dublin","https://www.kayak.fr/flights/BOD-DUB/2025-02-16?sort=price_a","12:30","16:40","310","114.0","False","BOD","DUB","N/A","N/A","AMS","90.0","KLM","N/A","Light","44.837789, -0.57918","53.3493795, -6.2605593","1032.73","2025-02-16 12:30:00","2025-02-16 16:40:00","220.0","87","Sunday","afternoon","moyen","standard","8296084194252074541"
"2024-11-21","2025-02-16","BOD","DUB","Dublin","https://www.kayak.fr/flights/BOD-DUB/2025-02-16?sort=price_a","18:15","22:55","340","128.0","False","BOD","DUB","N/A","N/A","AMS","90.0","KLM","N/A","N/A","44.837789, -0.57918","53.3493795, -6.2605593","1032.73","2025-02-16 18:15:00","2025-02-16 22:55:00","250.0","87","Sunday","evening","moyen","standard","1470297872174898183"
"2024-11-21","2025-02-16","BOD","DUB","Dublin","https://www.kayak.fr/flights/BOD-DUB/2025-02-16?sort=price_a","17:50","23:30","400","129.0","False","BOD","DUB","N/A","N/A","N/A","","easyJet","Ryanair","N/A","44.837789, -0.57918","53.3493795, -6.2605593","1032.73","2025-02-16 17:50:00","2025-02-16 23:30:00","","87","Sunday","evening","long","standard","2502354250747130745"
"2024-11-21","2025-02-16","BOD","DUB","Dublin","https://www.kayak.fr/flights/BOD-DUB/2025-02-16?sort=price_a","09:55","17:50","535","129.0","False","BOD","DUB","N/A","N/A","AMS","90.0","KLM","N/A","N/A","44.837789, -0.57918","53.3493795, -6.2605593","1032.73","2025-02-16 09:55:00","2025-02-16 17:50:00","445.0","87","Sunday","morning","long","standard","1112149726183827588"
"2024-11-21","2025-02-16","BOD","DUB","Dublin","https://www.kayak.fr/flights/BOD-DUB/2025-02-16?sort=price_a","09:55","17:45","530","133.0","False","BOD","DUB","N/A","N/A","N/A","","Vueling","Ryanair","N/A","44.837789, -0.57918","53.3493795, -6.2605593","1032.73","2025-02-16 09:55:00","2025-02-16 17:45:00","","87","Sunday","morning","long","standard","4581781663407545619"
"2024-11-21","2025-02-16","BOD","DUB","Dublin","https://www.kayak.fr/flights/BOD-DUB/2025-02-16?sort=price_a","14:20","21:00","460","135.0","False","BOD","DUB","N/A","N/A","N/A","","easyJet","Ryanair","N/A","44.837789, -0.57918","53.3493795, -6.2605593","1032.73","2025-02-16 14:20:00","2025-02-16 21:00:00","","87","Sunday","afternoon","long","standard","5089198930232200211"
"2024-11-21","2025-02-16","BOD","DUB","Dublin","https://www.kayak.fr/flights/BOD-DUB/2025-02-16?sort=price_a","08:10","15:00","470","135.0","False","BOD","DUB","N/A","N/A","AMS","255.0","KLM","N/A","Light","44.837789, -0.57918","53.3493795, -6.2605593","1032.73","2025-02-16 08:10:00","2025-02-16 15:00:00","215.0","87","Sunday","morning","long","standard","9156794281599879871"
"2024-11-21","2025-02-16","BOD","DUB","Dublin","https://www.kayak.fr/flights/BOD-DUB/2025-02-16?sort=price_a","18:30","22:40","310","151.0","False","BOD","DUB","N/A","N/A","AMS","255.0","KLM","N/A","Light","44.837789, -0.57918","53.3493795, -6.2605593","1032.73","2025-02-16 18:30:00","2025-02-16 22:40:00","55.0","87","Sunday","evening","moyen","standard","6143197742538854947"
"2024-11-21","2025-02-16","BOD","DUB","Dublin","https://www.kayak.fr/flights/BOD-DUB/2025-02-16?sort=price_a","14:10","20:15","425","155.0","False","BOD","DUB","N/A","N/A","AMS","255.0","KLM","N/A","Light","44.837789, -0.57918","53.3493795, -6.2605593","1032.73","2025-02-16 14:10:00","2025-02-16 20:15:00","170.0","87","Sunday","afternoon","long","high","331028226464873032"
"2024-11-21","2025-02-16","BOD","DUB","Dublin","https://www.kayak.fr/flights/BOD-DUB/2025-02-16?sort=price_a","18:00","23:59","419","157.0","False","BOD","DUB","N/A","N/A","AMS","255.0","KLM","N/A","N/A","44.837789, -0.57918","53.3493795, -6.2605593","1032.73","2025-02-16 18:00:00","2025-02-16 23:59:00","164.0","87","Sunday","evening","long","high","7412721515385578929"
"2024-11-21","2025-02-16","BOD","DUB","Dublin","https://www.kayak.fr/flights/BOD-DUB/2025-02-16?sort=price_a","12:30","20:20","530","157.0","False","BOD","DUB","N/A","N/A","N/A","","easyJet","Ryanair","N/A","44.837789, -0.57918","53.3493795, -6.2605593","1032.73","2025-02-16 12:30:00","2025-02-16 20:20:00","","87","Sunday","afternoon","long","high","6501494689747519844"
"2024-11-21","2025-02-16","BOD","DUB","Dublin","https://www.kayak.fr/flights/BOD-DUB/2025-02-16?sort=price_a","15:25","16:25","120","163.0","True","BOD","DUB","N/A","N/A","N/A","","KLM","N/A","N/A","44.837789, -0.57918","53.3493795, -6.2605593","1032.73","2025-02-16 15:25:00","2025-02-16 16:25:00","","87","Sunday","afternoon","court","high","4957539068897776820"
"2024-11-21","2025-02-16","BOD","DUB","Dublin","https://www.kayak.fr/flights/BOD-DUB/2025-02-16?sort=price_a","12:30","17:10","340","165.0","False","BOD","DUB","N/A","N/A","N/A","","easyJet","Ryanair","N/A","44.837789, -0.57918","53.3493795, -6.2605593","1032.73","2025-02-16 12:30:00","2025-02-16 17:10:00","","87","Sunday","afternoon","moyen","high","7783703529369684229"
"2024-11-21","2025-02-17","BOD","DUB","Dublin","https://www.kayak.fr/flights/BOD-DUB/2025-02-17?sort=price_a","15:25","16:25","120","49.0","True","BOD","DUB","N/A","N/A","N/A","","Aer Lingus","N/A","Saver","44.837789, -0.57918","53.3493795, -6.2605593","1032.73","2025-02-17 15:25:00","2025-02-17 16:25:00","","88","Monday","afternoon","court","cheap","1679919914067840177"
"2024-11-21","2025-02-17","BOD","DUB","Dublin","https://www.kayak.fr/flights/BOD-DUB/2025-02-17?sort=price_a","18:10","00:20+1","430","89.0","False","BOD","DUB","N/A","N/A","N/A","","Aer Lingus","N/A","Saver","44.837789, -0.57918","53.3493795, -6.2605593","1032.73","2025-02-17 18:10:00","2025-02-18 00:20:00","","88","Monday","evening","long","cheap","7652204607811999074"
"2024-11-21","2025-02-17","BOD","DUB","Dublin","https://www.kayak.fr/flights/BOD-DUB/2025-02-17?sort=price_a","18:00","22:05","305","91.0","False","BOD","DUB","N/A","N/A","N/A","","Aer Lingus","N/A","Saver","44.837789, -0.57918","53.3493795, -6.2605593","1032.73","2025-02-17 18:00:00","2025-02-17 22:05:00","","88","Monday","evening","moyen","cheap","1161292255249496643"
"2024-11-21","2025-02-17","BOD","DUB","Dublin","https://www.kayak.fr/flights/BOD-DUB/2025-02-17?sort=price_a","12:30","16:40","310","92.0","False","BOD","DUB","N/A","N/A","N/A","","Aer Lingus","N/A","N/A","44.837789, -0.57918","53.3493795, -6.2605593","1032.73","2025-02-17 12:30:00","2025-02-17 16:40:00","","88","Monday","afternoon","moyen","cheap","3838624552200313840"
"2024-11-21","2025-02-17","BOD","DUB","Dublin","https://www.kayak.fr/flights/BOD-DUB/2025-02-17?sort=price_a","18:10","21:45","275","95.0","False","BOD","DUB","N/A","N/A","N/A","","easyJet","Ryanair","N/A","44.837789, -0.57918","53.3493795, -6.2605593","1032.73","2025-02-17 18:10:00","2025-02-17 21:45:00","","88","Monday","evening","moyen","cheap","1798131910443244854"
"2024-11-21","2025-02-17","BOD","DUB","Dublin","https://www.kayak.fr/flights/BOD-DUB/2025-02-17?sort=price_a","12:24","19:15","471","98.0","False","BOD","DUB","N/A","N/A","N/A","","Aer Lingus","N/A","N/A","44.837789, -0.57918","53.3493795, -6.2605593","1032.73","2025-02-17 12:24:00","2025-02-17 19:15:00","","88","Monday","afternoon","long","cheap","4895096202638728421"
"2024-11-21","2025-02-17","BOD","DUB","Dublin","https://www.kayak.fr/flights/BOD-DUB/2025-02-17?sort=price_a","18:10","22:50","340","100.0","False","BOD","DUB","N/A","N/A","N/A","","easyJet","Ryanair","N/A","44.837789, -0.57918","53.3493795, -6.2605593","1032.73","2025-02-17 18:10:00","2025-02-17 22:50:00","","88","Monday","evening","moyen","cheap","2194592398947559157"
"2024-11-21","2025-02-17","BOD","DUB","Dublin","https://www.kayak.fr/flights/BOD-DUB/2025-02-17?sort=price_a","06:50","15:05","555","101.0","False","BOD","DUB","N/A","N/A","N/A","","easyJet","Ryanair","N/A","44.837789, -0.57918","53.3493795, -6.2605593","1032.73","2025-02-17 06:50:00","2025-02-17 15:05:00","","88","Monday","morning","long","cheap","7213105524278135976"
"2024-11-21","2025-02-17","BOD","DUB","Dublin","https://www.kayak.fr/flights/BOD-DUB/2025-02-17?sort=price_a","06:50","13:00","430","106.0","False","BOD","DUB","N/A","N/A","N/A","","easyJet","Ryanair","Standard","44.837789, -0.57918","53.3493795, -6.2605593","1032.73","2025-02-17 06:50:00","2025-02-17 13:00:00","","88","Monday","morning","long","cheap","830838608770170611"
"2024-11-21","2025-02-17","BOD","DUB","Dublin","https://www.kayak.fr/flights/BOD-DUB/2025-02-17?sort=price_a","06:50","15:05","555","107.0","False","BOD","DUB","N/A","N/A","N/A","","easyJet","Ryanair","Standard","44.837789, -0.57918","53.3493795, -6.2605593","1032.73","2025-02-17 06:50:00","2025-02-17 15:05:00","","88","Monday","morning","long","cheap","7213105524278135976"
"2024-11-21","2025-02-17","BOD","DUB","Dublin","https://www.kayak.fr/flights/BOD-DUB/2025-02-17?sort=price_a","18:25","22:40","315","111.0","False","BOD","DUB","N/A","N/A","N/A","","easyJet","Ryanair","Standard","44.837789, -0.57918","53.3493795, -6.2605593","1032.73","2025-02-17 18:25:00","2025-02-17 22:40:00","","88","Monday","evening","moyen","cheap","8379854624299164934"
"2024-11-21","2025-02-17","BOD","DUB","Dublin","https://www.kayak.fr/flights/BOD-DUB/2025-02-17?sort=price_a","06:50","11:00","310","114.0","False","BOD","DUB","N/A","N/A","N/A","","easyJet","Ryanair","N/A","44.837789, -0.57918","53.3493795, -6.2605593","1032.73","2025-02-17 06:50:00","2025-02-17 11:00:00","","88","Monday","morning","moyen","standard","477524657740382746"
"2024-11-21","2025-02-17","BOD","DUB","Dublin","https://www.kayak.fr/flights/BOD-DUB/2025-02-17?sort=price_a","06:50","14:35","525","114.0","False","BOD","DUB","N/A","N/A","N/A","","easyJet","Ryanair","N/A","44.837789, -0.57918","53.3493795, -6.2605593","1032.73","2025-02-17 06:50:00","2025-02-17 14:35:00","","88","Monday","morning","long","standard","4468118269470464253"
"2024-11-21","2025-02-17","BOD","DUB","Dublin","https://www.kayak.fr/flights/BOD-DUB/2025-02-17?sort=price_a","06:50","10:20","270","118.0","False","BOD","DUB","N/A","N/A","N/A","","easyJet","Ryanair","N/A","44.837789, -0.57918","53.3493795, -6.2605593","1032.73","2025-02-17 06:50:00","2025-02-17 10:20:00","","88","Monday","morning","moyen","standard","3587935647453581355"
"2024-11-21","2025-02-17","BOD","DUB","Dublin","https://www.kayak.fr/flights/BOD-DUB/2025-02-17?sort=price_a","10:40","18:20","520","124.0","False","BOD","DUB","N/A","N/A","N/A","","easyJet","Ryanair","N/A","44.837789, -0.57918","53.3493795, -6.2605593","1032.73","2025-02-17 10:40:00","2025-02-17 18:20:00","","88","Monday","morning","long","standard","3085516270567516289"
"2024-11-21","2025-02-18","BOD","DUB","Dublin","https://www.kayak.fr/flights/BOD-DUB/2025-02-18?sort=price_a","19:50","10:30+1","940","58.0","False","BOD","DUB","N/A","N/A","BCN","700.0","Vueling","N/A","Économique","44.837789, -0.57918","53.3493795, -6.2605593","1032.73","2025-02-18 19:50:00","2025-02-19 10:30:00","240.0","89","Tuesday","evening","long","cheap","4890762313783254075"
"2024-11-21","2025-02-18","BOD","DUB","Dublin","https://www.kayak.fr/flights/BOD-DUB/2025-02-18?sort=price_a","19:50","07:30+1","760","76.0","False","BOD","DUB","N/A","N/A","BCN","700.0","Vueling","N/A","Économique","44.837789, -0.57918","53.3493795, -6.2605593","1032.73","2025-02-18 19:50:00","2025-02-19 07:30:00","60.0","89","Tuesday","evening","long","cheap","6725962250846791852"
"2024-11-21","2025-02-18","BOD","DUB","Dublin","https://www.kayak.fr/flights/BOD-DUB/2025-02-18?sort=price_a","18:00","22:05","305","86.0","False","BOD","DUB","N/A","N/A","BCN","700.0","Vueling","N/A","Économique","44.837789, -0.57918","53.3493795, -6.2605593","1032.73","2025-02-18 18:00:00","2025-02-18 22:05:00","","89","Tuesday","evening","moyen","cheap","2484736011797297692"
"2024-11-21","2025-02-18","BOD","DUB","Dublin","https://www.kayak.fr/flights/BOD-DUB/2025-02-18?sort=price_a","12:30","16:40","310","86.0","False","BOD","DUB","N/A","N/A","BCN","700.0","Vueling","N/A","N/A","44.837789, -0.57918","53.3493795, -6.2605593","1032.73","2025-02-18 12:30:00","2025-02-18 16:40:00","","89","Tuesday","afternoon","moyen","cheap","5140219780270108631"
"2024-11-21","2025-02-18","BOD","DUB","Dublin","https://www.kayak.fr/flights/BOD-DUB/2025-02-18?sort=price_a","12:30","22:05","635","86.0","False","BOD","DUB","N/A","N/A","N/A","","KLM","N/A","N/A","44.837789, -0.57918","53.3493795, -6.2605593","1032.73","2025-02-18 12:30:00","2025-02-18 22:05:00","","89","Tuesday","afternoon","long","cheap","926636596778209570"
"2024-11-21","2025-02-18","BOD","DUB","Dublin","https://www.kayak.fr/flights/BOD-DUB/2025-02-18?sort=price_a","17:20","23:45","445","92.0","False","BOD","DUB","N/A","N/A","BCN","700.0","Vueling","N/A","N/A","44.837789, -0.57918","53.3493795, -6.2605593","1032.73","2025-02-18 17:20:00","2025-02-18 23:45:00","","89","Tuesday","evening","long","cheap","5738982358586669167"
"2024-11-21","2025-02-18","BOD","DUB","Dublin","https://www.kayak.fr/flights/BOD-DUB/2025-02-18?sort=price_a","18:00","08:05+1","905","93.0","False","BOD","DUB","N/A","N/A","N/A","","KLM","N/A","N/A","44.837789, -0.57918","53.3493795, -6.2605593","1032.73","2025-02-18 18:00:00","2025-02-19 08:05:00","","89","Tuesday","evening","long","cheap","2007530485921207135"
"2024-11-21","2025-02-18","BOD","DUB","Dublin","https://www.kayak.fr/flights/BOD-DUB/2025-02-18?sort=price_a","09:05","16:10","485","106.0","False","BOD","DUB","N/A","N/A","N/A","","easyJet","Aer Lingus","N/A","44.837789, -0.57918","53.3493795, -6.2605593","1032.73","2025-02-18 09:05:00","2025-02-18 16:10:00","","89","Tuesday","morning","long","cheap","3733525047214389918"
"2024-11-21","2025-02-18","BOD","DUB","Dublin","https://www.kayak.fr/flights/BOD-DUB/2025-02-18?sort=price_a","17:20","07:50+1","930","108.0","False","BOD","DUB","N/A","N/A","BCN","525.0","Vueling","Ryanair","Économique","44.837789, -0.57918","53.3493795, -6.2605593","1032.73","2025-02-18 17:20:00","2025-02-19 07:50:00","405.0","89","Tuesday","evening","long","cheap","100178609763578485"
"2024-11-21","2025-02-18","BOD","DUB","Dublin","https://www.kayak.fr/flights/BOD-DUB/2025-02-18?sort=price_a","17:20","08:05+1","945","108.0","False","BOD","DUB","N/A","N/A","BCN","525.0","Vueling","Ryanair","Économique","44.837789, -0.57918","53.3493795, -6.2605593","1032.73","2025-02-18 17:20:00","2025-02-19 08:05:00","420.0","89","Tuesday","evening","long","cheap","2017300810796161683"
"2024-11-21","2025-02-18","BOD","DUB","Dublin","https://www.kayak.fr/flights/BOD-DUB/2025-02-18?sort=price_a","12:30","22:25","655","109.0","False","BOD","DUB","N/A","N/A","BCN","525.0","Vueling","Ryanair","Économique","44.837789, -0.57918","53.3493795, -6.2605593","1032.73","2025-02-18 12:30:00","2025-02-18 22:25:00","130.0","89","Tuesday","afternoon","long","cheap","1785250696035077610"
"2024-11-21","2025-02-18","BOD","DUB","Dublin","https://www.kayak.fr/flights/BOD-DUB/2025-02-18?sort=price_a","06:00","12:40","460","111.0","False","BOD","DUB","N/A","N/A","BCN","525.0","Vueling","Ryanair","N/A","44.837789, -0.57918","53.3493795, -6.2605593","1032.73","2025-02-18 06:00:00","2025-02-18 12:40:00","","89","Tuesday","morning","long","cheap","1170243493944689104"
"2024-11-21","2025-02-18","BOD","DUB","Dublin","https://www.kayak.fr/flights/BOD-DUB/2025-02-18?sort=price_a","06:00","16:40","700","111.0","False","BOD","DUB","N/A","N/A","N/A","","KLM","N/A","N/A","44.837789, -0.57918","53.3493795, -6.2605593","1032.73","2025-02-18 06:00:00","2025-02-18 16:40:00","","89","Tuesday","morning","long","cheap","1614881243108454058"
"2024-11-21","2025-02-18","BOD","DUB","Dublin","https://www.kayak.fr/flights/BOD-DUB/2025-02-18?sort=price_a","20:10","08:05+1","775","111.0","False","BOD","DUB","N/A","N/A","BCN","525.0","Vueling","Ryanair","N/A","44.837789, -0.57918","53.3493795, -6.2605593","1032.73","2025-02-18 20:10:00","2025-02-19 08:05:00","250.0","89","Tuesday","evening","long","cheap","9059925215993496354"
"2024-11-21","2025-02-18","BOD","DUB","Dublin","https://www.kayak.fr/flights/BOD-DUB/2025-02-18?sort=price_a","19:50","11:25+1","995","113.0","False","BOD","DUB","N/A","N/A","N/A","","Vueling","Aer Lingus","N/A","44.837789, -0.57918","53.3493795, -6.2605593","1032.73","2025-02-18 19:50:00","2025-02-19 11:25:00","","89","Tuesday","evening","long","standard","2423230531366259513"
"2024-11-21","2025-02-19","BOD","DUB","Dublin","https://www.kayak.fr/flights/BOD-DUB/2025-02-19?sort=price_a","15:25","16:25","120","49.0","True","BOD","DUB","N/A","N/A","N/A","","Aer Lingus","N/A","Saver","44.837789, -0.57918","53.3493795, -6.2605593","1032.73","2025-02-19 15:25:00","2025-02-19 16:25:00","","90","Wednesday","afternoon","court","cheap","1706630621953374269"
"2024-11-21","2025-02-19","BOD","DUB","Dublin","https://www.kayak.fr/flights/BOD-DUB/2025-02-19?sort=price_a","17:10","23:45","455","91.0","False","BOD","DUB","N/A","N/A","N/A","","Aer Lingus","N/A","Saver","44.837789, -0.57918","53.3493795, -6.2605593","1032.73","2025-02-19 17:10:00","2025-02-19 23:45:00","","90","Wednesday","evening","long","cheap","2300250648816815897"
"2024-11-21","2025-02-19","BOD","DUB","Dublin","https://www.kayak.fr/flights/BOD-DUB/2025-02-19?sort=price_a","06:50","11:30","340","97.0","False","BOD","DUB","N/A","N/A","N/A","","Aer Lingus","N/A","Saver","44.837789, -0.57918","53.3493795, -6.2605593","1032.73","2025-02-19 06:50:00","2025-02-19 11:30:00","","90","Wednesday","morning","moyen","cheap","4673290601092203103"
"2024-11-21","2025-02-19","BOD","DUB","Dublin","https://www.kayak.fr/flights/BOD-DUB/2025-02-19?sort=price_a","06:50","12:35","405","100.0","False","BOD","DUB","N/A","N/A","N/A","","Aer Lingus","N/A","N/A","44.837789, -0.57918","53.3493795, -6.2605593","1032.73","2025-02-19 06:50:00","2025-02-19 12:35:00","","90","Wednesday","morning","long","cheap","2016613877042692568"
"2024-11-21","2025-02-19","BOD","DUB","Dublin","https://www.kayak.fr/flights/BOD-DUB/2025-02-19?sort=price_a","09:00","16:10","490","110.0","False","BOD","DUB","N/A","N/A","N/A","","easyJet","Aer Lingus","N/A","44.837789, -0.57918","53.3493795, -6.2605593","1032.73","2025-02-19 09:00:00","2025-02-19 16:10:00","","90","Wednesday","morning","long","cheap","4691301796638311278"
"2024-11-21","2025-02-19","BOD","DUB","Dublin","https://www.kayak.fr/flights/BOD-DUB/2025-02-19?sort=price_a","18:25","22:40","315","111.0","False","BOD","DUB","N/A","N/A","N/A","","Aer Lingus","N/A","N/A","44.837789, -0.57918","53.3493795, -6.2605593","1032.73","2025-02-19 18:25:00","2025-02-19 22:40:00","","90","Wednesday","evening","moyen","cheap","1479129102369367637"
"2024-11-21","2025-02-19","BOD","DUB","Dublin","https://www.kayak.fr/flights/BOD-DUB/2025-02-19?sort=price_a","17:10","23:00","410","112.0","False","BOD","DUB","N/A","N/A","N/A","","easyJet","Ryanair","N/A","44.837789, -0.57918","53.3493795, -6.2605593","1032.73","2025-02-19 17:10:00","2025-02-19 23:00:00","","90","Wednesday","evening","long","standard","9033177957975511933"
"2024-11-21","2025-02-19","BOD","DUB","Dublin","https://www.kayak.fr/flights/BOD-DUB/2025-02-19?sort=price_a","18:00","22:05","305","114.0","False","BOD","DUB","N/A","N/A","N/A","","KLM","N/A","N/A","44.837789, -0.57918","53.3493795, -6.2605593","1032.73","2025-02-19 18:00:00","2025-02-19 22:05:00","","90","Wednesday","evening","moyen","standard","4265015470698629791"
"2024-11-21","2025-02-19","BOD","DUB","Dublin","https://www.kayak.fr/flights/BOD-DUB/2025-02-19?sort=price_a","17:10","21:45","335","116.0","False","BOD","DUB","N/A","N/A","N/A","","easyJet","Ryanair","Standard","44.837789, -0.57918","53.3493795, -6.2605593","1032.73","2025-02-19 17:10:00","2025-02-19 21:45:00","","90","Wednesday","evening","moyen","standard","4528060606238756811"
"2024-11-21","2025-02-19","BOD","DUB","Dublin","https://www.kayak.fr/flights/BOD-DUB/2025-02-19?sort=price_a","09:20","14:20","360","127.0","False","BOD","DUB","N/A","N/A","N/A","","easyJet","Ryanair","Standard","44.837789, -0.57918","53.3493795, -6.2605593","1032.73","2025-02-19 09:20:00","2025-02-19 14:20:00","","90","Wednesday","morning","moyen","standard","6685333297607687530"
"2024-11-21","2025-02-19","BOD","DUB","Dublin","https://www.kayak.fr/flights/BOD-DUB/2025-02-19?sort=price_a","06:00","12:40","460","132.0","False","BOD","DUB","N/A","N/A","N/A","","easyJet","Ryanair","Standard","44.837789, -0.57918","53.3493795, -6.2605593","1032.73","2025-02-19 06:00:00","2025-02-19 12:40:00","","90","Wednesday","morning","long","standard","7043636978946013880"
"2024-11-21","2025-02-19","BOD","DUB","Dublin","https://www.kayak.fr/flights/BOD-DUB/2025-02-19?sort=price_a","13:55","22:00","545","140.0","False","BOD","DUB","N/A","N/A","N/A","","easyJet","Ryanair","N/A","44.837789, -0.57918","53.3493795, -6.2605593","1032.73","2025-02-19 13:55:00","2025-02-19 22:00:00","","90","Wednesday","afternoon","long","standard","3339353378612102708"
"2024-11-21","2025-02-19","BOD","DUB","Dublin","https://www.kayak.fr/flights/BOD-DUB/2025-02-19?sort=price_a","14:50","22:00","490","150.0","False","BOD","DUB","N/A","N/A","N/A","","easyJet","Brussels Airlines","N/A","44.837789, -0.57918","53.3493795, -6.2605593","1032.73","2025-02-19 14:50:00","2025-02-19 22:00:00","","90","Wednesday","afternoon","long","standard","5315424713343605258"
"2024-11-21","2025-02-19","BOD","DUB","Dublin","https://www.kayak.fr/flights/BOD-DUB/2025-02-19?sort=price_a","14:50","22:00","490","150.0","False","BOD","DUB","N/A","N/A","N/A","","easyJet","Ryanair","N/A","44.837789, -0.57918","53.3493795, -6.2605593","1032.73","2025-02-19 14:50:00","2025-02-19 22:00:00","","90","Wednesday","afternoon","long","standard","5315424713343605258"
"2024-11-21","2025-02-19","BOD","DUB","Dublin","https://www.kayak.fr/flights/BOD-DUB/2025-02-19?sort=price_a","12:30","16:40","310","151.0","False","BOD","DUB","N/A","N/A","N/A","","KLM","N/A","N/A","44.837789, -0.57918","53.3493795, -6.2605593","1032.73","2025-02-19 12:30:00","2025-02-19 16:40:00","","90","Wednesday","afternoon","moyen","standard","2570107328480704230"
"2024-11-21","2025-02-20","BOD","DUB","Dublin","https://www.kayak.fr/flights/BOD-DUB/2025-02-20?sort=price_a","15:25","16:25","120","49.0","True","BOD","DUB","N/A","N/A","N/A","","Aer Lingus","N/A","Saver","44.837789, -0.57918","53.3493795, -6.2605593","1032.73","2025-02-20 15:25:00","2025-02-20 16:25:00","","91","Thursday","afternoon","court","cheap","8931603651353209664"
"2024-11-21","2025-02-20","BOD","DUB","Dublin","https://www.kayak.fr/flights/BOD-DUB/2025-02-20?sort=price_a","18:00","22:05","305","92.0","False","BOD","DUB","N/A","N/A","N/A","","Aer Lingus","N/A","Saver","44.837789, -0.57918","53.3493795, -6.2605593","1032.73","2025-02-20 18:00:00","2025-02-20 22:05:00","","91","Thursday","evening","moyen","cheap","8437726474953632083"
"2024-11-21","2025-02-20","BOD","DUB","Dublin","https://www.kayak.fr/flights/BOD-DUB/2025-02-20?sort=price_a","12:24","19:15","471","107.0","False","BOD","DUB","N/A","N/A","N/A","","Aer Lingus","N/A","Saver","44.837789, -0.57918","53.3493795, -6.2605593","1032.73","2025-02-20 12:24:00","2025-02-20 19:15:00","","91","Thursday","afternoon","long","cheap","6952466961487529253"
"2024-11-21","2025-02-20","BOD","DUB","Dublin","https://www.kayak.fr/flights/BOD-DUB/2025-02-20?sort=price_a","07:45","13:30","405","122.0","False","BOD","DUB","N/A","N/A","N/A","","Aer Lingus","N/A","N/A","44.837789, -0.57918","53.3493795, -6.2605593","1032.73","2025-02-20 07:45:00","2025-02-20 13:30:00","","91","Thursday","morning","long","standard","1038206745895534800"
"2024-11-21","2025-02-20","BOD","DUB","Dublin","https://www.kayak.fr/flights/BOD-DUB/2025-02-20?sort=price_a","07:45","14:30","465","122.0","False","BOD","DUB","N/A","N/A","N/A","","Volotea","Ryanair","N/A","44.837789, -0.57918","53.3493795, -6.2605593","1032.73","2025-02-20 07:45:00","2025-02-20 14:30:00","","91","Thursday","morning","long","standard","8868634370959191495"
"2024-11-21","2025-02-20","BOD","DUB","Dublin","https://www.kayak.fr/flights/BOD-DUB/2025-02-20?sort=price_a","06:50","11:45","355","128.0","False","BOD","DUB","N/A","N/A","N/A","","Aer Lingus","N/A","N/A","44.837789, -0.57918","53.3493795, -6.2605593","1032.73","2025-02-20 06:50:00","2025-02-20 11:45:00","","91","Thursday","morning","moyen","standard","4276275320980257728"
"2024-11-21","2025-02-20","BOD","DUB","Dublin","https://www.kayak.fr/flights/BOD-DUB/2025-02-20?sort=price_a","06:50","14:50","540","134.0","False","BOD","DUB","N/A","N/A","N/A","","easyJet","Ryanair","N/A","44.837789, -0.57918","53.3493795, -6.2605593","1032.73","2025-02-20 06:50:00","2025-02-20 14:50:00","","91","Thursday","morning","long","standard","6169069676648503423"
"2024-11-21","2025-02-20","BOD","DUB","Dublin","https://www.kayak.fr/flights/BOD-DUB/2025-02-20?sort=price_a","09:05","16:10","485","137.0","False","BOD","DUB","N/A","N/A","N/A","","easyJet","Aer Lingus","N/A","44.837789, -0.57918","53.3493795, -6.2605593","1032.73","2025-02-20 09:05:00","2025-02-20 16:10:00","","91","Thursday","morning","long","standard","2053167962979435247"
"2024-11-21","2025-02-20","BOD","DUB","Dublin","https://www.kayak.fr/flights/BOD-DUB/2025-02-20?sort=price_a","06:50","12:55","425","139.0","False","BOD","DUB","N/A","N/A","AMS","95.0","KLM","N/A","Light","44.837789, -0.57918","53.3493795, -6.2605593","1032.73","2025-02-20 06:50:00","2025-02-20 12:55:00","330.0","91","Thursday","morning","long","standard","4040297733658197959"
"2024-11-21","2025-02-20","BOD","DUB","Dublin","https://www.kayak.fr/flights/BOD-DUB/2025-02-20?sort=price_a","12:30","16:40","310","147.0","False","BOD","DUB","N/A","N/A","AMS","95.0","KLM","N/A","Light","44.837789, -0.57918","53.3493795, -6.2605593","1032.73","2025-02-20 12:30:00","2025-02-20 16:40:00","215.0","91","Thursday","afternoon","moyen","standard","8295092447450149049"
"2024-11-21","2025-02-20","BOD","DUB","Dublin","https://www.kayak.fr/flights/BOD-DUB/2025-02-20?sort=price_a","18:20","22:55","335","150.0","False","BOD","DUB","N/A","N/A","AMS","95.0","KLM","N/A","Light","44.837789, -0.57918","53.3493795, -6.2605593","1032.73","2025-02-20 18:20:00","2025-02-20 22:55:00","240.0","91","Thursday","evening","moyen","standard","8777895379261217810"
"2024-11-21","2025-02-20","BOD","DUB","Dublin","https://www.kayak.fr/flights/BOD-DUB/2025-02-20?sort=price_a","14:25","22:10","525","165.0","False","BOD","DUB","N/A","N/A","AMS","95.0","KLM","N/A","N/A","44.837789, -0.57918","53.3493795, -6.2605593","1032.73","2025-02-20 14:25:00","2025-02-20 22:10:00","430.0","91","Thursday","afternoon","long","high","6931056119262523621"
"2024-11-21","2025-02-20","BOD","DUB","Dublin","https://www.kayak.fr/flights/BOD-DUB/2025-02-20?sort=price_a","06:50","13:35","465","169.0","False","BOD","DUB","N/A","N/A","N/A","","easyJet","Aer Lingus","N/A","44.837789, -0.57918","53.3493795, -6.2605593","1032.73","2025-02-20 06:50:00","2025-02-20 13:35:00","","91","Thursday","morning","long","high","1317281503997402803"
"2024-11-21","2025-02-20","BOD","DUB","Dublin","https://www.kayak.fr/flights/BOD-DUB/2025-02-20?sort=price_a","06:50","12:10","380","171.0","False","BOD","DUB","N/A","N/A","AMS","95.0","KLM","N/A","N/A","44.837789, -0.57918","53.3493795, -6.2605593","1032.73","2025-02-20 06:50:00","2025-02-20 12:10:00","285.0","91","Thursday","morning","long","high","5771402971962065279"
"2024-11-21","2025-02-20","BOD","DUB","Dublin","https://www.kayak.fr/flights/BOD-DUB/2025-02-20?sort=price_a","17:55","22:10","315","178.0","False","BOD","DUB","N/A","N/A","N/A","","Iberia","Ryanair","N/A","44.837789, -0.57918","53.3493795, -6.2605593","1032.73","2025-02-20 17:55:00","2025-02-20 22:10:00","","91","Thursday","evening","moyen","high","6390070446421511467"
"2024-11-21","2025-02-21","BOD","DUB","Dublin","https://www.kayak.fr/flights/BOD-DUB/2025-02-21?sort=price_a","15:25","16:25","120","82.0","True","BOD","DUB","N/A","N/A","N/A","","Aer Lingus","N/A","Saver","44.837789, -0.57918","53.3493795, -6.2605593","1032.73","2025-02-21 15:25:00","2025-02-21 16:25:00","","92","Friday","afternoon","court","cheap","2431782120506741956"
"2024-11-21","2025-02-21","BOD","DUB","Dublin","https://www.kayak.fr/flights/BOD-DUB/2025-02-21?sort=price_a","14:45","18:30","285","121.0","False","BOD","DUB","N/A","N/A","N/A","","Aer Lingus","N/A","Saver","44.837789, -0.57918","53.3493795, -6.2605593","1032.73","2025-02-21 14:45:00","2025-02-21 18:30:00","","92","Friday","afternoon","moyen","standard","5050631219525853250"
"2024-11-21","2025-02-21","BOD","DUB","Dublin","https://www.kayak.fr/flights/BOD-DUB/2025-02-21?sort=price_a","13:00","20:10","490","129.0","False","BOD","DUB","N/A","N/A","N/A","","Aer Lingus","N/A","Saver","44.837789, -0.57918","53.3493795, -6.2605593","1032.73","2025-02-21 13:00:00","2025-02-21 20:10:00","","92","Friday","afternoon","long","standard","3285602764515128494"
"2024-11-21","2025-02-21","BOD","DUB","Dublin","https://www.kayak.fr/flights/BOD-DUB/2025-02-21?sort=price_a","15:45","20:10","325","132.0","False","BOD","DUB","N/A","N/A","N/A","","Aer Lingus","N/A","N/A","44.837789, -0.57918","53.3493795, -6.2605593","1032.73","2025-02-21 15:45:00","2025-02-21 20:10:00","","92","Friday","afternoon","moyen","standard","1932114056937706403"
"2024-11-21","2025-02-21","BOD","DUB","Dublin","https://www.kayak.fr/flights/BOD-DUB/2025-02-21?sort=price_a","08:30","13:30","360","155.0","False","BOD","DUB","N/A","N/A","N/A","","Volotea","Aer Lingus","N/A","44.837789, -0.57918","53.3493795, -6.2605593","1032.73","2025-02-21 08:30:00","2025-02-21 13:30:00","","92","Friday","morning","moyen","high","18646425430804501"
"2024-11-21","2025-02-21","BOD","DUB","Dublin","https://www.kayak.fr/flights/BOD-DUB/2025-02-21?sort=price_a","17:25","22:15","350","167.0","False","BOD","DUB","N/A","N/A","N/A","","Aer Lingus","N/A","N/A","44.837789, -0.57918","53.3493795, -6.2605593","1032.73","2025-02-21 17:25:00","2025-02-21 22:15:00","","92","Friday","evening","moyen","high","8470350438567032499"
"2024-11-21","2025-02-21","BOD","DUB","Dublin","https://www.kayak.fr/flights/BOD-DUB/2025-02-21?sort=price_a","06:50","14:05","495","177.0","False","BOD","DUB","N/A","N/A","N/A","","easyJet","Ryanair","N/A","44.837789, -0.57918","53.3493795, -6.2605593","1032.73","2025-02-21 06:50:00","2025-02-21 14:05:00","","92","Friday","morning","long","high","7552462387698716848"
"2024-11-21","2025-02-21","BOD","DUB","Dublin","https://www.kayak.fr/flights/BOD-DUB/2025-02-21?sort=price_a","13:05","21:20","555","180.0","False","BOD","DUB","N/A","N/A","N/A","","Volotea","Ryanair","N/A","44.837789, -0.57918","53.3493795, -6.2605593","1032.73","2025-02-21 13:05:00","2025-02-21 21:20:00","","92","Friday","afternoon","long","high","3151259282192645904"
"2024-11-21","2025-02-21","BOD","DUB","Dublin","https://www.kayak.fr/flights/BOD-DUB/2025-02-21?sort=price_a","06:50","15:05","555","187.0","False","BOD","DUB","N/A","N/A","MRS","60.0","easyJet","Ryanair","Standard","44.837789, -0.57918","53.3493795, -6.2605593","1032.73","2025-02-21 06:50:00","2025-02-21 15:05:00","495.0","92","Friday","morning","long","high","3283350145525639162"
"2024-11-21","2025-02-21","BOD","DUB","Dublin","https://www.kayak.fr/flights/BOD-DUB/2025-02-21?sort=price_a","09:55","14:55","360","198.0","False","BOD","DUB","N/A","N/A","MRS","60.0","easyJet","Ryanair","Standard","44.837789, -0.57918","53.3493795, -6.2605593","1032.73","2025-02-21 09:55:00","2025-02-21 14:55:00","300.0","92","Friday","morning","moyen","high","4951868437827996765"
"2024-11-21","2025-02-21","BOD","DUB","Dublin","https://www.kayak.fr/flights/BOD-DUB/2025-02-21?sort=price_a","13:55","21:30","515","203.0","False","BOD","DUB","N/A","N/A","MRS","60.0","easyJet","Ryanair","Standard","44.837789, -0.57918","53.3493795, -6.2605593","1032.73","2025-02-21 13:55:00","2025-02-21 21:30:00","455.0","92","Friday","afternoon","long","high","3195923319214607755"
"2024-11-21","2025-02-21","BOD","DUB","Dublin","https://www.kayak.fr/flights/BOD-DUB/2025-02-21?sort=price_a","06:50","10:20","270","205.0","False","BOD","DUB","N/A","N/A","MRS","60.0","easyJet","Ryanair","N/A","44.837789, -0.57918","53.3493795, -6.2605593","1032.73","2025-02-21 06:50:00","2025-02-21 10:20:00","210.0","92","Friday","morning","moyen","high","1649751381754067179"
"2024-11-21","2025-02-21","BOD","DUB","Dublin","https://www.kayak.fr/flights/BOD-DUB/2025-02-21?sort=price_a","06:50","11:00","310","205.0","False","BOD","DUB","N/A","N/A","N/A","","easyJet","Ryanair","N/A","44.837789, -0.57918","53.3493795, -6.2605593","1032.73","2025-02-21 06:50:00","2025-02-21 11:00:00","","92","Friday","morning","moyen","high","3437040122093089683"
"2024-11-21","2025-02-21","BOD","DUB","Dublin","https://www.kayak.fr/flights/BOD-DUB/2025-02-21?sort=price_a","06:50","14:40","530","205.0","False","BOD","DUB","N/A","N/A","MRS","60.0","easyJet","Ryanair","N/A","44.837789, -0.57918","53.3493795, -6.2605593","1032.73","2025-02-21 06:50:00","2025-02-21 14:40:00","470.0","92","Friday","morning","long","high","6669191448312180454"
"2024-11-21","2025-02-21","BOD","DUB","Dublin","https://www.kayak.fr/flights/BOD-DUB/2025-02-21?sort=price_a","13:55","19:05","370","207.0","False","BOD","DUB","N/A","N/A","N/A","","easyJet","Ryanair","N/A","44.837789, -0.57918","53.3493795, -6.2605593","1032.73","2025-02-21 13:55:00","2025-02-21 19:05:00","","92","Friday","afternoon","long","high","845496594947448446"
"2024-11-21","2025-02-22","BOD","DUB","Dublin","https://www.kayak.fr/flights/BOD-DUB/2025-02-22?sort=price_a","14:30","08:45+1","1155","152.0","False","BOD","DUB","N/A","N/A","BCN","325.0","Volotea","Ryanair","Économique","44.837789, -0.57918","53.3493795, -6.2605593","1032.73","2025-02-22 14:30:00","2025-02-23 08:45:00","830.0","93","Saturday","afternoon","long","standard","4400632415043698896"
"2024-11-21","2025-02-22","BOD","DUB","Dublin","https://www.kayak.fr/flights/BOD-DUB/2025-02-22?sort=price_a","21:45","11:35+1","890","177.0","False","BOD","DUB","N/A","N/A","BCN","325.0","Volotea","Ryanair","Économique","44.837789, -0.57918","53.3493795, -6.2605593","1032.73","2025-02-22 21:45:00","2025-02-23 11:35:00","565.0","93","Saturday","evening","long","high","6507461459877984237"
"2024-11-21","2025-02-22","BOD","DUB","Dublin","https://www.kayak.fr/flights/BOD-DUB/2025-02-22?sort=price_a","07:00","13:05","425","178.0","False","BOD","DUB","N/A","N/A","BCN","325.0","Volotea","Ryanair","Économique","44.837789, -0.57918","53.3493795, -6.2605593","1032.73","2025-02-22 07:00:00","2025-02-22 13:05:00","100.0","93","Saturday","morning","long","high","2796573322650488122"
"2024-11-21","2025-02-22","BOD","DUB","Dublin","https://www.kayak.fr/flights/BOD-DUB/2025-02-22?sort=price_a","16:50","23:20","450","179.0","False","BOD","DUB","N/A","N/A","BCN","325.0","Volotea","Ryanair","N/A","44.837789, -0.57918","53.3493795, -6.2605593","1032.73","2025-02-22 16:50:00","2025-02-22 23:20:00","125.0","93","Saturday","afternoon","long","high","7231924625971719295"
"2024-11-21","2025-02-22","BOD","DUB","Dublin","https://www.kayak.fr/flights/BOD-DUB/2025-02-22?sort=price_a","07:00","13:40","460","181.0","False","BOD","DUB","N/A","N/A","N/A","","easyJet","Ryanair","N/A","44.837789, -0.57918","53.3493795, -6.2605593","1032.73","2025-02-22 07:00:00","2025-02-22 13:40:00","","93","Saturday","morning","long","high","6924614377699130326"
"2024-11-21","2025-02-22","BOD","DUB","Dublin","https://www.kayak.fr/flights/BOD-DUB/2025-02-22?sort=price_a","07:00","23:50","1070","187.0","False","BOD","DUB","N/A","N/A","BCN","325.0","Volotea","Ryanair","N/A","44.837789, -0.57918","53.3493795, -6.2605593","1032.73","2025-02-22 07:00:00","2025-02-22 23:50:00","745.0","93","Saturday","morning","long","high","4368138711720477206"
"2024-11-21","2025-02-22","BOD","DUB","Dublin","https://www.kayak.fr/flights/BOD-DUB/2025-02-22?sort=price_a","07:00","13:50","470","188.0","False","BOD","DUB","N/A","N/A","N/A","","easyJet","Ryanair","N/A","44.837789, -0.57918","53.3493795, -6.2605593","1032.73","2025-02-22 07:00:00","2025-02-22 13:50:00","","93","Saturday","morning","long","high","2500320382172007552"
"2024-11-21","2025-02-22","BOD","DUB","Dublin","https://www.kayak.fr/flights/BOD-DUB/2025-02-22?sort=price_a","07:00","22:50","1010","190.0","False","BOD","DUB","N/A","N/A","N/A","","easyJet","Ryanair","N/A","44.837789, -0.57918","53.3493795, -6.2605593","1032.73","2025-02-22 07:00:00","2025-02-22 22:50:00","","93","Saturday","morning","long","high","2999975027247734796"
"2024-11-21","2025-02-22","BOD","DUB","Dublin","https://www.kayak.fr/flights/BOD-DUB/2025-02-22?sort=price_a","07:00","12:20","380","192.0","False","BOD","DUB","N/A","N/A","BCN","655.0","Vueling","Ryanair","Économique","44.837789, -0.57918","53.3493795, -6.2605593","1032.73","2025-02-22 07:00:00","2025-02-22 12:20:00","","93","Saturday","morning","long","high","2226787804409585082"
"2024-11-21","2025-02-22","BOD","DUB","Dublin","https://www.kayak.fr/flights/BOD-DUB/2025-02-22?sort=price_a","07:00","14:45","525","192.0","False","BOD","DUB","N/A","N/A","BCN","655.0","Vueling","Ryanair","Économique","44.837789, -0.57918","53.3493795, -6.2605593","1032.73","2025-02-22 07:00:00","2025-02-22 14:45:00","","93","Saturday","morning","long","high","6832854725457994154"
"2024-11-21","2025-02-22","BOD","DUB","Dublin","https://www.kayak.fr/flights/BOD-DUB/2025-02-22?sort=price_a","07:00","18:25","745","192.0","False","BOD","DUB","N/A","N/A","BCN","655.0","Vueling","Ryanair","Économique","44.837789, -0.57918","53.3493795, -6.2605593","1032.73","2025-02-22 07:00:00","2025-02-22 18:25:00","90.0","93","Saturday","morning","long","high","805133584837260097"
"2024-11-21","2025-02-22","BOD","DUB","Dublin","https://www.kayak.fr/flights/BOD-DUB/2025-02-22?sort=price_a","07:00","19:55","835","192.0","False","BOD","DUB","N/A","N/A","BCN","655.0","Vueling","Ryanair","N/A","44.837789, -0.57918","53.3493795, -6.2605593","1032.73","2025-02-22 07:00:00","2025-02-22 19:55:00","180.0","93","Saturday","morning","long","high","8542784164834438914"
"2024-11-21","2025-02-22","BOD","DUB","Dublin","https://www.kayak.fr/flights/BOD-DUB/2025-02-22?sort=price_a","07:00","18:55","775","194.0","False","BOD","DUB","N/A","N/A","N/A","","easyJet","Ryanair","N/A","44.837789, -0.57918","53.3493795, -6.2605593","1032.73","2025-02-22 07:00:00","2025-02-22 18:55:00","","93","Saturday","morning","long","high","3423726968216473437"
"2024-11-21","2025-02-22","BOD","DUB","Dublin","https://www.kayak.fr/flights/BOD-DUB/2025-02-22?sort=price_a","14:30","00:25+1","655","195.0","False","BOD","DUB","N/A","N/A","BCN","655.0","Vueling","Ryanair","N/A","44.837789, -0.57918","53.3493795, -6.2605593","1032.73","2025-02-22 14:30:00","2025-02-23 00:25:00","0.0","93","Saturday","afternoon","long","high","4196909002117153380"
"2024-11-21","2025-02-22","BOD","DUB","Dublin","https://www.kayak.fr/flights/BOD-DUB/2025-02-22?sort=price_a","16:50","00:25+1","515","197.0","False","BOD","DUB","N/A","N/A","N/A","","easyJet","Ryanair","N/A","44.837789, -0.57918","53.3493795, -6.2605593","1032.73","2025-02-22 16:50:00","2025-02-23 00:25:00","","93","Saturday","afternoon","long","high","4732728568982422149"
"2024-11-21","2025-02-23","BOD","DUB","Dublin","https://www.kayak.fr/flights/BOD-DUB/2025-02-23?sort=price_a","15:25","16:25","120","163.0","True","BOD","DUB","N/A","N/A","N/A","","Aer Lingus","N/A","Saver","44.837789, -0.57918","53.3493795, -6.2605593","1032.73","2025-02-23 15:25:00","2025-02-23 16:25:00","","94","Sunday","afternoon","court","high","657501119710687336"
"2024-11-21","2025-02-23","BOD","DUB","Dublin","https://www.kayak.fr/flights/BOD-DUB/2025-02-23?sort=price_a","19:00","23:50","350","171.0","False","BOD","DUB","N/A","N/A","N/A","","Aer Lingus","N/A","Saver","44.837789, -0.57918","53.3493795, -6.2605593","1032.73","2025-02-23 19:00:00","2025-02-23 23:50:00","","94","Sunday","evening","moyen","high","1534597361803483958"
"2024-11-21","2025-02-23","BOD","DUB","Dublin","https://www.kayak.fr/flights/BOD-DUB/2025-02-23?sort=price_a","18:15","22:55","340","176.0","False","BOD","DUB","N/A","N/A","N/A","","Aer Lingus","N/A","Saver","44.837789, -0.57918","53.3493795, -6.2605593","1032.73","2025-02-23 18:15:00","2025-02-23 22:55:00","","94","Sunday","evening","moyen","high","2521437477549547107"
"2024-11-21","2025-02-23","BOD","DUB","Dublin","https://www.kayak.fr/flights/BOD-DUB/2025-02-23?sort=price_a","14:20","21:00","460","182.0","False","BOD","DUB","N/A","N/A","N/A","","Aer Lingus","N/A","N/A","44.837789, -0.57918","53.3493795, -6.2605593","1032.73","2025-02-23 14:20:00","2025-02-23 21:00:00","","94","Sunday","afternoon","long","high","8558738089910753464"
"2024-11-21","2025-02-23","BOD","DUB","Dublin","https://www.kayak.fr/flights/BOD-DUB/2025-02-23?sort=price_a","17:50","23:30","400","190.0","False","BOD","DUB","N/A","N/A","N/A","","easyJet","Ryanair","N/A","44.837789, -0.57918","53.3493795, -6.2605593","1032.73","2025-02-23 17:50:00","2025-02-23 23:30:00","","94","Sunday","evening","long","high","8792227786048893304"
"2024-11-21","2025-02-23","BOD","DUB","Dublin","https://www.kayak.fr/flights/BOD-DUB/2025-02-23?sort=price_a","17:50","23:20","390","193.0","False","BOD","DUB","N/A","N/A","N/A","","Aer Lingus","N/A","N/A","44.837789, -0.57918","53.3493795, -6.2605593","1032.73","2025-02-23 17:50:00","2025-02-23 23:20:00","","94","Sunday","evening","long","high","5244036944421457283"
"2024-11-21","2025-02-23","BOD","DUB","Dublin","https://www.kayak.fr/flights/BOD-DUB/2025-02-23?sort=price_a","12:30","19:15","465","221.0","False","BOD","DUB","N/A","N/A","N/A","","easyJet","Ryanair","N/A","44.837789, -0.57918","53.3493795, -6.2605593","1032.73","2025-02-23 12:30:00","2025-02-23 19:15:00","","94","Sunday","afternoon","long","high","7013151783790330057"
"2024-11-21","2025-02-23","BOD","DUB","Dublin","https://www.kayak.fr/flights/BOD-DUB/2025-02-23?sort=price_a","12:30","20:20","530","224.0","False","BOD","DUB","N/A","N/A","N/A","","easyJet","Ryanair","N/A","44.837789, -0.57918","53.3493795, -6.2605593","1032.73","2025-02-23 12:30:00","2025-02-23 20:20:00","","94","Sunday","afternoon","long","high","6950466327757380249"
"2024-11-21","2025-02-23","BOD","DUB","Dublin","https://www.kayak.fr/flights/BOD-DUB/2025-02-23?sort=price_a","07:45","15:00","495","228.0","False","BOD","DUB","N/A","N/A","BCN","110.0","Volotea","Ryanair","Économique","44.837789, -0.57918","53.3493795, -6.2605593","1032.73","2025-02-23 07:45:00","2025-02-23 15:00:00","385.0","94","Sunday","morning","long","high","5111277529132169396"
"2024-11-21","2025-02-23","BOD","DUB","Dublin","https://www.kayak.fr/flights/BOD-DUB/2025-02-23?sort=price_a","07:45","12:00","315","231.0","False","BOD","DUB","N/A","N/A","BCN","110.0","Volotea","Ryanair","Économique","44.837789, -0.57918","53.3493795, -6.2605593","1032.73","2025-02-23 07:45:00","2025-02-23 12:00:00","205.0","94","Sunday","morning","moyen","high","2832087195659632747"
"2024-11-21","2025-02-23","BOD","DUB","Dublin","https://www.kayak.fr/flights/BOD-DUB/2025-02-23?sort=price_a","12:30","17:10","340","236.0","False","BOD","DUB","N/A","N/A","BCN","110.0","Volotea","Ryanair","Économique","44.837789, -0.57918","53.3493795, -6.2605593","1032.73","2025-02-23 12:30:00","2025-02-23 17:10:00","230.0","94","Sunday","afternoon","moyen","high","598916171459327999"
"2024-11-21","2025-02-23","BOD","DUB","Dublin","https://www.kayak.fr/flights/BOD-DUB/2025-02-23?sort=price_a","12:30","19:05","455","246.0","False","BOD","DUB","N/A","N/A","BCN","110.0","Volotea","Ryanair","N/A","44.837789, -0.57918","53.3493795, -6.2605593","1032.73","2025-02-23 12:30:00","2025-02-23 19:05:00","345.0","94","Sunday","afternoon","long","high","1761222838059993413"
"2024-11-21","2025-02-23","BOD","DUB","Dublin","https://www.kayak.fr/flights/BOD-DUB/2025-02-23?sort=price_a","16:45","22:25","400","248.0","False","BOD","DUB","N/A","N/A","N/A","","Transavia France","Ryanair","N/A","44.837789, -0.57918","53.3493795, -6.2605593","1032.73","2025-02-23 16:45:00","2025-02-23 22:25:00","","94","Sunday","afternoon","long","high","6805865985393673995"
"2024-11-21","2025-02-23","BOD","DUB","Dublin","https://www.kayak.fr/flights/BOD-DUB/2025-02-23?sort=price_a","12:30","20:05","515","252.0","False","BOD","DUB","N/A","N/A","BCN","110.0","Volotea","Ryanair","N/A","44.837789, -0.57918","53.3493795, -6.2605593","1032.73","2025-02-23 12:30:00","2025-02-23 20:05:00","405.0","94","Sunday","afternoon","long","high","5230183092245985399"
"2024-11-21","2025-02-23","BOD","DUB","Dublin","https://www.kayak.fr/flights/BOD-DUB/2025-02-23?sort=price_a","11:58","22:05","667","255.0","False","BOD","DUB","N/A","N/A","N/A","","SNCF","Aer Lingus","N/A","44.837789, -0.57918","53.3493795, -6.2605593","1032.73","2025-02-23 11:58:00","2025-02-23 22:05:00","","94","Sunday","morning","long","high","5790339985536630284"
"2024-11-21","2025-02-24","BOD","DUB","Dublin","https://www.kayak.fr/flights/BOD-DUB/2025-02-24?sort=price_a","15:25","16:25","120","76.0","True","BOD","DUB","N/A","N/A","N/A","","Aer Lingus","N/A","Saver","44.837789, -0.57918","53.3493795, -6.2605593","1032.73","2025-02-24 15:25:00","2025-02-24 16:25:00","","95","Monday","afternoon","court","cheap","6363895818775615171"
"2024-11-21","2025-02-24","BOD","DUB","Dublin","https://www.kayak.fr/flights/BOD-DUB/2025-02-24?sort=price_a","18:10","21:45","275","111.0","False","BOD","DUB","N/A","N/A","N/A","","Aer Lingus","N/A","Saver","44.837789, -0.57918","53.3493795, -6.2605593","1032.73","2025-02-24 18:10:00","2025-02-24 21:45:00","","95","Monday","evening","moyen","cheap","2012507483527720110"
"2024-11-21","2025-02-24","BOD","DUB","Dublin","https://www.kayak.fr/flights/BOD-DUB/2025-02-24?sort=price_a","18:10","00:20+1","430","120.0","False","BOD","DUB","N/A","N/A","N/A","","Aer Lingus","N/A","Saver","44.837789, -0.57918","53.3493795, -6.2605593","1032.73","2025-02-24 18:10:00","2025-02-25 00:20:00","","95","Monday","evening","long","standard","4084965073496906699"
"2024-11-21","2025-02-24","BOD","DUB","Dublin","https://www.kayak.fr/flights/BOD-DUB/2025-02-24?sort=price_a","18:10","22:50","340","124.0","False","BOD","DUB","N/A","N/A","N/A","","Aer Lingus","N/A","N/A","44.837789, -0.57918","53.3493795, -6.2605593","1032.73","2025-02-24 18:10:00","2025-02-24 22:50:00","","95","Monday","evening","moyen","standard","6384063389485187695"
"2024-11-21","2025-02-24","BOD","DUB","Dublin","https://www.kayak.fr/flights/BOD-DUB/2025-02-24?sort=price_a","16:50","00:20+1","510","135.0","False","BOD","DUB","N/A","N/A","N/A","","Transavia France","Ryanair","N/A","44.837789, -0.57918","53.3493795, -6.2605593","1032.73","2025-02-24 16:50:00","2025-02-25 00:20:00","","95","Monday","afternoon","long","standard","4007222312399033116"
"2024-11-21","2025-02-24","BOD","DUB","Dublin","https://www.kayak.fr/flights/BOD-DUB/2025-02-24?sort=price_a","11:10","18:55","525","140.0","False","BOD","DUB","N/A","N/A","N/A","","Aer Lingus","N/A","N/A","44.837789, -0.57918","53.3493795, -6.2605593","1032.73","2025-02-24 11:10:00","2025-02-24 18:55:00","","95","Monday","morning","long","standard","2316079403973730558"
"2024-11-21","2025-02-24","BOD","DUB","Dublin","https://www.kayak.fr/flights/BOD-DUB/2025-02-24?sort=price_a","16:35","00:20+1","525","143.0","False","BOD","DUB","N/A","N/A","N/A","","easyJet","Ryanair","N/A","44.837789, -0.57918","53.3493795, -6.2605593","1032.73","2025-02-24 16:35:00","2025-02-25 00:20:00","","95","Monday","afternoon","long","standard","279182846719002268"
"2024-11-21","2025-02-24","BOD","DUB","Dublin","https://www.kayak.fr/flights/BOD-DUB/2025-02-24?sort=price_a","11:10","17:40","450","146.0","False","BOD","DUB","N/A","N/A","N/A","","British Airways","Ryanair","N/A","44.837789, -0.57918","53.3493795, -6.2605593","1032.73","2025-02-24 11:10:00","2025-02-24 17:40:00","","95","Monday","morning","long","standard","2993939155891788615"
"2024-11-21","2025-02-24","BOD","DUB","Dublin","https://www.kayak.fr/flights/BOD-DUB/2025-02-24?sort=price_a","06:50","13:00","430","147.0","False","BOD","DUB","N/A","N/A","LGW","90.0","easyJet","Ryanair","Standard","44.837789, -0.57918","53.3493795, -6.2605593","1032.73","2025-02-24 06:50:00","2025-02-24 13:00:00","340.0","95","Monday","morning","long","standard","6597735661330422264"
"2024-11-21","2025-02-24","BOD","DUB","Dublin","https://www.kayak.fr/flights/BOD-DUB/2025-02-24?sort=price_a","11:10","18:20","490","147.0","False","BOD","DUB","N/A","N/A","LGW","90.0","easyJet","Ryanair","Standard","44.837789, -0.57918","53.3493795, -6.2605593","1032.73","2025-02-24 11:10:00","2025-02-24 18:20:00","400.0","95","Monday","morning","long","standard","8805604994156184374"
"2024-11-21","2025-02-24","BOD","DUB","Dublin","https://www.kayak.fr/flights/BOD-DUB/2025-02-24?sort=price_a","06:50","10:20","270","148.0","False","BOD","DUB","N/A","N/A","LGW","90.0","easyJet","Ryanair","Standard","44.837789, -0.57918","53.3493795, -6.2605593","1032.73","2025-02-24 06:50:00","2025-02-24 10:20:00","180.0","95","Monday","morning","moyen","standard","5706643842507784"
"2024-11-21","2025-02-24","BOD","DUB","Dublin","https://www.kayak.fr/flights/BOD-DUB/2025-02-24?sort=price_a","06:50","11:00","310","148.0","False","BOD","DUB","N/A","N/A","LGW","90.0","easyJet","Ryanair","N/A","44.837789, -0.57918","53.3493795, -6.2605593","1032.73","2025-02-24 06:50:00","2025-02-24 11:00:00","220.0","95","Monday","morning","moyen","standard","531314826024126348"
"2024-11-21","2025-02-24","BOD","DUB","Dublin","https://www.kayak.fr/flights/BOD-DUB/2025-02-24?sort=price_a","11:10","16:10","360","148.0","False","BOD","DUB","N/A","N/A","N/A","","British Airways","Ryanair","N/A","44.837789, -0.57918","53.3493795, -6.2605593","1032.73","2025-02-24 11:10:00","2025-02-24 16:10:00","","95","Monday","morning","moyen","standard","5824884090578676106"
"2024-11-21","2025-02-24","BOD","DUB","Dublin","https://www.kayak.fr/flights/BOD-DUB/2025-02-24?sort=price_a","16:35","23:40","485","149.0","False","BOD","DUB","N/A","N/A","LGW","90.0","easyJet","Ryanair","N/A","44.837789, -0.57918","53.3493795, -6.2605593","1032.73","2025-02-24 16:35:00","2025-02-24 23:40:00","395.0","95","Monday","afternoon","long","standard","5238399421631351828"
"2024-11-21","2025-02-24","BOD","DUB","Dublin","https://www.kayak.fr/flights/BOD-DUB/2025-02-24?sort=price_a","13:55","21:30","515","149.0","False","BOD","DUB","N/A","N/A","N/A","","Vueling","Ryanair","N/A","44.837789, -0.57918","53.3493795, -6.2605593","1032.73","2025-02-24 13:55:00","2025-02-24 21:30:00","","95","Monday","afternoon","long","standard","6680272818873087764"
"2024-11-21","2025-02-25","BOD","DUB","Dublin","https://www.kayak.fr/flights/BOD-DUB/2025-02-25?sort=price_a","19:50","10:30+1","940","48.0","False","BOD","DUB","N/A","N/A","BCN","700.0","Vueling","N/A","Économique","44.837789, -0.57918","53.3493795, -6.2605593","1032.73","2025-02-25 19:50:00","2025-02-26 10:30:00","240.0","96","Tuesday","evening","long","cheap","4817970504526772820"
"2024-11-21","2025-02-25","BOD","DUB","Dublin","https://www.kayak.fr/flights/BOD-DUB/2025-02-25?sort=price_a","19:50","07:30+1","760","70.0","False","BOD","DUB","N/A","N/A","BCN","700.0","Vueling","N/A","Économique","44.837789, -0.57918","53.3493795, -6.2605593","1032.73","2025-02-25 19:50:00","2025-02-26 07:30:00","60.0","96","Tuesday","evening","long","cheap","5485818947011402637"
"2024-11-21","2025-02-25","BOD","DUB","Dublin","https://www.kayak.fr/flights/BOD-DUB/2025-02-25?sort=price_a","19:50","11:30+1","1000","85.0","False","BOD","DUB","N/A","N/A","BCN","700.0","Vueling","N/A","Économique","44.837789, -0.57918","53.3493795, -6.2605593","1032.73","2025-02-25 19:50:00","2025-02-26 11:30:00","300.0","96","Tuesday","evening","long","cheap","3399810733710171802"
"2024-11-21","2025-02-25","BOD","DUB","Dublin","https://www.kayak.fr/flights/BOD-DUB/2025-02-25?sort=price_a","18:00","22:05","305","93.0","False","BOD","DUB","N/A","N/A","BCN","700.0","Vueling","N/A","N/A","44.837789, -0.57918","53.3493795, -6.2605593","1032.73","2025-02-25 18:00:00","2025-02-25 22:05:00","","96","Tuesday","evening","moyen","cheap","2569819798728228888"
"2024-11-21","2025-02-25","BOD","DUB","Dublin","https://www.kayak.fr/flights/BOD-DUB/2025-02-25?sort=price_a","18:00","08:05+1","905","94.0","False","BOD","DUB","N/A","N/A","N/A","","KLM","N/A","N/A","44.837789, -0.57918","53.3493795, -6.2605593","1032.73","2025-02-25 18:00:00","2025-02-26 08:05:00","","96","Tuesday","evening","long","cheap","4503689180420660689"
"2024-11-21","2025-02-25","BOD","DUB","Dublin","https://www.kayak.fr/flights/BOD-DUB/2025-02-25?sort=price_a","13:00","21:50","590","98.0","False","BOD","DUB","N/A","N/A","BCN","700.0","Vueling","N/A","N/A","44.837789, -0.57918","53.3493795, -6.2605593","1032.73","2025-02-25 13:00:00","2025-02-25 21:50:00","","96","Tuesday","afternoon","long","cheap","7356669733414428432"
"2024-11-21","2025-02-25","BOD","DUB","Dublin","https://www.kayak.fr/flights/BOD-DUB/2025-02-25?sort=price_a","17:30","07:40+1","910","100.0","False","BOD","DUB","N/A","N/A","N/A","","Volotea","Ryanair","N/A","44.837789, -0.57918","53.3493795, -6.2605593","1032.73","2025-02-25 17:30:00","2025-02-26 07:40:00","","96","Tuesday","evening","long","cheap","3278549133009448677"
"2024-11-21","2025-02-25","BOD","DUB","Dublin","https://www.kayak.fr/flights/BOD-DUB/2025-02-25?sort=price_a","12:30","22:25","655","101.0","False","BOD","DUB","N/A","N/A","N/A","","easyJet","Ryanair UK","N/A","44.837789, -0.57918","53.3493795, -6.2605593","1032.73","2025-02-25 12:30:00","2025-02-25 22:25:00","","96","Tuesday","afternoon","long","cheap","4966849478246757022"
"2024-11-21","2025-02-25","BOD","DUB","Dublin","https://www.kayak.fr/flights/BOD-DUB/2025-02-25?sort=price_a","19:55","11:30+1","995","101.0","False","BOD","DUB","N/A","N/A","BCN","525.0","Vueling","Ryanair","Économique","44.837789, -0.57918","53.3493795, -6.2605593","1032.73","2025-02-25 19:55:00","2025-02-26 11:30:00","470.0","96","Tuesday","evening","long","cheap","8182225026901868070"
"2024-11-21","2025-02-25","BOD","DUB","Dublin","https://www.kayak.fr/flights/BOD-DUB/2025-02-25?sort=price_a","19:50","11:25+1","995","108.0","False","BOD","DUB","N/A","N/A","BCN","525.0","Vueling","Ryanair","Économique","44.837789, -0.57918","53.3493795, -6.2605593","1032.73","2025-02-25 19:50:00","2025-02-26 11:25:00","470.0","96","Tuesday","evening","long","cheap","102903118504893350"
"2024-11-21","2025-02-25","BOD","DUB","Dublin","https://www.kayak.fr/flights/BOD-DUB/2025-02-25?sort=price_a","09:05","16:10","485","110.0","False","BOD","DUB","N/A","N/A","BCN","525.0","Vueling","Ryanair","Économique","44.837789, -0.57918","53.3493795, -6.2605593","1032.73","2025-02-25 09:05:00","2025-02-25 16:10:00","","96","Tuesday","morning","long","cheap","4435514736813039218"
"2024-11-21","2025-02-25","BOD","DUB","Dublin","https://www.kayak.fr/flights/BOD-DUB/2025-02-25?sort=price_a","18:25","23:10","345","111.0","False","BOD","DUB","N/A","N/A","BCN","525.0","Vueling","Ryanair","N/A","44.837789, -0.57918","53.3493795, -6.2605593","1032.73","2025-02-25 18:25:00","2025-02-25 23:10:00","","96","Tuesday","evening","moyen","cheap","5382988857095969410"
"2024-11-21","2025-02-25","BOD","DUB","Dublin","https://www.kayak.fr/flights/BOD-DUB/2025-02-25?sort=price_a","06:05","22:25","1040","122.0","False","BOD","DUB","N/A","N/A","N/A","","easyJet","Ryanair","N/A","44.837789, -0.57918","53.3493795, -6.2605593","1032.73","2025-02-25 06:05:00","2025-02-25 22:25:00","","96","Tuesday","morning","long","standard","8658516723925765965"
"2024-11-21","2025-02-25","BOD","DUB","Dublin","https://www.kayak.fr/flights/BOD-DUB/2025-02-25?sort=price_a","06:05","15:10","605","123.0","False","BOD","DUB","N/A","N/A","BCN","525.0","Vueling","Ryanair","N/A","44.837789, -0.57918","53.3493795, -6.2605593","1032.73","2025-02-25 06:05:00","2025-02-25 15:10:00","80.0","96","Tuesday","morning","long","standard","1523122496513357714"
"2024-11-21","2025-02-25","BOD","DUB","Dublin","https://www.kayak.fr/flights/BOD-DUB/2025-02-25?sort=price_a","19:05","07:50+1","825","123.0","False","BOD","DUB","N/A","N/A","N/A","","easyJet","Ryanair","N/A","44.837789, -0.57918","53.3493795, -6.2605593","1032.73","2025-02-25 19:05:00","2025-02-26 07:50:00","","96","Tuesday","evening","long","standard","5214142996121063694"
"2024-11-21","2025-02-26","BOD","DUB","Dublin","https://www.kayak.fr/flights/BOD-DUB/2025-02-26?sort=price_a","15:25","16:25","120","49.0","True","BOD","DUB","N/A","N/A","N/A","","Aer Lingus","N/A","Saver","44.837789, -0.57918","53.3493795, -6.2605593","1032.73","2025-02-26 15:25:00","2025-02-26 16:25:00","","97","Wednesday","afternoon","court","cheap","2836467065020871542"
"2024-11-21","2025-02-26","BOD","DUB","Dublin","https://www.kayak.fr/flights/BOD-DUB/2025-02-26?sort=price_a","20:45","07:55+1","730","90.0","False","BOD","DUB","N/A","N/A","N/A","","Aer Lingus","N/A","Saver","44.837789, -0.57918","53.3493795, -6.2605593","1032.73","2025-02-26 20:45:00","2025-02-27 07:55:00","","97","Wednesday","evening","long","cheap","3248495591359291488"
"2024-11-21","2025-02-26","BOD","DUB","Dublin","https://www.kayak.fr/flights/BOD-DUB/2025-02-26?sort=price_a","18:00","22:05","305","91.0","False","BOD","DUB","N/A","N/A","N/A","","Aer Lingus","N/A","Saver","44.837789, -0.57918","53.3493795, -6.2605593","1032.73","2025-02-26 18:00:00","2025-02-26 22:05:00","","97","Wednesday","evening","moyen","cheap","6479819658973413635"
"2024-11-21","2025-02-26","BOD","DUB","Dublin","https://www.kayak.fr/flights/BOD-DUB/2025-02-26?sort=price_a","06:50","11:30","340","115.0","False","BOD","DUB","N/A","N/A","N/A","","Aer Lingus","N/A","N/A","44.837789, -0.57918","53.3493795, -6.2605593","1032.73","2025-02-26 06:50:00","2025-02-26 11:30:00","","97","Wednesday","morning","moyen","standard","1626526886283581234"
"2024-11-21","2025-02-26","BOD","DUB","Dublin","https://www.kayak.fr/flights/BOD-DUB/2025-02-26?sort=price_a","06:50","12:35","405","117.0","False","BOD","DUB","N/A","N/A","N/A","","easyJet","Ryanair","N/A","44.837789, -0.57918","53.3493795, -6.2605593","1032.73","2025-02-26 06:50:00","2025-02-26 12:35:00","","97","Wednesday","morning","long","standard","6261480983164822955"
"2024-11-21","2025-02-26","BOD","DUB","Dublin","https://www.kayak.fr/flights/BOD-DUB/2025-02-26?sort=price_a","09:00","16:10","490","117.0","False","BOD","DUB","N/A","N/A","N/A","","Aer Lingus","N/A","N/A","44.837789, -0.57918","53.3493795, -6.2605593","1032.73","2025-02-26 09:00:00","2025-02-26 16:10:00","","97","Wednesday","morning","long","standard","9031766236113383703"
"2024-11-21","2025-02-26","BOD","DUB","Dublin","https://www.kayak.fr/flights/BOD-DUB/2025-02-26?sort=price_a","14:50","21:25","455","119.0","False","BOD","DUB","N/A","N/A","N/A","","easyJet","Ryanair","N/A","44.837789, -0.57918","53.3493795, -6.2605593","1032.73","2025-02-26 14:50:00","2025-02-26 21:25:00","","97","Wednesday","afternoon","long","standard","1515662007195611899"
"2024-11-21","2025-02-26","BOD","DUB","Dublin","https://www.kayak.fr/flights/BOD-DUB/2025-02-26?sort=price_a","14:50","23:00","550","124.0","False","BOD","DUB","N/A","N/A","N/A","","easyJet","Ryanair","N/A","44.837789, -0.57918","53.3493795, -6.2605593","1032.73","2025-02-26 14:50:00","2025-02-26 23:00:00","","97","Wednesday","afternoon","long","standard","1698194338059984663"
"2024-11-21","2025-02-26","BOD","DUB","Dublin","https://www.kayak.fr/flights/BOD-DUB/2025-02-26?sort=price_a","14:50","20:10","380","125.0","False","BOD","DUB","N/A","N/A","N/A","","SNCF","Vueling","Économique","44.837789, -0.57918","53.3493795, -6.2605593","1032.73","2025-02-26 14:50:00","2025-02-26 20:10:00","","97","Wednesday","afternoon","long","standard","1952549977822306112"
"2024-11-21","2025-02-26","BOD","DUB","Dublin","https://www.kayak.fr/flights/BOD-DUB/2025-02-26?sort=price_a","06:00","12:40","460","125.0","False","BOD","DUB","N/A","N/A","N/A","","SNCF","Vueling","Économique","44.837789, -0.57918","53.3493795, -6.2605593","1032.73","2025-02-26 06:00:00","2025-02-26 12:40:00","","97","Wednesday","morning","long","standard","5620065391864230084"
"2024-11-21","2025-02-26","BOD","DUB","Dublin","https://www.kayak.fr/flights/BOD-DUB/2025-02-26?sort=price_a","09:20","14:20","360","127.0","False","BOD","DUB","N/A","N/A","N/A","","SNCF","Vueling","Économique","44.837789, -0.57918","53.3493795, -6.2605593","1032.73","2025-02-26 09:20:00","2025-02-26 14:20:00","","97","Wednesday","morning","moyen","standard","1609161705944910922"
"2024-11-21","2025-02-26","BOD","DUB","Dublin","https://www.kayak.fr/flights/BOD-DUB/2025-02-26?sort=price_a","18:25","22:40","315","133.0","False","BOD","DUB","N/A","N/A","N/A","","SNCF","Vueling","N/A","44.837789, -0.57918","53.3493795, -6.2605593","1032.73","2025-02-26 18:25:00","2025-02-26 22:40:00","","97","Wednesday","evening","moyen","standard","201009066831045120"
"2024-11-21","2025-02-26","BOD","DUB","Dublin","https://www.kayak.fr/flights/BOD-DUB/2025-02-26?sort=price_a","14:50","23:00","550","140.0","False","BOD","DUB","N/A","N/A","N/A","","easyJet","British Airways","N/A","44.837789, -0.57918","53.3493795, -6.2605593","1032.73","2025-02-26 14:50:00","2025-02-26 23:00:00","","97","Wednesday","afternoon","long","standard","1698194338059984663"
"2024-11-21","2025-02-26","BOD","DUB","Dublin","https://www.kayak.fr/flights/BOD-DUB/2025-02-26?sort=price_a","13:55","22:00","545","144.0","False","BOD","DUB","N/A","N/A","N/A","","SNCF","Vueling","N/A","44.837789, -0.57918","53.3493795, -6.2605593","1032.73","2025-02-26 13:55:00","2025-02-26 22:00:00","","97","Wednesday","afternoon","long","standard","3140932513231088523"
"2024-11-21","2025-02-26","BOD","DUB","Dublin","https://www.kayak.fr/flights/BOD-DUB/2025-02-26?sort=price_a","14:50","22:00","490","148.0","False","BOD","DUB","N/A","N/A","N/A","","easyJet","Brussels Airlines","N/A","44.837789, -0.57918","53.3493795, -6.2605593","1032.73","2025-02-26 14:50:00","2025-02-26 22:00:00","","97","Wednesday","afternoon","long","standard","4769217250643376960"
"2024-11-21","2025-02-27","BOD","DUB","Dublin","https://www.kayak.fr/flights/BOD-DUB/2025-02-27?sort=price_a","15:25","16:25","120","49.0","True","BOD","DUB","N/A","N/A","N/A","","Aer Lingus","N/A","Saver","44.837789, -0.57918","53.3493795, -6.2605593","1032.73","2025-02-27 15:25:00","2025-02-27 16:25:00","","98","Thursday","afternoon","court","cheap","4866747191514967855"
"2024-11-21","2025-02-27","BOD","DUB","Dublin","https://www.kayak.fr/flights/BOD-DUB/2025-02-27?sort=price_a","07:45","14:30","465","98.0","False","BOD","DUB","N/A","N/A","N/A","","Aer Lingus","N/A","Saver","44.837789, -0.57918","53.3493795, -6.2605593","1032.73","2025-02-27 07:45:00","2025-02-27 14:30:00","","98","Thursday","morning","long","cheap","6793512291109405218"
"2024-11-21","2025-02-27","BOD","DUB","Dublin","https://www.kayak.fr/flights/BOD-DUB/2025-02-27?sort=price_a","13:35","20:15","460","107.0","False","BOD","DUB","N/A","N/A","N/A","","Aer Lingus","N/A","Saver","44.837789, -0.57918","53.3493795, -6.2605593","1032.73","2025-02-27 13:35:00","2025-02-27 20:15:00","","98","Thursday","afternoon","long","cheap","3206606254298842949"
"2024-11-21","2025-02-27","BOD","DUB","Dublin","https://www.kayak.fr/flights/BOD-DUB/2025-02-27?sort=price_a","12:30","16:40","310","110.0","False","BOD","DUB","N/A","N/A","N/A","","Aer Lingus","N/A","N/A","44.837789, -0.57918","53.3493795, -6.2605593","1032.73","2025-02-27 12:30:00","2025-02-27 16:40:00","","98","Thursday","afternoon","moyen","cheap","1416910811780540541"
"2024-11-21","2025-02-27","BOD","DUB","Dublin","https://www.kayak.fr/flights/BOD-DUB/2025-02-27?sort=price_a","09:05","16:10","485","110.0","False","BOD","DUB","N/A","N/A","N/A","","easyJet","Aer Lingus","N/A","44.837789, -0.57918","53.3493795, -6.2605593","1032.73","2025-02-27 09:05:00","2025-02-27 16:10:00","","98","Thursday","morning","long","cheap","8699818569625887700"
"2024-11-21","2025-02-27","BOD","DUB","Dublin","https://www.kayak.fr/flights/BOD-DUB/2025-02-27?sort=price_a","18:00","22:05","305","114.0","False","BOD","DUB","N/A","N/A","N/A","","Aer Lingus","N/A","N/A","44.837789, -0.57918","53.3493795, -6.2605593","1032.73","2025-02-27 18:00:00","2025-02-27 22:05:00","","98","Thursday","evening","moyen","standard","8043355479832140871"
"2024-11-21","2025-02-27","BOD","DUB","Dublin","https://www.kayak.fr/flights/BOD-DUB/2025-02-27?sort=price_a","09:25","16:35","490","118.0","False","BOD","DUB","N/A","N/A","N/A","","easyJet","Jet2","N/A","44.837789, -0.57918","53.3493795, -6.2605593","1032.73","2025-02-27 09:25:00","2025-02-27 16:35:00","","98","Thursday","morning","long","standard","5874534579876300199"
"2024-11-21","2025-02-27","BOD","DUB","Dublin","https://www.kayak.fr/flights/BOD-DUB/2025-02-27?sort=price_a","13:35","21:20","525","118.0","False","BOD","DUB","N/A","N/A","N/A","","Vueling","easyJet","N/A","44.837789, -0.57918","53.3493795, -6.2605593","1032.73","2025-02-27 13:35:00","2025-02-27 21:20:00","","98","Thursday","afternoon","long","standard","4868855915268840609"
"2024-11-21","2025-02-27","BOD","DUB","Dublin","https://www.kayak.fr/flights/BOD-DUB/2025-02-27?sort=price_a","14:25","22:35","550","118.0","False","BOD","DUB","N/A","N/A","MAD","215.0","Volotea","Ryanair","Économique","44.837789, -0.57918","53.3493795, -6.2605593","1032.73","2025-02-27 14:25:00","2025-02-27 22:35:00","335.0","98","Thursday","afternoon","long","standard","9042168842578564865"
"2024-11-21","2025-02-27","BOD","DUB","Dublin","https://www.kayak.fr/flights/BOD-DUB/2025-02-27?sort=price_a","07:45","13:30","405","128.0","False","BOD","DUB","N/A","N/A","MAD","215.0","Volotea","Ryanair","Économique","44.837789, -0.57918","53.3493795, -6.2605593","1032.73","2025-02-27 07:45:00","2025-02-27 13:30:00","190.0","98","Thursday","morning","long","standard","4850688671261891742"
"2024-11-21","2025-02-27","BOD","DUB","Dublin","https://www.kayak.fr/flights/BOD-DUB/2025-02-27?sort=price_a","13:35","21:40","545","128.0","False","BOD","DUB","N/A","N/A","MAD","215.0","Volotea","Ryanair","Économique","44.837789, -0.57918","53.3493795, -6.2605593","1032.73","2025-02-27 13:35:00","2025-02-27 21:40:00","330.0","98","Thursday","afternoon","long","standard","4841772181751268156"
"2024-11-21","2025-02-27","BOD","DUB","Dublin","https://www.kayak.fr/flights/BOD-DUB/2025-02-27?sort=price_a","18:20","22:55","335","131.0","False","BOD","DUB","N/A","N/A","MAD","215.0","Volotea","Ryanair","N/A","44.837789, -0.57918","53.3493795, -6.2605593","1032.73","2025-02-27 18:20:00","2025-02-27 22:55:00","120.0","98","Thursday","evening","moyen","standard","4869799922663865909"
"2024-11-21","2025-02-27","BOD","DUB","Dublin","https://www.kayak.fr/flights/BOD-DUB/2025-02-27?sort=price_a","06:50","12:55","425","131.0","False","BOD","DUB","N/A","N/A","N/A","","easyJet","Ryanair","N/A","44.837789, -0.57918","53.3493795, -6.2605593","1032.73","2025-02-27 06:50:00","2025-02-27 12:55:00","","98","Thursday","morning","long","standard","3424581951518052968"
"2024-11-21","2025-02-27","BOD","DUB","Dublin","https://www.kayak.fr/flights/BOD-DUB/2025-02-27?sort=price_a","06:00","12:40","460","132.0","False","BOD","DUB","N/A","N/A","MAD","215.0","Volotea","Ryanair","N/A","44.837789, -0.57918","53.3493795, -6.2605593","1032.73","2025-02-27 06:00:00","2025-02-27 12:40:00","245.0","98","Thursday","morning","long","standard","2414141519906586021"
"2024-11-21","2025-02-27","BOD","DUB","Dublin","https://www.kayak.fr/flights/BOD-DUB/2025-02-27?sort=price_a","06:50","11:45","355","133.0","False","BOD","DUB","N/A","N/A","N/A","","easyJet","Ryanair","N/A","44.837789, -0.57918","53.3493795, -6.2605593","1032.73","2025-02-27 06:50:00","2025-02-27 11:45:00","","98","Thursday","morning","moyen","standard","8644434734201648123"
"2024-11-21","2025-02-28","BOD","DUB","Dublin","https://www.kayak.fr/flights/BOD-DUB/2025-02-28?sort=price_a","15:25","16:25","120","84.0","True","BOD","DUB","N/A","N/A","N/A","","Aer Lingus","N/A","Saver","44.837789, -0.57918","53.3493795, -6.2605593","1032.73","2025-02-28 15:25:00","2025-02-28 16:25:00","","99","Friday","afternoon","court","cheap","5896503284186361444"
"2024-11-21","2025-02-28","BOD","DUB","Dublin","https://www.kayak.fr/flights/BOD-DUB/2025-02-28?sort=price_a","13:35","20:05","450","93.0","False","BOD","DUB","N/A","N/A","N/A","","Aer Lingus","N/A","Saver","44.837789, -0.57918","53.3493795, -6.2605593","1032.73","2025-02-28 13:35:00","2025-02-28 20:05:00","","99","Friday","afternoon","long","cheap","2472147422145667628"
"2024-11-21","2025-02-28","BOD","DUB","Dublin","https://www.kayak.fr/flights/BOD-DUB/2025-02-28?sort=price_a","14:45","18:30","285","99.0","False","BOD","DUB","N/A","N/A","N/A","","Aer Lingus","N/A","Saver","44.837789, -0.57918","53.3493795, -6.2605593","1032.73","2025-02-28 14:45:00","2025-02-28 18:30:00","","99","Friday","afternoon","moyen","cheap","5322378281176658402"
"2024-11-21","2025-02-28","BOD","DUB","Dublin","https://www.kayak.fr/flights/BOD-DUB/2025-02-28?sort=price_a","13:35","18:00","325","99.0","False","BOD","DUB","N/A","N/A","N/A","","Aer Lingus","N/A","N/A","44.837789, -0.57918","53.3493795, -6.2605593","1032.73","2025-02-28 13:35:00","2025-02-28 18:00:00","","99","Friday","afternoon","moyen","cheap","8905249146864079983"
"2024-11-21","2025-02-28","BOD","DUB","Dublin","https://www.kayak.fr/flights/BOD-DUB/2025-02-28?sort=price_a","13:35","19:45","430","104.0","False","BOD","DUB","N/A","N/A","N/A","","Vueling","Ryanair","N/A","44.837789, -0.57918","53.3493795, -6.2605593","1032.73","2025-02-28 13:35:00","2025-02-28 19:45:00","","99","Friday","afternoon","long","cheap","5127655656098711191"
"2024-11-21","2025-02-28","BOD","DUB","Dublin","https://www.kayak.fr/flights/BOD-DUB/2025-02-28?sort=price_a","18:05","22:05","300","117.0","False","BOD","DUB","N/A","N/A","N/A","","Aer Lingus","N/A","N/A","44.837789, -0.57918","53.3493795, -6.2605593","1032.73","2025-02-28 18:05:00","2025-02-28 22:05:00","","99","Friday","evening","moyen","standard","6938485377840989082"
"2024-11-21","2025-02-28","BOD","DUB","Dublin","https://www.kayak.fr/flights/BOD-DUB/2025-02-28?sort=price_a","09:55","14:55","360","124.0","False","BOD","DUB","N/A","N/A","N/A","","Vueling","Ryanair","N/A","44.837789, -0.57918","53.3493795, -6.2605593","1032.73","2025-02-28 09:55:00","2025-02-28 14:55:00","","99","Friday","morning","moyen","standard","102500835011326343"
"2024-11-21","2025-02-28","BOD","DUB","Dublin","https://www.kayak.fr/flights/BOD-DUB/2025-02-28?sort=price_a","06:50","15:05","555","129.0","False","BOD","DUB","N/A","N/A","N/A","","easyJet","Ryanair","N/A","44.837789, -0.57918","53.3493795, -6.2605593","1032.73","2025-02-28 06:50:00","2025-02-28 15:05:00","","99","Friday","morning","long","standard","2759469924670598028"
"2024-11-21","2025-02-28","BOD","DUB","Dublin","https://www.kayak.fr/flights/BOD-DUB/2025-02-28?sort=price_a","09:55","18:00","545","131.0","False","BOD","DUB","N/A","N/A","BRS","295.0","easyJet","Ryanair","Standard","44.837789, -0.57918","53.3493795, -6.2605593","1032.73","2025-02-28 09:55:00","2025-02-28 18:00:00","250.0","99","Friday","morning","long","standard","3794896191043559223"
"2024-11-21","2025-02-28","BOD","DUB","Dublin","https://www.kayak.fr/flights/BOD-DUB/2025-02-28?sort=price_a","12:30","16:40","310","135.0","False","BOD","DUB","N/A","N/A","BRS","295.0","easyJet","Ryanair","Standard","44.837789, -0.57918","53.3493795, -6.2605593","1032.73","2025-02-28 12:30:00","2025-02-28 16:40:00","15.0","99","Friday","afternoon","moyen","standard","2199765909921983223"
"2024-11-21","2025-02-28","BOD","DUB","Dublin","https://www.kayak.fr/flights/BOD-DUB/2025-02-28?sort=price_a","06:50","14:05","495","135.0","False","BOD","DUB","N/A","N/A","BRS","295.0","easyJet","Ryanair","Standard","44.837789, -0.57918","53.3493795, -6.2605593","1032.73","2025-02-28 06:50:00","2025-02-28 14:05:00","200.0","99","Friday","morning","long","standard","250650898588533838"
"2024-11-21","2025-02-28","BOD","DUB","Dublin","https://www.kayak.fr/flights/BOD-DUB/2025-02-28?sort=price_a","13:55","19:05","370","142.0","False","BOD","DUB","N/A","N/A","BRS","295.0","easyJet","Ryanair","N/A","44.837789, -0.57918","53.3493795, -6.2605593","1032.73","2025-02-28 13:55:00","2025-02-28 19:05:00","75.0","99","Friday","afternoon","long","standard","6761749514734954077"
"2024-11-21","2025-02-28","BOD","DUB","Dublin","https://www.kayak.fr/flights/BOD-DUB/2025-02-28?sort=price_a","13:55","20:15","440","142.0","False","BOD","DUB","N/A","N/A","N/A","","easyJet","Ryanair","N/A","44.837789, -0.57918","53.3493795, -6.2605593","1032.73","2025-02-28 13:55:00","2025-02-28 20:15:00","","99","Friday","afternoon","long","standard","6548614759637186408"
"2024-11-21","2025-02-28","BOD","DUB","Dublin","https://www.kayak.fr/flights/BOD-DUB/2025-02-28?sort=price_a","15:45","23:20","515","143.0","False","BOD","DUB","N/A","N/A","BRS","295.0","easyJet","Ryanair","N/A","44.837789, -0.57918","53.3493795, -6.2605593","1032.73","2025-02-28 15:45:00","2025-02-28 23:20:00","220.0","99","Friday","afternoon","long","standard","7142144527314771701"
"2024-11-21","2025-02-28","BOD","DUB","Dublin","https://www.kayak.fr/flights/BOD-DUB/2025-02-28?sort=price_a","06:00","12:40","460","147.0","False","BOD","DUB","N/A","N/A","N/A","","KLM","N/A","N/A","44.837789, -0.57918","53.3493795, -6.2605593","1032.73","2025-02-28 06:00:00","2025-02-28 12:40:00","","99","Friday","morning","long","standard","8387696841547534866"
"2024-11-21","2025-03-01","BOD","DUB","Dublin","https://www.kayak.fr/flights/BOD-DUB/2025-03-01?sort=price_a","21:45","11:55+1","910","85.0","False","BOD","DUB","N/A","N/A","BCN","675.0","Vueling","N/A","Économique","44.837789, -0.57918","53.3493795, -6.2605593","1032.73","2025-03-01 21:45:00","2025-03-02 11:55:00","235.0","100","Saturday","evening","long","cheap","7465288488566002670"
"2024-11-21","2025-03-01","BOD","DUB","Dublin","https://www.kayak.fr/flights/BOD-DUB/2025-03-01?sort=price_a","21:45","11:35+1","890","99.0","False","BOD","DUB","N/A","N/A","BCN","675.0","Vueling","N/A","Économique","44.837789, -0.57918","53.3493795, -6.2605593","1032.73","2025-03-01 21:45:00","2025-03-02 11:35:00","215.0","100","Saturday","evening","long","cheap","5033528913611461379"
"2024-11-21","2025-03-01","BOD","DUB","Dublin","https://www.kayak.fr/flights/BOD-DUB/2025-03-01?sort=price_a","21:45","11:30+1","885","107.0","False","BOD","DUB","N/A","N/A","BCN","675.0","Vueling","N/A","Économique","44.837789, -0.57918","53.3493795, -6.2605593","1032.73","2025-03-01 21:45:00","2025-03-02 11:30:00","210.0","100","Saturday","evening","long","cheap","1339968903205756473"
"2024-11-21","2025-03-01","BOD","DUB","Dublin","https://www.kayak.fr/flights/BOD-DUB/2025-03-01?sort=price_a","21:45","11:25+1","880","116.0","False","BOD","DUB","N/A","N/A","BCN","675.0","Vueling","N/A","N/A","44.837789, -0.57918","53.3493795, -6.2605593","1032.73","2025-03-01 21:45:00","2025-03-02 11:25:00","205.0","100","Saturday","evening","long","standard","411926993748214116"
"2024-11-21","2025-03-01","BOD","DUB","Dublin","https://www.kayak.fr/flights/BOD-DUB/2025-03-01?sort=price_a","07:00","23:50","1070","126.0","False","BOD","DUB","N/A","N/A","N/A","","easyJet","Ryanair","N/A","44.837789, -0.57918","53.3493795, -6.2605593","1032.73","2025-03-01 07:00:00","2025-03-01 23:50:00","","100","Saturday","morning","long","standard","721979574043908831"
"2024-11-21","2025-03-01","BOD","DUB","Dublin","https://www.kayak.fr/flights/BOD-DUB/2025-03-01?sort=price_a","21:45","10:35+1","830","129.0","False","BOD","DUB","N/A","N/A","BCN","675.0","Vueling","N/A","N/A","44.837789, -0.57918","53.3493795, -6.2605593","1032.73","2025-03-01 21:45:00","2025-03-02 10:35:00","155.0","100","Saturday","evening","long","standard","295398559443682123"
"2024-11-21","2025-03-01","BOD","DUB","Dublin","https://www.kayak.fr/flights/BOD-DUB/2025-03-01?sort=price_a","07:00","18:05","725","132.0","False","BOD","DUB","N/A","N/A","N/A","","easyJet","Ryanair","N/A","44.837789, -0.57918","53.3493795, -6.2605593","1032.73","2025-03-01 07:00:00","2025-03-01 18:05:00","","100","Saturday","morning","long","standard","7736574832219672396"
"2024-11-21","2025-03-01","BOD","DUB","Dublin","https://www.kayak.fr/flights/BOD-DUB/2025-03-01?sort=price_a","11:35","23:50","795","132.0","False","BOD","DUB","N/A","N/A","N/A","","easyJet","Ryanair","N/A","44.837789, -0.57918","53.3493795, -6.2605593","1032.73","2025-03-01 11:35:00","2025-03-01 23:50:00","","100","Saturday","morning","long","standard","110464421755522629"
"2024-11-21","2025-03-01","BOD","DUB","Dublin","https://www.kayak.fr/flights/BOD-DUB/2025-03-01?sort=price_a","07:00","19:20","800","132.0","False","BOD","DUB","N/A","N/A","BCN","655.0","Vueling","Ryanair","Économique","44.837789, -0.57918","53.3493795, -6.2605593","1032.73","2025-03-01 07:00:00","2025-03-01 19:20:00","145.0","100","Saturday","morning","long","standard","2755508362670309435"
"2024-11-21","2025-03-01","BOD","DUB","Dublin","https://www.kayak.fr/flights/BOD-DUB/2025-03-01?sort=price_a","07:00","13:40","460","137.0","False","BOD","DUB","N/A","N/A","BCN","655.0","Vueling","Ryanair","Économique","44.837789, -0.57918","53.3493795, -6.2605593","1032.73","2025-03-01 07:00:00","2025-03-01 13:40:00","","100","Saturday","morning","long","standard","8920329309112921289"
"2024-11-21","2025-03-01","BOD","DUB","Dublin","https://www.kayak.fr/flights/BOD-DUB/2025-03-01?sort=price_a","07:00","18:25","745","138.0","False","BOD","DUB","N/A","N/A","BCN","655.0","Vueling","Ryanair","Économique","44.837789, -0.57918","53.3493795, -6.2605593","1032.73","2025-03-01 07:00:00","2025-03-01 18:25:00","90.0","100","Saturday","morning","long","standard","2580502957663261697"
"2024-11-21","2025-03-01","BOD","DUB","Dublin","https://www.kayak.fr/flights/BOD-DUB/2025-03-01?sort=price_a","07:00","17:10","670","139.0","False","BOD","DUB","N/A","N/A","BCN","655.0","Vueling","Ryanair","N/A","44.837789, -0.57918","53.3493795, -6.2605593","1032.73","2025-03-01 07:00:00","2025-03-01 17:10:00","15.0","100","Saturday","morning","long","standard","1162330839300722243"
"2024-11-21","2025-03-01","BOD","DUB","Dublin","https://www.kayak.fr/flights/BOD-DUB/2025-03-01?sort=price_a","11:35","19:55","560","143.0","False","BOD","DUB","N/A","N/A","N/A","","easyJet","Ryanair","N/A","44.837789, -0.57918","53.3493795, -6.2605593","1032.73","2025-03-01 11:35:00","2025-03-01 19:55:00","","100","Saturday","morning","long","standard","1047300203813280314"
"2024-11-21","2025-03-01","BOD","DUB","Dublin","https://www.kayak.fr/flights/BOD-DUB/2025-03-01?sort=price_a","11:35","21:50","675","143.0","False","BOD","DUB","N/A","N/A","BCN","655.0","Vueling","Ryanair","N/A","44.837789, -0.57918","53.3493795, -6.2605593","1032.73","2025-03-01 11:35:00","2025-03-01 21:50:00","20.0","100","Saturday","morning","long","standard","7006548907880199221"
"2024-11-21","2025-03-01","BOD","DUB","Dublin","https://www.kayak.fr/flights/BOD-DUB/2025-03-01?sort=price_a","11:35","21:55","680","143.0","False","BOD","DUB","N/A","N/A","N/A","","easyJet","Ryanair","N/A","44.837789, -0.57918","53.3493795, -6.2605593","1032.73","2025-03-01 11:35:00","2025-03-01 21:55:00","","100","Saturday","morning","long","standard","8359150003925373189"
"2024-11-21","2025-03-02","BOD","DUB","Dublin","https://www.kayak.fr/flights/BOD-DUB/2025-03-02?sort=price_a","21:50","08:35+1","705","81.0","False","BOD","DUB","N/A","N/A","BRS","545.0","easyJet","Ryanair","Standard","44.837789, -0.57918","53.3493795, -6.2605593","1032.73","2025-03-02 21:50:00","2025-03-03 08:35:00","160.0","101","Sunday","evening","long","cheap","5594740939824353306"
"2024-11-21","2025-03-02","BOD","DUB","Dublin","https://www.kayak.fr/flights/BOD-DUB/2025-03-02?sort=price_a","15:25","16:25","120","86.0","True","BOD","DUB","N/A","N/A","N/A","","easyJet","Ryanair","Standard","44.837789, -0.57918","53.3493795, -6.2605593","1032.73","2025-03-02 15:25:00","2025-03-02 16:25:00","","101","Sunday","afternoon","court","cheap","5274394521429535851"
"2024-11-21","2025-03-02","BOD","DUB","Dublin","https://www.kayak.fr/flights/BOD-DUB/2025-03-02?sort=price_a","18:15","22:55","340","122.0","False","BOD","DUB","N/A","N/A","BRS","545.0","easyJet","Ryanair","Standard","44.837789, -0.57918","53.3493795, -6.2605593","1032.73","2025-03-02 18:15:00","2025-03-02 22:55:00","","101","Sunday","evening","moyen","standard","4851053355448317364"
"2024-11-21","2025-03-02","BOD","DUB","Dublin","https://www.kayak.fr/flights/BOD-DUB/2025-03-02?sort=price_a","12:30","19:15","465","131.0","False","BOD","DUB","N/A","N/A","BRS","545.0","easyJet","Ryanair","N/A","44.837789, -0.57918","53.3493795, -6.2605593","1032.73","2025-03-02 12:30:00","2025-03-02 19:15:00","","101","Sunday","afternoon","long","standard","267567476398474589"
"2024-11-21","2025-03-02","BOD","DUB","Dublin","https://www.kayak.fr/flights/BOD-DUB/2025-03-02?sort=price_a","08:10","15:00","470","149.0","False","BOD","DUB","N/A","N/A","N/A","","easyJet","Ryanair","N/A","44.837789, -0.57918","53.3493795, -6.2605593","1032.73","2025-03-02 08:10:00","2025-03-02 15:00:00","","101","Sunday","morning","long","standard","2219600920106377920"
"2024-11-21","2025-03-02","BOD","DUB","Dublin","https://www.kayak.fr/flights/BOD-DUB/2025-03-02?sort=price_a","12:30","20:20","530","149.0","False","BOD","DUB","N/A","N/A","BRS","545.0","easyJet","Ryanair","N/A","44.837789, -0.57918","53.3493795, -6.2605593","1032.73","2025-03-02 12:30:00","2025-03-02 20:20:00","","101","Sunday","afternoon","long","standard","763631280373265034"
"2024-11-21","2025-03-02","BOD","DUB","Dublin","https://www.kayak.fr/flights/BOD-DUB/2025-03-02?sort=price_a","12:30","17:40","370","150.0","False","BOD","DUB","N/A","N/A","N/A","","easyJet","British Airways","N/A","44.837789, -0.57918","53.3493795, -6.2605593","1032.73","2025-03-02 12:30:00","2025-03-02 17:40:00","","101","Sunday","afternoon","long","standard","8752274396919495176"
"2024-11-21","2025-03-02","BOD","DUB","Dublin","https://www.kayak.fr/flights/BOD-DUB/2025-03-02?sort=price_a","18:30","22:40","310","153.0","False","BOD","DUB","N/A","N/A","N/A","","Lufthansa","N/A","N/A","44.837789, -0.57918","53.3493795, -6.2605593","1032.73","2025-03-02 18:30:00","2025-03-02 22:40:00","","101","Sunday","evening","moyen","standard","3778986274154790570"
"2024-11-21","2025-03-02","BOD","DUB","Dublin","https://www.kayak.fr/flights/BOD-DUB/2025-03-02?sort=price_a","12:30","18:40","430","155.0","False","BOD","DUB","N/A","N/A","N/A","","Aer Lingus","N/A","Saver","44.837789, -0.57918","53.3493795, -6.2605593","1032.73","2025-03-02 12:30:00","2025-03-02 18:40:00","","101","Sunday","afternoon","long","high","2663185125151234042"
"2024-11-21","2025-03-02","BOD","DUB","Dublin","https://www.kayak.fr/flights/BOD-DUB/2025-03-02?sort=price_a","12:30","17:10","340","158.0","False","BOD","DUB","N/A","N/A","N/A","","Aer Lingus","N/A","Saver","44.837789, -0.57918","53.3493795, -6.2605593","1032.73","2025-03-02 12:30:00","2025-03-02 17:10:00","","101","Sunday","afternoon","moyen","high","4189281466744909248"
"2024-11-21","2025-03-02","BOD","DUB","Dublin","https://www.kayak.fr/flights/BOD-DUB/2025-03-02?sort=price_a","17:50","23:30","400","159.0","False","BOD","DUB","N/A","N/A","N/A","","Aer Lingus","N/A","Saver","44.837789, -0.57918","53.3493795, -6.2605593","1032.73","2025-03-02 17:50:00","2025-03-02 23:30:00","","101","Sunday","evening","long","high","8502624700577744936"
"2024-11-21","2025-03-02","BOD","DUB","Dublin","https://www.kayak.fr/flights/BOD-DUB/2025-03-02?sort=price_a","18:05","22:05","300","164.0","False","BOD","DUB","N/A","N/A","N/A","","Aer Lingus","N/A","N/A","44.837789, -0.57918","53.3493795, -6.2605593","1032.73","2025-03-02 18:05:00","2025-03-02 22:05:00","","101","Sunday","evening","moyen","high","1494292370700842724"
"2024-11-21","2025-03-02","BOD","DUB","Dublin","https://www.kayak.fr/flights/BOD-DUB/2025-03-02?sort=price_a","14:20","21:00","460","165.0","False","BOD","DUB","N/A","N/A","N/A","","easyJet","Ryanair","N/A","44.837789, -0.57918","53.3493795, -6.2605593","1032.73","2025-03-02 14:20:00","2025-03-02 21:00:00","","101","Sunday","afternoon","long","high","3572275046395572631"
"2024-11-21","2025-03-02","BOD","DUB","Dublin","https://www.kayak.fr/flights/BOD-DUB/2025-03-02?sort=price_a","12:30","19:40","490","168.0","False","BOD","DUB","N/A","N/A","N/A","","Aer Lingus","N/A","N/A","44.837789, -0.57918","53.3493795, -6.2605593","1032.73","2025-03-02 12:30:00","2025-03-02 19:40:00","","101","Sunday","afternoon","long","high","4101312238558183367"
"2024-11-21","2025-03-02","BOD","DUB","Dublin","https://www.kayak.fr/flights/BOD-DUB/2025-03-02?sort=price_a","09:55","17:45","530","168.0","False","BOD","DUB","N/A","N/A","N/A","","Vueling","Ryanair","N/A","44.837789, -0.57918","53.3493795, -6.2605593","1032.73","2025-03-02 09:55:00","2025-03-02 17:45:00","","101","Sunday","morning","long","high","3970028713210609142"
"2024-11-21","2025-03-03","BOD","DUB","Dublin","https://www.kayak.fr/flights/BOD-DUB/2025-03-03?sort=price_a","15:25","16:25","120","76.0","True","BOD","DUB","N/A","N/A","N/A","","Aer Lingus","N/A","Saver","44.837789, -0.57918","53.3493795, -6.2605593","1032.73","2025-03-03 15:25:00","2025-03-03 16:25:00","","102","Monday","afternoon","court","cheap","9012601711245572547"
"2024-11-21","2025-03-03","BOD","DUB","Dublin","https://www.kayak.fr/flights/BOD-DUB/2025-03-03?sort=price_a","18:10","00:20+1","430","89.0","False","BOD","DUB","N/A","N/A","N/A","","Aer Lingus","N/A","Saver","44.837789, -0.57918","53.3493795, -6.2605593","1032.73","2025-03-03 18:10:00","2025-03-04 00:20:00","","102","Monday","evening","long","cheap","238407998569763656"
"2024-11-21","2025-03-03","BOD","DUB","Dublin","https://www.kayak.fr/flights/BOD-DUB/2025-03-03?sort=price_a","18:00","22:05","305","92.0","False","BOD","DUB","N/A","N/A","N/A","","Aer Lingus","N/A","Saver","44.837789, -0.57918","53.3493795, -6.2605593","1032.73","2025-03-03 18:00:00","2025-03-03 22:05:00","","102","Monday","evening","moyen","cheap","2351577507136583482"
"2024-11-21","2025-03-03","BOD","DUB","Dublin","https://www.kayak.fr/flights/BOD-DUB/2025-03-03?sort=price_a","18:10","22:50","340","92.0","False","BOD","DUB","N/A","N/A","N/A","","Aer Lingus","N/A","N/A","44.837789, -0.57918","53.3493795, -6.2605593","1032.73","2025-03-03 18:10:00","2025-03-03 22:50:00","","102","Monday","evening","moyen","cheap","4725662050770137629"
"2024-11-21","2025-03-03","BOD","DUB","Dublin","https://www.kayak.fr/flights/BOD-DUB/2025-03-03?sort=price_a","18:10","21:45","275","100.0","False","BOD","DUB","N/A","N/A","N/A","","easyJet","Ryanair","N/A","44.837789, -0.57918","53.3493795, -6.2605593","1032.73","2025-03-03 18:10:00","2025-03-03 21:45:00","","102","Monday","evening","moyen","cheap","6626772799034914340"
"2024-11-21","2025-03-03","BOD","DUB","Dublin","https://www.kayak.fr/flights/BOD-DUB/2025-03-03?sort=price_a","13:55","21:20","505","109.0","False","BOD","DUB","N/A","N/A","N/A","","Aer Lingus","N/A","N/A","44.837789, -0.57918","53.3493795, -6.2605593","1032.73","2025-03-03 13:55:00","2025-03-03 21:20:00","","102","Monday","afternoon","long","cheap","7775007710557678522"
"2024-11-21","2025-03-03","BOD","DUB","Dublin","https://www.kayak.fr/flights/BOD-DUB/2025-03-03?sort=price_a","13:55","21:45","530","113.0","False","BOD","DUB","N/A","N/A","N/A","","Vueling","Ryanair","N/A","44.837789, -0.57918","53.3493795, -6.2605593","1032.73","2025-03-03 13:55:00","2025-03-03 21:45:00","","102","Monday","afternoon","long","standard","5891316216812039530"
"2024-11-21","2025-03-03","BOD","DUB","Dublin","https://www.kayak.fr/flights/BOD-DUB/2025-03-03?sort=price_a","10:40","15:40","360","115.0","False","BOD","DUB","N/A","N/A","N/A","","easyJet","Ryanair","N/A","44.837789, -0.57918","53.3493795, -6.2605593","1032.73","2025-03-03 10:40:00","2025-03-03 15:40:00","","102","Monday","morning","moyen","standard","7362316831240641829"
"2024-11-21","2025-03-03","BOD","DUB","Dublin","https://www.kayak.fr/flights/BOD-DUB/2025-03-03?sort=price_a","12:30","16:40","310","116.0","False","BOD","DUB","N/A","N/A","N/A","","easyJet","Ryanair","Standard","44.837789, -0.57918","53.3493795, -6.2605593","1032.73","2025-03-03 12:30:00","2025-03-03 16:40:00","","102","Monday","afternoon","moyen","standard","8334803853594334696"
"2024-11-21","2025-03-03","BOD","DUB","Dublin","https://www.kayak.fr/flights/BOD-DUB/2025-03-03?sort=price_a","06:50","15:05","555","120.0","False","BOD","DUB","N/A","N/A","N/A","","easyJet","Ryanair","Standard","44.837789, -0.57918","53.3493795, -6.2605593","1032.73","2025-03-03 06:50:00","2025-03-03 15:05:00","","102","Monday","morning","long","standard","6970568294323797094"
"2024-11-21","2025-03-03","BOD","DUB","Dublin","https://www.kayak.fr/flights/BOD-DUB/2025-03-03?sort=price_a","13:55","21:30","515","121.0","False","BOD","DUB","N/A","N/A","N/A","","easyJet","Ryanair","Standard","44.837789, -0.57918","53.3493795, -6.2605593","1032.73","2025-03-03 13:55:00","2025-03-03 21:30:00","","102","Monday","afternoon","long","standard","1762352353709681235"
"2024-11-21","2025-03-03","BOD","DUB","Dublin","https://www.kayak.fr/flights/BOD-DUB/2025-03-03?sort=price_a","06:50","13:00","430","125.0","False","BOD","DUB","N/A","N/A","N/A","","easyJet","Ryanair","N/A","44.837789, -0.57918","53.3493795, -6.2605593","1032.73","2025-03-03 06:50:00","2025-03-03 13:00:00","","102","Monday","morning","long","standard","8553010111755237083"
"2024-11-21","2025-03-03","BOD","DUB","Dublin","https://www.kayak.fr/flights/BOD-DUB/2025-03-03?sort=price_a","10:40","18:20","520","125.0","False","BOD","DUB","N/A","N/A","N/A","","easyJet","Ryanair","N/A","44.837789, -0.57918","53.3493795, -6.2605593","1032.73","2025-03-03 10:40:00","2025-03-03 18:20:00","","102","Monday","morning","long","standard","7803803466718066968"
"2024-11-21","2025-03-03","BOD","DUB","Dublin","https://www.kayak.fr/flights/BOD-DUB/2025-03-03?sort=price_a","09:55","16:55","480","126.0","False","BOD","DUB","N/A","N/A","N/A","","easyJet","Ryanair","N/A","44.837789, -0.57918","53.3493795, -6.2605593","1032.73","2025-03-03 09:55:00","2025-03-03 16:55:00","","102","Monday","morning","long","standard","1740551507299178626"
"2024-11-21","2025-03-03","BOD","DUB","Dublin","https://www.kayak.fr/flights/BOD-DUB/2025-03-03?sort=price_a","06:50","10:20","270","129.0","False","BOD","DUB","N/A","N/A","N/A","","easyJet","Ryanair","N/A","44.837789, -0.57918","53.3493795, -6.2605593","1032.73","2025-03-03 06:50:00","2025-03-03 10:20:00","","102","Monday","morning","moyen","standard","9024013494196963413"
"2024-11-21","2025-03-04","BOD","DUB","Dublin","https://www.kayak.fr/flights/BOD-DUB/2025-03-04?sort=price_a","19:50","10:30+1","940","48.0","False","BOD","DUB","N/A","N/A","BCN","700.0","Vueling","N/A","Économique","44.837789, -0.57918","53.3493795, -6.2605593","1032.73","2025-03-04 19:50:00","2025-03-05 10:30:00","240.0","103","Tuesday","evening","long","cheap","2436162335937574282"
"2024-11-21","2025-03-04","BOD","DUB","Dublin","https://www.kayak.fr/flights/BOD-DUB/2025-03-04?sort=price_a","19:50","07:30+1","760","79.0","False","BOD","DUB","N/A","N/A","BCN","700.0","Vueling","N/A","Économique","44.837789, -0.57918","53.3493795, -6.2605593","1032.73","2025-03-04 19:50:00","2025-03-05 07:30:00","60.0","103","Tuesday","evening","long","cheap","4576936273782876030"
"2024-11-21","2025-03-04","BOD","DUB","Dublin","https://www.kayak.fr/flights/BOD-DUB/2025-03-04?sort=price_a","18:00","22:05","305","92.0","False","BOD","DUB","N/A","N/A","BCN","700.0","Vueling","N/A","Économique","44.837789, -0.57918","53.3493795, -6.2605593","1032.73","2025-03-04 18:00:00","2025-03-04 22:05:00","","103","Tuesday","evening","moyen","cheap","5731126019324446787"
"2024-11-21","2025-03-04","BOD","DUB","Dublin","https://www.kayak.fr/flights/BOD-DUB/2025-03-04?sort=price_a","12:30","16:40","310","92.0","False","BOD","DUB","N/A","N/A","BCN","700.0","Vueling","N/A","N/A","44.837789, -0.57918","53.3493795, -6.2605593","1032.73","2025-03-04 12:30:00","2025-03-04 16:40:00","","103","Tuesday","afternoon","moyen","cheap","6863052819231725605"
"2024-11-21","2025-03-04","BOD","DUB","Dublin","https://www.kayak.fr/flights/BOD-DUB/2025-03-04?sort=price_a","12:30","22:05","635","92.0","False","BOD","DUB","N/A","N/A","N/A","","KLM","N/A","N/A","44.837789, -0.57918","53.3493795, -6.2605593","1032.73","2025-03-04 12:30:00","2025-03-04 22:05:00","","103","Tuesday","afternoon","long","cheap","2925761825956986592"
"2024-11-21","2025-03-04","BOD","DUB","Dublin","https://www.kayak.fr/flights/BOD-DUB/2025-03-04?sort=price_a","06:00","12:40","460","93.0","False","BOD","DUB","N/A","N/A","BCN","700.0","Vueling","N/A","N/A","44.837789, -0.57918","53.3493795, -6.2605593","1032.73","2025-03-04 06:00:00","2025-03-04 12:40:00","","103","Tuesday","morning","long","cheap","7035031015775248365"
"2024-11-21","2025-03-04","BOD","DUB","Dublin","https://www.kayak.fr/flights/BOD-DUB/2025-03-04?sort=price_a","06:00","16:40","700","93.0","False","BOD","DUB","N/A","N/A","N/A","","KLM","N/A","N/A","44.837789, -0.57918","53.3493795, -6.2605593","1032.73","2025-03-04 06:00:00","2025-03-04 16:40:00","","103","Tuesday","morning","long","cheap","3107910910608029080"
"2024-11-21","2025-03-04","BOD","DUB","Dublin","https://www.kayak.fr/flights/BOD-DUB/2025-03-04?sort=price_a","18:00","08:05+1","905","93.0","False","BOD","DUB","N/A","N/A","N/A","","KLM","N/A","N/A","44.837789, -0.57918","53.3493795, -6.2605593","1032.73","2025-03-04 18:00:00","2025-03-05 08:05:00","","103","Tuesday","evening","long","cheap","4619120244600236601"
"2024-11-21","2025-03-04","BOD","DUB","Dublin","https://www.kayak.fr/flights/BOD-DUB/2025-03-04?sort=price_a","07:25","22:25","960","96.0","False","BOD","DUB","N/A","N/A","BCN","525.0","Vueling","Ryanair","Économique","44.837789, -0.57918","53.3493795, -6.2605593","1032.73","2025-03-04 07:25:00","2025-03-04 22:25:00","435.0","103","Tuesday","morning","long","cheap","6006318597299762530"
"2024-11-21","2025-03-04","BOD","DUB","Dublin","https://www.kayak.fr/flights/BOD-DUB/2025-03-04?sort=price_a","17:30","07:40+1","910","97.0","False","BOD","DUB","N/A","N/A","BCN","525.0","Vueling","Ryanair","Économique","44.837789, -0.57918","53.3493795, -6.2605593","1032.73","2025-03-04 17:30:00","2025-03-05 07:40:00","385.0","103","Tuesday","evening","long","cheap","868742395061946292"
"2024-11-21","2025-03-04","BOD","DUB","Dublin","https://www.kayak.fr/flights/BOD-DUB/2025-03-04?sort=price_a","07:25","11:00","275","98.0","False","BOD","DUB","N/A","N/A","BCN","525.0","Vueling","Ryanair","Économique","44.837789, -0.57918","53.3493795, -6.2605593","1032.73","2025-03-04 07:25:00","2025-03-04 11:00:00","","103","Tuesday","morning","moyen","cheap","3383086072879786842"
"2024-11-21","2025-03-04","BOD","DUB","Dublin","https://www.kayak.fr/flights/BOD-DUB/2025-03-04?sort=price_a","07:25","21:15","890","98.0","False","BOD","DUB","N/A","N/A","BCN","525.0","Vueling","Ryanair","N/A","44.837789, -0.57918","53.3493795, -6.2605593","1032.73","2025-03-04 07:25:00","2025-03-04 21:15:00","365.0","103","Tuesday","morning","long","cheap","184412372719122156"
"2024-11-21","2025-03-04","BOD","DUB","Dublin","https://www.kayak.fr/flights/BOD-DUB/2025-03-04?sort=price_a","12:30","22:25","655","102.0","False","BOD","DUB","N/A","N/A","N/A","","easyJet","Ryanair UK","N/A","44.837789, -0.57918","53.3493795, -6.2605593","1032.73","2025-03-04 12:30:00","2025-03-04 22:25:00","","103","Tuesday","afternoon","long","cheap","9122075745025355146"
"2024-11-21","2025-03-04","BOD","DUB","Dublin","https://www.kayak.fr/flights/BOD-DUB/2025-03-04?sort=price_a","07:25","14:45","500","103.0","False","BOD","DUB","N/A","N/A","BCN","525.0","Vueling","Ryanair","N/A","44.837789, -0.57918","53.3493795, -6.2605593","1032.73","2025-03-04 07:25:00","2025-03-04 14:45:00","","103","Tuesday","morning","long","cheap","3379913568652429227"
"2024-11-21","2025-03-04","BOD","DUB","Dublin","https://www.kayak.fr/flights/BOD-DUB/2025-03-04?sort=price_a","07:25","12:45","380","105.0","False","BOD","DUB","N/A","N/A","N/A","","easyJet","Ryanair","N/A","44.837789, -0.57918","53.3493795, -6.2605593","1032.73","2025-03-04 07:25:00","2025-03-04 12:45:00","","103","Tuesday","morning","long","cheap","6146005881723503290"
"2024-11-21","2025-03-05","BOD","DUB","Dublin","https://www.kayak.fr/flights/BOD-DUB/2025-03-05?sort=price_a","18:00","22:05","305","91.0","False","BOD","DUB","N/A","N/A","AMS","95.0","KLM","N/A","Light","44.837789, -0.57918","53.3493795, -6.2605593","1032.73","2025-03-05 18:00:00","2025-03-05 22:05:00","210.0","104","Wednesday","evening","moyen","cheap","1527547716934849574"
"2024-11-21","2025-03-05","BOD","DUB","Dublin","https://www.kayak.fr/flights/BOD-DUB/2025-03-05?sort=price_a","06:00","12:40","460","91.0","False","BOD","DUB","N/A","N/A","AMS","95.0","KLM","N/A","Light","44.837789, -0.57918","53.3493795, -6.2605593","1032.73","2025-03-05 06:00:00","2025-03-05 12:40:00","365.0","104","Wednesday","morning","long","cheap","4958416024538946581"
"2024-11-21","2025-03-05","BOD","DUB","Dublin","https://www.kayak.fr/flights/BOD-DUB/2025-03-05?sort=price_a","12:30","16:40","310","92.0","False","BOD","DUB","N/A","N/A","AMS","95.0","KLM","N/A","Light","44.837789, -0.57918","53.3493795, -6.2605593","1032.73","2025-03-05 12:30:00","2025-03-05 16:40:00","215.0","104","Wednesday","afternoon","moyen","cheap","5308916872395258211"
"2024-11-21","2025-03-05","BOD","DUB","Dublin","https://www.kayak.fr/flights/BOD-DUB/2025-03-05?sort=price_a","09:05","13:30","325","106.0","False","BOD","DUB","N/A","N/A","AMS","95.0","KLM","N/A","N/A","44.837789, -0.57918","53.3493795, -6.2605593","1032.73","2025-03-05 09:05:00","2025-03-05 13:30:00","230.0","104","Wednesday","morning","moyen","cheap","2032159467182027215"
"2024-11-21","2025-03-05","BOD","DUB","Dublin","https://www.kayak.fr/flights/BOD-DUB/2025-03-05?sort=price_a","06:50","11:30","340","106.0","False","BOD","DUB","N/A","N/A","N/A","","easyJet","Ryanair","N/A","44.837789, -0.57918","53.3493795, -6.2605593","1032.73","2025-03-05 06:50:00","2025-03-05 11:30:00","","104","Wednesday","morning","moyen","cheap","15161667126591560"
"2024-11-21","2025-03-05","BOD","DUB","Dublin","https://www.kayak.fr/flights/BOD-DUB/2025-03-05?sort=price_a","18:25","22:40","315","111.0","False","BOD","DUB","N/A","N/A","AMS","95.0","KLM","N/A","N/A","44.837789, -0.57918","53.3493795, -6.2605593","1032.73","2025-03-05 18:25:00","2025-03-05 22:40:00","220.0","104","Wednesday","evening","moyen","cheap","5416542052301450275"
"2024-11-21","2025-03-05","BOD","DUB","Dublin","https://www.kayak.fr/flights/BOD-DUB/2025-03-05?sort=price_a","15:25","16:25","120","118.0","True","BOD","DUB","N/A","N/A","N/A","","Aer Lingus","N/A","N/A","44.837789, -0.57918","53.3493795, -6.2605593","1032.73","2025-03-05 15:25:00","2025-03-05 16:25:00","","104","Wednesday","afternoon","court","standard","7565473768658629709"
"2024-11-21","2025-03-05","BOD","DUB","Dublin","https://www.kayak.fr/flights/BOD-DUB/2025-03-05?sort=price_a","06:50","12:35","405","119.0","False","BOD","DUB","N/A","N/A","N/A","","easyJet","Ryanair","N/A","44.837789, -0.57918","53.3493795, -6.2605593","1032.73","2025-03-05 06:50:00","2025-03-05 12:35:00","","104","Wednesday","morning","long","standard","1586938616285611757"
"2024-11-21","2025-03-05","BOD","DUB","Dublin","https://www.kayak.fr/flights/BOD-DUB/2025-03-05?sort=price_a","20:45","07:55+1","730","119.0","False","BOD","DUB","N/A","N/A","AMS","255.0","KLM","N/A","Light","44.837789, -0.57918","53.3493795, -6.2605593","1032.73","2025-03-05 20:45:00","2025-03-06 07:55:00","475.0","104","Wednesday","evening","long","standard","7220950029205563866"
"2024-11-21","2025-03-05","BOD","DUB","Dublin","https://www.kayak.fr/flights/BOD-DUB/2025-03-05?sort=price_a","14:50","21:25","455","125.0","False","BOD","DUB","N/A","N/A","AMS","255.0","KLM","N/A","Light","44.837789, -0.57918","53.3493795, -6.2605593","1032.73","2025-03-05 14:50:00","2025-03-05 21:25:00","200.0","104","Wednesday","afternoon","long","standard","383143785524724958"
"2024-11-21","2025-03-05","BOD","DUB","Dublin","https://www.kayak.fr/flights/BOD-DUB/2025-03-05?sort=price_a","09:20","14:20","360","127.0","False","BOD","DUB","N/A","N/A","AMS","255.0","KLM","N/A","Light","44.837789, -0.57918","53.3493795, -6.2605593","1032.73","2025-03-05 09:20:00","2025-03-05 14:20:00","105.0","104","Wednesday","morning","moyen","standard","8713659423278479812"
"2024-11-21","2025-03-05","BOD","DUB","Dublin","https://www.kayak.fr/flights/BOD-DUB/2025-03-05?sort=price_a","07:30","13:55","445","137.0","False","BOD","DUB","N/A","N/A","AMS","255.0","KLM","N/A","N/A","44.837789, -0.57918","53.3493795, -6.2605593","1032.73","2025-03-05 07:30:00","2025-03-05 13:55:00","190.0","104","Wednesday","morning","long","standard","6005115458280791944"
"2024-11-21","2025-03-05","BOD","DUB","Dublin","https://www.kayak.fr/flights/BOD-DUB/2025-03-05?sort=price_a","07:15","15:10","535","137.0","False","BOD","DUB","N/A","N/A","N/A","","easyJet","Ryanair","N/A","44.837789, -0.57918","53.3493795, -6.2605593","1032.73","2025-03-05 07:15:00","2025-03-05 15:10:00","","104","Wednesday","morning","long","standard","2784034471952341541"
"2024-11-21","2025-03-05","BOD","DUB","Dublin","https://www.kayak.fr/flights/BOD-DUB/2025-03-05?sort=price_a","14:50","23:00","550","143.0","False","BOD","DUB","N/A","N/A","AMS","255.0","KLM","N/A","N/A","44.837789, -0.57918","53.3493795, -6.2605593","1032.73","2025-03-05 14:50:00","2025-03-05 23:00:00","295.0","104","Wednesday","afternoon","long","standard","9074627025878843079"
"2024-11-21","2025-03-05","BOD","DUB","Dublin","https://www.kayak.fr/flights/BOD-DUB/2025-03-05?sort=price_a","06:50","13:35","465","145.0","False","BOD","DUB","N/A","N/A","N/A","","easyJet","Aer Lingus","N/A","44.837789, -0.57918","53.3493795, -6.2605593","1032.73","2025-03-05 06:50:00","2025-03-05 13:35:00","","104","Wednesday","morning","long","standard","3083321518635690832"
"2024-11-21","2025-03-06","BOD","DUB","Dublin","https://www.kayak.fr/flights/BOD-DUB/2025-03-06?sort=price_a","06:50","23:00","1030","82.0","False","BOD","DUB","N/A","N/A","LGW","850.0","easyJet","Ryanair","Standard","44.837789, -0.57918","53.3493795, -6.2605593","1032.73","2025-03-06 06:50:00","2025-03-06 23:00:00","180.0","105","Thursday","morning","long","cheap","9090805792354254050"
"2024-11-21","2025-03-06","BOD","DUB","Dublin","https://www.kayak.fr/flights/BOD-DUB/2025-03-06?sort=price_a","06:50","12:55","425","104.0","False","BOD","DUB","N/A","N/A","LGW","850.0","easyJet","Ryanair","Standard","44.837789, -0.57918","53.3493795, -6.2605593","1032.73","2025-03-06 06:50:00","2025-03-06 12:55:00","","105","Thursday","morning","long","cheap","1352363567114740152"
"2024-11-21","2025-03-06","BOD","DUB","Dublin","https://www.kayak.fr/flights/BOD-DUB/2025-03-06?sort=price_a","17:55","22:10","315","106.0","False","BOD","DUB","N/A","N/A","LGW","850.0","easyJet","Ryanair","Standard","44.837789, -0.57918","53.3493795, -6.2605593","1032.73","2025-03-06 17:55:00","2025-03-06 22:10:00","","105","Thursday","evening","moyen","cheap","1099169505525447844"
"2024-11-21","2025-03-06","BOD","DUB","Dublin","https://www.kayak.fr/flights/BOD-DUB/2025-03-06?sort=price_a","07:45","13:30","405","106.0","False","BOD","DUB","N/A","N/A","LGW","850.0","easyJet","Ryanair","N/A","44.837789, -0.57918","53.3493795, -6.2605593","1032.73","2025-03-06 07:45:00","2025-03-06 13:30:00","","105","Thursday","morning","long","cheap","3835764369415649148"
"2024-11-21","2025-03-06","BOD","DUB","Dublin","https://www.kayak.fr/flights/BOD-DUB/2025-03-06?sort=price_a","13:35","21:20","525","106.0","False","BOD","DUB","N/A","N/A","N/A","","Vueling","easyJet","N/A","44.837789, -0.57918","53.3493795, -6.2605593","1032.73","2025-03-06 13:35:00","2025-03-06 21:20:00","","105","Thursday","afternoon","long","cheap","1704930192579480669"
"2024-11-21","2025-03-06","BOD","DUB","Dublin","https://www.kayak.fr/flights/BOD-DUB/2025-03-06?sort=price_a","07:45","14:30","465","111.0","False","BOD","DUB","N/A","N/A","LGW","850.0","easyJet","Ryanair","N/A","44.837789, -0.57918","53.3493795, -6.2605593","1032.73","2025-03-06 07:45:00","2025-03-06 14:30:00","","105","Thursday","morning","long","cheap","2012231013755716860"
"2024-11-21","2025-03-06","BOD","DUB","Dublin","https://www.kayak.fr/flights/BOD-DUB/2025-03-06?sort=price_a","06:00","12:40","460","114.0","False","BOD","DUB","N/A","N/A","N/A","","KLM","N/A","N/A","44.837789, -0.57918","53.3493795, -6.2605593","1032.73","2025-03-06 06:00:00","2025-03-06 12:40:00","","105","Thursday","morning","long","standard","6126883411754365507"
"2024-11-21","2025-03-06","BOD","DUB","Dublin","https://www.kayak.fr/flights/BOD-DUB/2025-03-06?sort=price_a","06:50","11:45","355","116.0","False","BOD","DUB","N/A","N/A","N/A","","easyJet","Ryanair","N/A","44.837789, -0.57918","53.3493795, -6.2605593","1032.73","2025-03-06 06:50:00","2025-03-06 11:45:00","","105","Thursday","morning","moyen","standard","8294616448680305276"
"2024-11-21","2025-03-06","BOD","DUB","Dublin","https://www.kayak.fr/flights/BOD-DUB/2025-03-06?sort=price_a","06:50","14:50","540","116.0","False","BOD","DUB","N/A","N/A","LGW","245.0","easyJet","Ryanair","Standard","44.837789, -0.57918","53.3493795, -6.2605593","1032.73","2025-03-06 06:50:00","2025-03-06 14:50:00","295.0","105","Thursday","morning","long","standard","6370156291536025024"
"2024-11-21","2025-03-06","BOD","DUB","Dublin","https://www.kayak.fr/flights/BOD-DUB/2025-03-06?sort=price_a","13:35","21:40","545","119.0","False","BOD","DUB","N/A","N/A","LGW","245.0","easyJet","Ryanair","Standard","44.837789, -0.57918","53.3493795, -6.2605593","1032.73","2025-03-06 13:35:00","2025-03-06 21:40:00","300.0","105","Thursday","afternoon","long","standard","1744059565247560247"
"2024-11-21","2025-03-06","BOD","DUB","Dublin","https://www.kayak.fr/flights/BOD-DUB/2025-03-06?sort=price_a","18:30","22:50","320","130.0","False","BOD","DUB","N/A","N/A","LGW","245.0","easyJet","Ryanair","Standard","44.837789, -0.57918","53.3493795, -6.2605593","1032.73","2025-03-06 18:30:00","2025-03-06 22:50:00","75.0","105","Thursday","evening","moyen","standard","1581841202377276214"
"2024-11-21","2025-03-06","BOD","DUB","Dublin","https://www.kayak.fr/flights/BOD-DUB/2025-03-06?sort=price_a","18:00","22:05","305","131.0","False","BOD","DUB","N/A","N/A","LGW","245.0","easyJet","Ryanair","N/A","44.837789, -0.57918","53.3493795, -6.2605593","1032.73","2025-03-06 18:00:00","2025-03-06 22:05:00","60.0","105","Thursday","evening","moyen","standard","5992636852376028533"
"2024-11-21","2025-03-06","BOD","DUB","Dublin","https://www.kayak.fr/flights/BOD-DUB/2025-03-06?sort=price_a","13:35","21:35","540","134.0","False","BOD","DUB","N/A","N/A","N/A","","Vueling","Ryanair","N/A","44.837789, -0.57918","53.3493795, -6.2605593","1032.73","2025-03-06 13:35:00","2025-03-06 21:35:00","","105","Thursday","afternoon","long","standard","396814271681093544"
"2024-11-21","2025-03-06","BOD","DUB","Dublin","https://www.kayak.fr/flights/BOD-DUB/2025-03-06?sort=price_a","15:45","23:00","495","135.0","False","BOD","DUB","N/A","N/A","LGW","245.0","easyJet","Ryanair","N/A","44.837789, -0.57918","53.3493795, -6.2605593","1032.73","2025-03-06 15:45:00","2025-03-06 23:00:00","250.0","105","Thursday","afternoon","long","standard","6631960033904932891"
"2024-11-21","2025-03-06","BOD","DUB","Dublin","https://www.kayak.fr/flights/BOD-DUB/2025-03-06?sort=price_a","09:05","14:30","385","136.0","False","BOD","DUB","N/A","N/A","N/A","","Iberia","Ryanair","N/A","44.837789, -0.57918","53.3493795, -6.2605593","1032.73","2025-03-06 09:05:00","2025-03-06 14:30:00","","105","Thursday","morning","long","standard","1893074942207145951"
"2024-11-21","2025-03-07","BOD","DUB","Dublin","https://www.kayak.fr/flights/BOD-DUB/2025-03-07?sort=price_a","13:35","22:55","620","74.0","False","BOD","DUB","N/A","N/A","BCN","375.0","Vueling","Aer Lingus","Économique","44.837789, -0.57918","53.3493795, -6.2605593","1032.73","2025-03-07 13:35:00","2025-03-07 22:55:00","245.0","106","Friday","afternoon","long","cheap","1591797753300075578"
"2024-11-21","2025-03-07","BOD","DUB","Dublin","https://www.kayak.fr/flights/BOD-DUB/2025-03-07?sort=price_a","13:35","19:45","430","112.0","False","BOD","DUB","N/A","N/A","BCN","375.0","Vueling","Aer Lingus","Économique","44.837789, -0.57918","53.3493795, -6.2605593","1032.73","2025-03-07 13:35:00","2025-03-07 19:45:00","55.0","106","Friday","afternoon","long","standard","4234810740824877407"
"2024-11-21","2025-03-07","BOD","DUB","Dublin","https://www.kayak.fr/flights/BOD-DUB/2025-03-07?sort=price_a","08:30","13:30","360","119.0","False","BOD","DUB","N/A","N/A","BCN","375.0","Vueling","Aer Lingus","Économique","44.837789, -0.57918","53.3493795, -6.2605593","1032.73","2025-03-07 08:30:00","2025-03-07 13:30:00","","106","Friday","morning","moyen","standard","1461670299215842894"
"2024-11-21","2025-03-07","BOD","DUB","Dublin","https://www.kayak.fr/flights/BOD-DUB/2025-03-07?sort=price_a","13:00","20:10","490","123.0","False","BOD","DUB","N/A","N/A","BCN","375.0","Vueling","Aer Lingus","N/A","44.837789, -0.57918","53.3493795, -6.2605593","1032.73","2025-03-07 13:00:00","2025-03-07 20:10:00","115.0","106","Friday","afternoon","long","standard","5536097769685568859"
"2024-11-21","2025-03-07","BOD","DUB","Dublin","https://www.kayak.fr/flights/BOD-DUB/2025-03-07?sort=price_a","15:45","20:10","325","132.0","False","BOD","DUB","N/A","N/A","N/A","","easyJet","Ryanair","N/A","44.837789, -0.57918","53.3493795, -6.2605593","1032.73","2025-03-07 15:45:00","2025-03-07 20:10:00","","106","Friday","afternoon","moyen","standard","7436587581063642953"
"2024-11-21","2025-03-07","BOD","DUB","Dublin","https://www.kayak.fr/flights/BOD-DUB/2025-03-07?sort=price_a","16:45","23:20","455","132.0","False","BOD","DUB","N/A","N/A","BCN","375.0","Vueling","Aer Lingus","N/A","44.837789, -0.57918","53.3493795, -6.2605593","1032.73","2025-03-07 16:45:00","2025-03-07 23:20:00","80.0","106","Friday","afternoon","long","standard","6537226770383057155"
"2024-11-21","2025-03-07","BOD","DUB","Dublin","https://www.kayak.fr/flights/BOD-DUB/2025-03-07?sort=price_a","13:05","21:20","555","140.0","False","BOD","DUB","N/A","N/A","N/A","","Volotea","Ryanair","N/A","44.837789, -0.57918","53.3493795, -6.2605593","1032.73","2025-03-07 13:05:00","2025-03-07 21:20:00","","106","Friday","afternoon","long","standard","2605885354263635450"
"2024-11-21","2025-03-07","BOD","DUB","Dublin","https://www.kayak.fr/flights/BOD-DUB/2025-03-07?sort=price_a","13:55","21:25","510","146.0","False","BOD","DUB","N/A","N/A","N/A","","easyJet","Ryanair","N/A","44.837789, -0.57918","53.3493795, -6.2605593","1032.73","2025-03-07 13:55:00","2025-03-07 21:25:00","","106","Friday","afternoon","long","standard","6981353979387599711"
"2024-11-21","2025-03-07","BOD","DUB","Dublin","https://www.kayak.fr/flights/BOD-DUB/2025-03-07?sort=price_a","15:45","23:20","515","146.0","False","BOD","DUB","N/A","N/A","BCN","190.0","Vueling","Ryanair","Économique","44.837789, -0.57918","53.3493795, -6.2605593","1032.73","2025-03-07 15:45:00","2025-03-07 23:20:00","325.0","106","Friday","afternoon","long","standard","6052060058462491046"
"2024-11-21","2025-03-07","BOD","DUB","Dublin","https://www.kayak.fr/flights/BOD-DUB/2025-03-07?sort=price_a","13:35","20:05","450","147.0","False","BOD","DUB","N/A","N/A","BCN","190.0","Vueling","Ryanair","Économique","44.837789, -0.57918","53.3493795, -6.2605593","1032.73","2025-03-07 13:35:00","2025-03-07 20:05:00","260.0","106","Friday","afternoon","long","standard","7402361565126165337"
"2024-11-21","2025-03-07","BOD","DUB","Dublin","https://www.kayak.fr/flights/BOD-DUB/2025-03-07?sort=price_a","06:50","10:20","270","149.0","False","BOD","DUB","N/A","N/A","BCN","190.0","Vueling","Ryanair","Économique","44.837789, -0.57918","53.3493795, -6.2605593","1032.73","2025-03-07 06:50:00","2025-03-07 10:20:00","80.0","106","Friday","morning","moyen","standard","8572738308303992092"
"2024-11-21","2025-03-07","BOD","DUB","Dublin","https://www.kayak.fr/flights/BOD-DUB/2025-03-07?sort=price_a","13:55","21:30","515","149.0","False","BOD","DUB","N/A","N/A","BCN","190.0","Vueling","Ryanair","N/A","44.837789, -0.57918","53.3493795, -6.2605593","1032.73","2025-03-07 13:55:00","2025-03-07 21:30:00","325.0","106","Friday","afternoon","long","standard","5153392060595291638"
"2024-11-21","2025-03-07","BOD","DUB","Dublin","https://www.kayak.fr/flights/BOD-DUB/2025-03-07?sort=price_a","16:20","22:55","455","150.0","False","BOD","DUB","N/A","N/A","N/A","","easyJet","Ryanair","N/A","44.837789, -0.57918","53.3493795, -6.2605593","1032.73","2025-03-07 16:20:00","2025-03-07 22:55:00","","106","Friday","afternoon","long","standard","7950192375389336862"
"2024-11-21","2025-03-07","BOD","DUB","Dublin","https://www.kayak.fr/flights/BOD-DUB/2025-03-07?sort=price_a","06:50","15:05","555","151.0","False","BOD","DUB","N/A","N/A","BCN","190.0","Vueling","Ryanair","N/A","44.837789, -0.57918","53.3493795, -6.2605593","1032.73","2025-03-07 06:50:00","2025-03-07 15:05:00","365.0","106","Friday","morning","long","standard","5406605593101535612"
"2024-11-21","2025-03-07","BOD","DUB","Dublin","https://www.kayak.fr/flights/BOD-DUB/2025-03-07?sort=price_a","17:25","22:15","350","152.0","False","BOD","DUB","N/A","N/A","N/A","","easyJet","Ryanair","N/A","44.837789, -0.57918","53.3493795, -6.2605593","1032.73","2025-03-07 17:25:00","2025-03-07 22:15:00","","106","Friday","evening","moyen","standard","3074549528587832078"
"2024-11-21","2025-03-08","BOD","DUB","Dublin","https://www.kayak.fr/flights/BOD-DUB/2025-03-08?sort=price_a","21:45","11:35+1","890","82.0","False","BOD","DUB","N/A","N/A","BCN","655.0","Vueling","Ryanair","Économique","44.837789, -0.57918","53.3493795, -6.2605593","1032.73","2025-03-08 21:45:00","2025-03-09 11:35:00","235.0","107","Saturday","evening","long","cheap","3700466964102348289"
"2024-11-21","2025-03-08","BOD","DUB","Dublin","https://www.kayak.fr/flights/BOD-DUB/2025-03-08?sort=price_a","12:30","16:40","310","91.0","False","BOD","DUB","N/A","N/A","BCN","655.0","Vueling","Ryanair","Économique","44.837789, -0.57918","53.3493795, -6.2605593","1032.73","2025-03-08 12:30:00","2025-03-08 16:40:00","","107","Saturday","afternoon","moyen","cheap","3063864261246282397"
"2024-11-21","2025-03-08","BOD","DUB","Dublin","https://www.kayak.fr/flights/BOD-DUB/2025-03-08?sort=price_a","12:30","22:05","635","92.0","False","BOD","DUB","N/A","N/A","BCN","655.0","Vueling","Ryanair","Économique","44.837789, -0.57918","53.3493795, -6.2605593","1032.73","2025-03-08 12:30:00","2025-03-08 22:05:00","","107","Saturday","afternoon","long","cheap","1429730559600003417"
"2024-11-21","2025-03-08","BOD","DUB","Dublin","https://www.kayak.fr/flights/BOD-DUB/2025-03-08?sort=price_a","16:50","00:25+1","515","97.0","False","BOD","DUB","N/A","N/A","BCN","655.0","Vueling","Ryanair","N/A","44.837789, -0.57918","53.3493795, -6.2605593","1032.73","2025-03-08 16:50:00","2025-03-09 00:25:00","","107","Saturday","afternoon","long","cheap","68968659158033568"
"2024-11-21","2025-03-08","BOD","DUB","Dublin","https://www.kayak.fr/flights/BOD-DUB/2025-03-08?sort=price_a","10:10","18:25","555","104.0","False","BOD","DUB","N/A","N/A","N/A","","British Airways","Ryanair","N/A","44.837789, -0.57918","53.3493795, -6.2605593","1032.73","2025-03-08 10:10:00","2025-03-08 18:25:00","","107","Saturday","morning","long","cheap","5167404408592106585"
"2024-11-21","2025-03-08","BOD","DUB","Dublin","https://www.kayak.fr/flights/BOD-DUB/2025-03-08?sort=price_a","07:00","18:25","745","104.0","False","BOD","DUB","N/A","N/A","BCN","655.0","Vueling","Ryanair","N/A","44.837789, -0.57918","53.3493795, -6.2605593","1032.73","2025-03-08 07:00:00","2025-03-08 18:25:00","90.0","107","Saturday","morning","long","cheap","4338490348710233683"
"2024-11-21","2025-03-08","BOD","DUB","Dublin","https://www.kayak.fr/flights/BOD-DUB/2025-03-08?sort=price_a","06:00","22:35","1055","105.0","False","BOD","DUB","N/A","N/A","N/A","","Air France","N/A","N/A","44.837789, -0.57918","53.3493795, -6.2605593","1032.73","2025-03-08 06:00:00","2025-03-08 22:35:00","","107","Saturday","morning","long","cheap","6803886390295372016"
"2024-11-21","2025-03-08","BOD","DUB","Dublin","https://www.kayak.fr/flights/BOD-DUB/2025-03-08?sort=price_a","10:10","19:20","610","108.0","False","BOD","DUB","N/A","N/A","N/A","","British Airways","Ryanair","N/A","44.837789, -0.57918","53.3493795, -6.2605593","1032.73","2025-03-08 10:10:00","2025-03-08 19:20:00","","107","Saturday","morning","long","cheap","5947131703875616676"
"2024-11-21","2025-03-08","BOD","DUB","Dublin","https://www.kayak.fr/flights/BOD-DUB/2025-03-08?sort=price_a","07:00","19:20","800","108.0","False","BOD","DUB","N/A","N/A","AMS","100.0","KLM","N/A","Light","44.837789, -0.57918","53.3493795, -6.2605593","1032.73","2025-03-08 07:00:00","2025-03-08 19:20:00","700.0","107","Saturday","morning","long","cheap","5019116174788059347"
"2024-11-21","2025-03-08","BOD","DUB","Dublin","https://www.kayak.fr/flights/BOD-DUB/2025-03-08?sort=price_a","10:10","21:30","740","109.0","False","BOD","DUB","N/A","N/A","AMS","100.0","KLM","N/A","Light","44.837789, -0.57918","53.3493795, -6.2605593","1032.73","2025-03-08 10:10:00","2025-03-08 21:30:00","640.0","107","Saturday","morning","long","cheap","3419947839295333448"
"2024-11-21","2025-03-08","BOD","DUB","Dublin","https://www.kayak.fr/flights/BOD-DUB/2025-03-08?sort=price_a","07:00","13:50","470","111.0","False","BOD","DUB","N/A","N/A","AMS","100.0","KLM","N/A","Light","44.837789, -0.57918","53.3493795, -6.2605593","1032.73","2025-03-08 07:00:00","2025-03-08 13:50:00","370.0","107","Saturday","morning","long","cheap","458256793054790275"
"2024-11-21","2025-03-08","BOD","DUB","Dublin","https://www.kayak.fr/flights/BOD-DUB/2025-03-08?sort=price_a","10:10","17:10","480","111.0","False","BOD","DUB","N/A","N/A","AMS","100.0","KLM","N/A","N/A","44.837789, -0.57918","53.3493795, -6.2605593","1032.73","2025-03-08 10:10:00","2025-03-08 17:10:00","380.0","107","Saturday","morning","long","cheap","8541873401835632332"
"2024-11-21","2025-03-08","BOD","DUB","Dublin","https://www.kayak.fr/flights/BOD-DUB/2025-03-08?sort=price_a","10:10","19:55","645","111.0","False","BOD","DUB","N/A","N/A","N/A","","British Airways","Ryanair","N/A","44.837789, -0.57918","53.3493795, -6.2605593","1032.73","2025-03-08 10:10:00","2025-03-08 19:55:00","","107","Saturday","morning","long","cheap","5546670639324887321"
"2024-11-21","2025-03-08","BOD","DUB","Dublin","https://www.kayak.fr/flights/BOD-DUB/2025-03-08?sort=price_a","07:00","13:40","460","112.0","False","BOD","DUB","N/A","N/A","AMS","100.0","KLM","N/A","N/A","44.837789, -0.57918","53.3493795, -6.2605593","1032.73","2025-03-08 07:00:00","2025-03-08 13:40:00","360.0","107","Saturday","morning","long","standard","3780091495989934382"
"2024-11-21","2025-03-08","BOD","DUB","Dublin","https://www.kayak.fr/flights/BOD-DUB/2025-03-08?sort=price_a","07:00","17:10","670","112.0","False","BOD","DUB","N/A","N/A","N/A","","easyJet","Ryanair","N/A","44.837789, -0.57918","53.3493795, -6.2605593","1032.73","2025-03-08 07:00:00","2025-03-08 17:10:00","","107","Saturday","morning","long","standard","3451098803161116113"
"2024-11-21","2025-03-09","BOD","DUB","Dublin","https://www.kayak.fr/flights/BOD-DUB/2025-03-09?sort=price_a","23:05","12:30+1","865","68.0","False","BOD","DUB","N/A","N/A","BCN","630.0","Vueling","N/A","Économique","44.837789, -0.57918","53.3493795, -6.2605593","1032.73","2025-03-09 23:05:00","2025-03-10 12:30:00","235.0","108","Sunday","night","long","cheap","7088081189818299236"
"2024-11-21","2025-03-09","BOD","DUB","Dublin","https://www.kayak.fr/flights/BOD-DUB/2025-03-09?sort=price_a","18:05","22:05","300","92.0","False","BOD","DUB","N/A","N/A","BCN","630.0","Vueling","N/A","Économique","44.837789, -0.57918","53.3493795, -6.2605593","1032.73","2025-03-09 18:05:00","2025-03-09 22:05:00","","108","Sunday","evening","moyen","cheap","1256974342386405620"
"2024-11-21","2025-03-09","BOD","DUB","Dublin","https://www.kayak.fr/flights/BOD-DUB/2025-03-09?sort=price_a","12:30","16:40","310","92.0","False","BOD","DUB","N/A","N/A","BCN","630.0","Vueling","N/A","Économique","44.837789, -0.57918","53.3493795, -6.2605593","1032.73","2025-03-09 12:30:00","2025-03-09 16:40:00","","108","Sunday","afternoon","moyen","cheap","8950554831725282704"
"2024-11-21","2025-03-09","BOD","DUB","Dublin","https://www.kayak.fr/flights/BOD-DUB/2025-03-09?sort=price_a","15:25","16:25","120","105.0","True","BOD","DUB","N/A","N/A","N/A","","Vueling","N/A","N/A","44.837789, -0.57918","53.3493795, -6.2605593","1032.73","2025-03-09 15:25:00","2025-03-09 16:25:00","","108","Sunday","afternoon","court","cheap","3826853504649225758"
"2024-11-21","2025-03-09","BOD","DUB","Dublin","https://www.kayak.fr/flights/BOD-DUB/2025-03-09?sort=price_a","09:55","18:05","550","114.0","False","BOD","DUB","N/A","N/A","N/A","","Vueling","Iberia","N/A","44.837789, -0.57918","53.3493795, -6.2605593","1032.73","2025-03-09 09:55:00","2025-03-09 18:05:00","","108","Sunday","morning","long","standard","6870836210412936455"
"2024-11-21","2025-03-09","BOD","DUB","Dublin","https://www.kayak.fr/flights/BOD-DUB/2025-03-09?sort=price_a","12:30","17:40","370","119.0","False","BOD","DUB","N/A","N/A","BCN","630.0","Vueling","N/A","N/A","44.837789, -0.57918","53.3493795, -6.2605593","1032.73","2025-03-09 12:30:00","2025-03-09 17:40:00","","108","Sunday","afternoon","long","standard","7357842044606303618"
"2024-11-21","2025-03-09","BOD","DUB","Dublin","https://www.kayak.fr/flights/BOD-DUB/2025-03-09?sort=price_a","12:30","17:10","340","127.0","False","BOD","DUB","N/A","N/A","N/A","","easyJet","Ryanair","N/A","44.837789, -0.57918","53.3493795, -6.2605593","1032.73","2025-03-09 12:30:00","2025-03-09 17:10:00","","108","Sunday","afternoon","moyen","standard","2001914331066880191"
"2024-11-21","2025-03-09","BOD","DUB","Dublin","https://www.kayak.fr/flights/BOD-DUB/2025-03-09?sort=price_a","14:20","21:00","460","127.0","False","BOD","DUB","N/A","N/A","N/A","","easyJet","Ryanair","N/A","44.837789, -0.57918","53.3493795, -6.2605593","1032.73","2025-03-09 14:20:00","2025-03-09 21:00:00","","108","Sunday","afternoon","long","standard","5944614388515946568"
"2024-11-21","2025-03-09","BOD","DUB","Dublin","https://www.kayak.fr/flights/BOD-DUB/2025-03-09?sort=price_a","12:30","20:20","530","127.0","False","BOD","DUB","N/A","N/A","AMS","90.0","KLM","N/A","Light","44.837789, -0.57918","53.3493795, -6.2605593","1032.73","2025-03-09 12:30:00","2025-03-09 20:20:00","440.0","108","Sunday","afternoon","long","standard","8886423172989025727"
"2024-11-21","2025-03-09","BOD","DUB","Dublin","https://www.kayak.fr/flights/BOD-DUB/2025-03-09?sort=price_a","12:30","18:40","430","130.0","False","BOD","DUB","N/A","N/A","AMS","90.0","KLM","N/A","Light","44.837789, -0.57918","53.3493795, -6.2605593","1032.73","2025-03-09 12:30:00","2025-03-09 18:40:00","340.0","108","Sunday","afternoon","long","standard","4673030523715128051"
"2024-11-21","2025-03-09","BOD","DUB","Dublin","https://www.kayak.fr/flights/BOD-DUB/2025-03-09?sort=price_a","12:30","19:15","465","130.0","False","BOD","DUB","N/A","N/A","AMS","90.0","KLM","N/A","Light","44.837789, -0.57918","53.3493795, -6.2605593","1032.73","2025-03-09 12:30:00","2025-03-09 19:15:00","375.0","108","Sunday","afternoon","long","standard","6518281365192582474"
"2024-11-21","2025-03-09","BOD","DUB","Dublin","https://www.kayak.fr/flights/BOD-DUB/2025-03-09?sort=price_a","12:30","19:40","490","135.0","False","BOD","DUB","N/A","N/A","AMS","90.0","KLM","N/A","N/A","44.837789, -0.57918","53.3493795, -6.2605593","1032.73","2025-03-09 12:30:00","2025-03-09 19:40:00","400.0","108","Sunday","afternoon","long","standard","6592806687720616718"
"2024-11-21","2025-03-09","BOD","DUB","Dublin","https://www.kayak.fr/flights/BOD-DUB/2025-03-09?sort=price_a","09:55","17:45","530","137.0","False","BOD","DUB","N/A","N/A","N/A","","Vueling","Ryanair","N/A","44.837789, -0.57918","53.3493795, -6.2605593","1032.73","2025-03-09 09:55:00","2025-03-09 17:45:00","","108","Sunday","morning","long","standard","5683718822978364172"
"2024-11-21","2025-03-09","BOD","DUB","Dublin","https://www.kayak.fr/flights/BOD-DUB/2025-03-09?sort=price_a","12:30","17:45","375","143.0","False","BOD","DUB","N/A","N/A","AMS","90.0","KLM","N/A","N/A","44.837789, -0.57918","53.3493795, -6.2605593","1032.73","2025-03-09 12:30:00","2025-03-09 17:45:00","285.0","108","Sunday","afternoon","long","standard","6153113250539050187"
"2024-11-21","2025-03-09","BOD","DUB","Dublin","https://www.kayak.fr/flights/BOD-DUB/2025-03-09?sort=price_a","12:30","19:05","455","143.0","False","BOD","DUB","N/A","N/A","N/A","","easyJet","Aer Lingus","N/A","44.837789, -0.57918","53.3493795, -6.2605593","1032.73","2025-03-09 12:30:00","2025-03-09 19:05:00","","108","Sunday","afternoon","long","standard","2000864468203662491"
"2024-11-21","2025-03-10","BOD","DUB","Dublin","https://www.kayak.fr/flights/BOD-DUB/2025-03-10?sort=price_a","13:55","07:30+1","1115","75.0","False","BOD","DUB","N/A","N/A","BCN","875.0","Vueling","Ryanair","Économique","44.837789, -0.57918","53.3493795, -6.2605593","1032.73","2025-03-10 13:55:00","2025-03-11 07:30:00","240.0","109","Monday","afternoon","long","cheap","1922498028311513802"
"2024-11-21","2025-03-10","BOD","DUB","Dublin","https://www.kayak.fr/flights/BOD-DUB/2025-03-10?sort=price_a","15:25","16:25","120","86.0","True","BOD","DUB","N/A","N/A","N/A","","Vueling","Ryanair","Économique","44.837789, -0.57918","53.3493795, -6.2605593","1032.73","2025-03-10 15:25:00","2025-03-10 16:25:00","","109","Monday","afternoon","court","cheap","7532428722092212636"
"2024-11-21","2025-03-10","BOD","DUB","Dublin","https://www.kayak.fr/flights/BOD-DUB/2025-03-10?sort=price_a","18:10","22:50","340","89.0","False","BOD","DUB","N/A","N/A","BCN","875.0","Vueling","Ryanair","Économique","44.837789, -0.57918","53.3493795, -6.2605593","1032.73","2025-03-10 18:10:00","2025-03-10 22:50:00","","109","Monday","evening","moyen","cheap","1815509633202562818"
"2024-11-21","2025-03-10","BOD","DUB","Dublin","https://www.kayak.fr/flights/BOD-DUB/2025-03-10?sort=price_a","10:40","15:40","360","90.0","False","BOD","DUB","N/A","N/A","BCN","875.0","Vueling","Ryanair","N/A","44.837789, -0.57918","53.3493795, -6.2605593","1032.73","2025-03-10 10:40:00","2025-03-10 15:40:00","","109","Monday","morning","moyen","cheap","4543120254125440263"
"2024-11-21","2025-03-10","BOD","DUB","Dublin","https://www.kayak.fr/flights/BOD-DUB/2025-03-10?sort=price_a","18:10","00:20+1","430","91.0","False","BOD","DUB","N/A","N/A","N/A","","easyJet","Ryanair","N/A","44.837789, -0.57918","53.3493795, -6.2605593","1032.73","2025-03-10 18:10:00","2025-03-11 00:20:00","","109","Monday","evening","long","cheap","4844932714000863427"
"2024-11-21","2025-03-10","BOD","DUB","Dublin","https://www.kayak.fr/flights/BOD-DUB/2025-03-10?sort=price_a","18:00","22:05","305","93.0","False","BOD","DUB","N/A","N/A","BCN","875.0","Vueling","Ryanair","N/A","44.837789, -0.57918","53.3493795, -6.2605593","1032.73","2025-03-10 18:00:00","2025-03-10 22:05:00","","109","Monday","evening","moyen","cheap","1951637957944606731"
"2024-11-21","2025-03-10","BOD","DUB","Dublin","https://www.kayak.fr/flights/BOD-DUB/2025-03-10?sort=price_a","06:00","12:40","460","93.0","False","BOD","DUB","N/A","N/A","N/A","","KLM","N/A","N/A","44.837789, -0.57918","53.3493795, -6.2605593","1032.73","2025-03-10 06:00:00","2025-03-10 12:40:00","","109","Monday","morning","long","cheap","407801059422570450"
"2024-11-21","2025-03-10","BOD","DUB","Dublin","https://www.kayak.fr/flights/BOD-DUB/2025-03-10?sort=price_a","11:45","19:40","535","93.0","False","BOD","DUB","N/A","N/A","N/A","","Volotea","Aer Lingus","N/A","44.837789, -0.57918","53.3493795, -6.2605593","1032.73","2025-03-10 11:45:00","2025-03-10 19:40:00","","109","Monday","morning","long","cheap","4363160302861481476"
"2024-11-21","2025-03-10","BOD","DUB","Dublin","https://www.kayak.fr/flights/BOD-DUB/2025-03-10?sort=price_a","12:30","16:40","310","94.0","False","BOD","DUB","N/A","N/A","N/A","","Aer Lingus","N/A","Saver","44.837789, -0.57918","53.3493795, -6.2605593","1032.73","2025-03-10 12:30:00","2025-03-10 16:40:00","","109","Monday","afternoon","moyen","cheap","1062136452330879771"
"2024-11-21","2025-03-10","BOD","DUB","Dublin","https://www.kayak.fr/flights/BOD-DUB/2025-03-10?sort=price_a","06:50","15:05","555","95.0","False","BOD","DUB","N/A","N/A","N/A","","Aer Lingus","N/A","Saver","44.837789, -0.57918","53.3493795, -6.2605593","1032.73","2025-03-10 06:50:00","2025-03-10 15:05:00","","109","Monday","morning","long","cheap","3344623205102981464"
"2024-11-21","2025-03-10","BOD","DUB","Dublin","https://www.kayak.fr/flights/BOD-DUB/2025-03-10?sort=price_a","06:50","10:20","270","99.0","False","BOD","DUB","N/A","N/A","N/A","","Aer Lingus","N/A","Saver","44.837789, -0.57918","53.3493795, -6.2605593","1032.73","2025-03-10 06:50:00","2025-03-10 10:20:00","","109","Monday","morning","moyen","cheap","9053184847050400364"
"2024-11-21","2025-03-10","BOD","DUB","Dublin","https://www.kayak.fr/flights/BOD-DUB/2025-03-10?sort=price_a","06:50","15:05","555","99.0","False","BOD","DUB","N/A","N/A","N/A","","Aer Lingus","N/A","N/A","44.837789, -0.57918","53.3493795, -6.2605593","1032.73","2025-03-10 06:50:00","2025-03-10 15:05:00","","109","Monday","morning","long","cheap","3344623205102981464"
"2024-11-21","2025-03-10","BOD","DUB","Dublin","https://www.kayak.fr/flights/BOD-DUB/2025-03-10?sort=price_a","18:10","21:45","275","103.0","False","BOD","DUB","N/A","N/A","N/A","","easyJet","Ryanair","N/A","44.837789, -0.57918","53.3493795, -6.2605593","1032.73","2025-03-10 18:10:00","2025-03-10 21:45:00","","109","Monday","evening","moyen","cheap","1726590038267557123"
"2024-11-21","2025-03-10","BOD","DUB","Dublin","https://www.kayak.fr/flights/BOD-DUB/2025-03-10?sort=price_a","06:50","13:00","430","103.0","False","BOD","DUB","N/A","N/A","N/A","","Aer Lingus","N/A","N/A","44.837789, -0.57918","53.3493795, -6.2605593","1032.73","2025-03-10 06:50:00","2025-03-10 13:00:00","","109","Monday","morning","long","cheap","4219368178700264491"
"2024-11-21","2025-03-10","BOD","DUB","Dublin","https://www.kayak.fr/flights/BOD-DUB/2025-03-10?sort=price_a","06:50","11:00","310","106.0","False","BOD","DUB","N/A","N/A","N/A","","easyJet","Ryanair","N/A","44.837789, -0.57918","53.3493795, -6.2605593","1032.73","2025-03-10 06:50:00","2025-03-10 11:00:00","","109","Monday","morning","moyen","cheap","7727268268230703041"
"2024-11-21","2025-03-11","BOD","DUB","Dublin","https://www.kayak.fr/flights/BOD-DUB/2025-03-11?sort=price_a","19:50","10:30+1","940","56.0","False","BOD","DUB","N/A","N/A","BCN","700.0","Vueling","N/A","Économique","44.837789, -0.57918","53.3493795, -6.2605593","1032.73","2025-03-11 19:50:00","2025-03-12 10:30:00","240.0","110","Tuesday","evening","long","cheap","4819242386894719463"
"2024-11-21","2025-03-11","BOD","DUB","Dublin","https://www.kayak.fr/flights/BOD-DUB/2025-03-11?sort=price_a","07:25","22:25","960","88.0","False","BOD","DUB","N/A","N/A","BCN","700.0","Vueling","N/A","Économique","44.837789, -0.57918","53.3493795, -6.2605593","1032.73","2025-03-11 07:25:00","2025-03-11 22:25:00","260.0","110","Tuesday","morning","long","cheap","1247756477787627414"
"2024-11-21","2025-03-11","BOD","DUB","Dublin","https://www.kayak.fr/flights/BOD-DUB/2025-03-11?sort=price_a","07:25","14:45","500","90.0","False","BOD","DUB","N/A","N/A","BCN","700.0","Vueling","N/A","Économique","44.837789, -0.57918","53.3493795, -6.2605593","1032.73","2025-03-11 07:25:00","2025-03-11 14:45:00","","110","Tuesday","morning","long","cheap","6530947289839616254"
"2024-11-21","2025-03-11","BOD","DUB","Dublin","https://www.kayak.fr/flights/BOD-DUB/2025-03-11?sort=price_a","18:00","22:05","305","91.0","False","BOD","DUB","N/A","N/A","BCN","700.0","Vueling","N/A","N/A","44.837789, -0.57918","53.3493795, -6.2605593","1032.73","2025-03-11 18:00:00","2025-03-11 22:05:00","","110","Tuesday","evening","moyen","cheap","1181682780491808886"
"2024-11-21","2025-03-11","BOD","DUB","Dublin","https://www.kayak.fr/flights/BOD-DUB/2025-03-11?sort=price_a","12:30","16:40","310","91.0","False","BOD","DUB","N/A","N/A","N/A","","KLM","N/A","N/A","44.837789, -0.57918","53.3493795, -6.2605593","1032.73","2025-03-11 12:30:00","2025-03-11 16:40:00","","110","Tuesday","afternoon","moyen","cheap","3413849057127124354"
"2024-11-21","2025-03-11","BOD","DUB","Dublin","https://www.kayak.fr/flights/BOD-DUB/2025-03-11?sort=price_a","06:00","12:40","460","92.0","False","BOD","DUB","N/A","N/A","BCN","700.0","Vueling","N/A","N/A","44.837789, -0.57918","53.3493795, -6.2605593","1032.73","2025-03-11 06:00:00","2025-03-11 12:40:00","","110","Tuesday","morning","long","cheap","8798966606819016585"
"2024-11-21","2025-03-11","BOD","DUB","Dublin","https://www.kayak.fr/flights/BOD-DUB/2025-03-11?sort=price_a","12:30","22:05","635","92.0","False","BOD","DUB","N/A","N/A","N/A","","KLM","N/A","N/A","44.837789, -0.57918","53.3493795, -6.2605593","1032.73","2025-03-11 12:30:00","2025-03-11 22:05:00","","110","Tuesday","afternoon","long","cheap","8043928620380678650"
"2024-11-21","2025-03-11","BOD","DUB","Dublin","https://www.kayak.fr/flights/BOD-DUB/2025-03-11?sort=price_a","07:25","15:10","525","93.0","False","BOD","DUB","N/A","N/A","N/A","","easyJet","Ryanair","N/A","44.837789, -0.57918","53.3493795, -6.2605593","1032.73","2025-03-11 07:25:00","2025-03-11 15:10:00","","110","Tuesday","morning","long","cheap","5458550322142841167"
"2024-11-21","2025-03-11","BOD","DUB","Dublin","https://www.kayak.fr/flights/BOD-DUB/2025-03-11?sort=price_a","06:00","16:40","700","93.0","False","BOD","DUB","N/A","N/A","N/A","","easyJet","Ryanair","Standard","44.837789, -0.57918","53.3493795, -6.2605593","1032.73","2025-03-11 06:00:00","2025-03-11 16:40:00","","110","Tuesday","morning","long","cheap","2011887369390902168"
"2024-11-21","2025-03-11","BOD","DUB","Dublin","https://www.kayak.fr/flights/BOD-DUB/2025-03-11?sort=price_a","18:00","08:05+1","905","93.0","False","BOD","DUB","N/A","N/A","N/A","","easyJet","Ryanair","Standard","44.837789, -0.57918","53.3493795, -6.2605593","1032.73","2025-03-11 18:00:00","2025-03-12 08:05:00","","110","Tuesday","evening","long","cheap","2186965707233938797"
"2024-11-21","2025-03-11","BOD","DUB","Dublin","https://www.kayak.fr/flights/BOD-DUB/2025-03-11?sort=price_a","07:25","11:00","275","94.0","False","BOD","DUB","N/A","N/A","N/A","","easyJet","Ryanair","Standard","44.837789, -0.57918","53.3493795, -6.2605593","1032.73","2025-03-11 07:25:00","2025-03-11 11:00:00","","110","Tuesday","morning","moyen","cheap","5155524854026382497"
"2024-11-21","2025-03-11","BOD","DUB","Dublin","https://www.kayak.fr/flights/BOD-DUB/2025-03-11?sort=price_a","07:25","21:15","890","94.0","False","BOD","DUB","N/A","N/A","N/A","","easyJet","Ryanair","N/A","44.837789, -0.57918","53.3493795, -6.2605593","1032.73","2025-03-11 07:25:00","2025-03-11 21:15:00","","110","Tuesday","morning","long","cheap","4104410227278129884"
"2024-11-21","2025-03-11","BOD","DUB","Dublin","https://www.kayak.fr/flights/BOD-DUB/2025-03-11?sort=price_a","07:25","12:45","380","99.0","False","BOD","DUB","N/A","N/A","N/A","","easyJet","Ryanair","N/A","44.837789, -0.57918","53.3493795, -6.2605593","1032.73","2025-03-11 07:25:00","2025-03-11 12:45:00","","110","Tuesday","morning","long","cheap","66183329128331721"
"2024-11-21","2025-03-11","BOD","DUB","Dublin","https://www.kayak.fr/flights/BOD-DUB/2025-03-11?sort=price_a","07:25","19:05","760","101.0","False","BOD","DUB","N/A","N/A","N/A","","easyJet","Ryanair","N/A","44.837789, -0.57918","53.3493795, -6.2605593","1032.73","2025-03-11 07:25:00","2025-03-11 19:05:00","","110","Tuesday","morning","long","cheap","6455439249828234935"
"2024-11-21","2025-03-11","BOD","DUB","Dublin","https://www.kayak.fr/flights/BOD-DUB/2025-03-11?sort=price_a","07:25","23:00","995","101.0","False","BOD","DUB","N/A","N/A","N/A","","easyJet","Ryanair","N/A","44.837789, -0.57918","53.3493795, -6.2605593","1032.73","2025-03-11 07:25:00","2025-03-11 23:00:00","","110","Tuesday","morning","long","cheap","9046828990156546076"
"2024-11-21","2025-03-12","BOD","DUB","Dublin","https://www.kayak.fr/flights/BOD-DUB/2025-03-12?sort=price_a","15:25","16:25","120","72.0","True","BOD","DUB","N/A","N/A","N/A","","Aer Lingus","N/A","Saver","44.837789, -0.57918","53.3493795, -6.2605593","1032.73","2025-03-12 15:25:00","2025-03-12 16:25:00","","111","Wednesday","afternoon","court","cheap","7437767773237274025"
"2024-11-21","2025-03-12","BOD","DUB","Dublin","https://www.kayak.fr/flights/BOD-DUB/2025-03-12?sort=price_a","18:00","22:05","305","91.0","False","BOD","DUB","N/A","N/A","N/A","","Aer Lingus","N/A","Saver","44.837789, -0.57918","53.3493795, -6.2605593","1032.73","2025-03-12 18:00:00","2025-03-12 22:05:00","","111","Wednesday","evening","moyen","cheap","7890443246131251133"
"2024-11-21","2025-03-12","BOD","DUB","Dublin","https://www.kayak.fr/flights/BOD-DUB/2025-03-12?sort=price_a","12:30","16:40","310","91.0","False","BOD","DUB","N/A","N/A","N/A","","Aer Lingus","N/A","Saver","44.837789, -0.57918","53.3493795, -6.2605593","1032.73","2025-03-12 12:30:00","2025-03-12 16:40:00","","111","Wednesday","afternoon","moyen","cheap","5133319416737938353"
"2024-11-21","2025-03-12","BOD","DUB","Dublin","https://www.kayak.fr/flights/BOD-DUB/2025-03-12?sort=price_a","06:50","11:30","340","91.0","False","BOD","DUB","N/A","N/A","N/A","","Aer Lingus","N/A","N/A","44.837789, -0.57918","53.3493795, -6.2605593","1032.73","2025-03-12 06:50:00","2025-03-12 11:30:00","","111","Wednesday","morning","moyen","cheap","637141961310969758"
"2024-11-21","2025-03-12","BOD","DUB","Dublin","https://www.kayak.fr/flights/BOD-DUB/2025-03-12?sort=price_a","06:50","12:35","405","94.0","False","BOD","DUB","N/A","N/A","N/A","","easyJet","Ryanair","N/A","44.837789, -0.57918","53.3493795, -6.2605593","1032.73","2025-03-12 06:50:00","2025-03-12 12:35:00","","111","Wednesday","morning","long","cheap","1523821233031070634"
"2024-11-21","2025-03-12","BOD","DUB","Dublin","https://www.kayak.fr/flights/BOD-DUB/2025-03-12?sort=price_a","20:45","07:55+1","730","107.0","False","BOD","DUB","N/A","N/A","N/A","","Aer Lingus","N/A","N/A","44.837789, -0.57918","53.3493795, -6.2605593","1032.73","2025-03-12 20:45:00","2025-03-13 07:55:00","","111","Wednesday","evening","long","cheap","8027391407072079173"
"2024-11-21","2025-03-12","BOD","DUB","Dublin","https://www.kayak.fr/flights/BOD-DUB/2025-03-12?sort=price_a","09:20","14:20","360","127.0","False","BOD","DUB","N/A","N/A","N/A","","easyJet","SWISS","N/A","44.837789, -0.57918","53.3493795, -6.2605593","1032.73","2025-03-12 09:20:00","2025-03-12 14:20:00","","111","Wednesday","morning","moyen","standard","7331631533672762360"
"2024-11-21","2025-03-12","BOD","DUB","Dublin","https://www.kayak.fr/flights/BOD-DUB/2025-03-12?sort=price_a","18:25","22:40","315","132.0","False","BOD","DUB","N/A","N/A","N/A","","Lufthansa","N/A","N/A","44.837789, -0.57918","53.3493795, -6.2605593","1032.73","2025-03-12 18:25:00","2025-03-12 22:40:00","","111","Wednesday","evening","moyen","standard","690013915411694708"
"2024-11-21","2025-03-12","BOD","DUB","Dublin","https://www.kayak.fr/flights/BOD-DUB/2025-03-12?sort=price_a","14:50","22:35","525","135.0","False","BOD","DUB","N/A","N/A","AMS","95.0","KLM","N/A","Light","44.837789, -0.57918","53.3493795, -6.2605593","1032.73","2025-03-12 14:50:00","2025-03-12 22:35:00","430.0","111","Wednesday","afternoon","long","standard","6676604096744045339"
"2024-11-21","2025-03-12","BOD","DUB","Dublin","https://www.kayak.fr/flights/BOD-DUB/2025-03-12?sort=price_a","09:05","13:30","325","139.0","False","BOD","DUB","N/A","N/A","AMS","95.0","KLM","N/A","Light","44.837789, -0.57918","53.3493795, -6.2605593","1032.73","2025-03-12 09:05:00","2025-03-12 13:30:00","230.0","111","Wednesday","morning","moyen","standard","272865197519550430"
"2024-11-21","2025-03-12","BOD","DUB","Dublin","https://www.kayak.fr/flights/BOD-DUB/2025-03-12?sort=price_a","09:00","16:10","490","139.0","False","BOD","DUB","N/A","N/A","AMS","95.0","KLM","N/A","Light","44.837789, -0.57918","53.3493795, -6.2605593","1032.73","2025-03-12 09:00:00","2025-03-12 16:10:00","395.0","111","Wednesday","morning","long","standard","424964296471651714"
"2024-11-21","2025-03-12","BOD","DUB","Dublin","https://www.kayak.fr/flights/BOD-DUB/2025-03-12?sort=price_a","07:15","15:10","535","139.0","False","BOD","DUB","N/A","N/A","AMS","95.0","KLM","N/A","N/A","44.837789, -0.57918","53.3493795, -6.2605593","1032.73","2025-03-12 07:15:00","2025-03-12 15:10:00","440.0","111","Wednesday","morning","long","standard","5523021079648811543"
"2024-11-21","2025-03-12","BOD","DUB","Dublin","https://www.kayak.fr/flights/BOD-DUB/2025-03-12?sort=price_a","06:50","13:35","465","140.0","False","BOD","DUB","N/A","N/A","N/A","","easyJet","Aer Lingus","N/A","44.837789, -0.57918","53.3493795, -6.2605593","1032.73","2025-03-12 06:50:00","2025-03-12 13:35:00","","111","Wednesday","morning","long","standard","7937020111374787106"
"2024-11-21","2025-03-12","BOD","DUB","Dublin","https://www.kayak.fr/flights/BOD-DUB/2025-03-12?sort=price_a","14:50","20:10","380","141.0","False","BOD","DUB","N/A","N/A","AMS","95.0","KLM","N/A","N/A","44.837789, -0.57918","53.3493795, -6.2605593","1032.73","2025-03-12 14:50:00","2025-03-12 20:10:00","285.0","111","Wednesday","afternoon","long","standard","3530220472733035078"
"2024-11-21","2025-03-12","BOD","DUB","Dublin","https://www.kayak.fr/flights/BOD-DUB/2025-03-12?sort=price_a","06:00","12:40","460","147.0","False","BOD","DUB","N/A","N/A","N/A","","KLM","N/A","N/A","44.837789, -0.57918","53.3493795, -6.2605593","1032.73","2025-03-12 06:00:00","2025-03-12 12:40:00","","111","Wednesday","morning","long","standard","7415307886670104645"
"2024-11-21","2025-03-13","BOD","DUB","Dublin","https://www.kayak.fr/flights/BOD-DUB/2025-03-13?sort=price_a","15:25","16:25","120","86.0","True","BOD","DUB","N/A","N/A","N/A","","Aer Lingus","N/A","Saver","44.837789, -0.57918","53.3493795, -6.2605593","1032.73","2025-03-13 15:25:00","2025-03-13 16:25:00","","112","Thursday","afternoon","court","cheap","7954651361217204599"
"2024-11-21","2025-03-13","BOD","DUB","Dublin","https://www.kayak.fr/flights/BOD-DUB/2025-03-13?sort=price_a","18:30","22:50","320","109.0","False","BOD","DUB","N/A","N/A","N/A","","Aer Lingus","N/A","Saver","44.837789, -0.57918","53.3493795, -6.2605593","1032.73","2025-03-13 18:30:00","2025-03-13 22:50:00","","112","Thursday","evening","moyen","cheap","1465934718222997486"
"2024-11-21","2025-03-13","BOD","DUB","Dublin","https://www.kayak.fr/flights/BOD-DUB/2025-03-13?sort=price_a","06:50","11:45","355","130.0","False","BOD","DUB","N/A","N/A","N/A","","Aer Lingus","N/A","Saver","44.837789, -0.57918","53.3493795, -6.2605593","1032.73","2025-03-13 06:50:00","2025-03-13 11:45:00","","112","Thursday","morning","moyen","standard","2587557016397874801"
"2024-11-21","2025-03-13","BOD","DUB","Dublin","https://www.kayak.fr/flights/BOD-DUB/2025-03-13?sort=price_a","06:50","13:35","465","146.0","False","BOD","DUB","N/A","N/A","N/A","","Aer Lingus","N/A","N/A","44.837789, -0.57918","53.3493795, -6.2605593","1032.73","2025-03-13 06:50:00","2025-03-13 13:35:00","","112","Thursday","morning","long","standard","6045485375607358868"
"2024-11-21","2025-03-13","BOD","DUB","Dublin","https://www.kayak.fr/flights/BOD-DUB/2025-03-13?sort=price_a","18:00","22:05","305","163.0","False","BOD","DUB","N/A","N/A","N/A","","KLM","N/A","N/A","44.837789, -0.57918","53.3493795, -6.2605593","1032.73","2025-03-13 18:00:00","2025-03-13 22:05:00","","112","Thursday","evening","moyen","high","4718736942428566916"
"2024-11-21","2025-03-13","BOD","DUB","Dublin","https://www.kayak.fr/flights/BOD-DUB/2025-03-13?sort=price_a","06:50","12:55","425","163.0","False","BOD","DUB","N/A","N/A","N/A","","Aer Lingus","N/A","N/A","44.837789, -0.57918","53.3493795, -6.2605593","1032.73","2025-03-13 06:50:00","2025-03-13 12:55:00","","112","Thursday","morning","long","high","6652951859117721774"
"2024-11-21","2025-03-13","BOD","DUB","Dublin","https://www.kayak.fr/flights/BOD-DUB/2025-03-13?sort=price_a","09:25","15:25","420","167.0","False","BOD","DUB","N/A","N/A","N/A","","easyJet","Ryanair","N/A","44.837789, -0.57918","53.3493795, -6.2605593","1032.73","2025-03-13 09:25:00","2025-03-13 15:25:00","","112","Thursday","morning","long","high","2387964637100499515"
"2024-11-21","2025-03-13","BOD","DUB","Dublin","https://www.kayak.fr/flights/BOD-DUB/2025-03-13?sort=price_a","07:45","13:30","405","173.0","False","BOD","DUB","N/A","N/A","N/A","","Volotea","Aer Lingus","N/A","44.837789, -0.57918","53.3493795, -6.2605593","1032.73","2025-03-13 07:45:00","2025-03-13 13:30:00","","112","Thursday","morning","long","high","633507227202684212"
"2024-11-21","2025-03-13","BOD","DUB","Dublin","https://www.kayak.fr/flights/BOD-DUB/2025-03-13?sort=price_a","13:35","21:20","525","178.0","False","BOD","DUB","N/A","N/A","FRA","80.0","Lufthansa","N/A","Economy Light","44.837789, -0.57918","53.3493795, -6.2605593","1032.73","2025-03-13 13:35:00","2025-03-13 21:20:00","445.0","112","Thursday","afternoon","long","high","2423547329701992259"
"2024-11-21","2025-03-13","BOD","DUB","Dublin","https://www.kayak.fr/flights/BOD-DUB/2025-03-13?sort=price_a","14:50","22:35","525","194.0","False","BOD","DUB","N/A","N/A","FRA","80.0","Lufthansa","N/A","Economy Light","44.837789, -0.57918","53.3493795, -6.2605593","1032.73","2025-03-13 14:50:00","2025-03-13 22:35:00","445.0","112","Thursday","afternoon","long","high","3350586918825390387"
"2024-11-21","2025-03-13","BOD","DUB","Dublin","https://www.kayak.fr/flights/BOD-DUB/2025-03-13?sort=price_a","15:55","22:35","460","200.0","False","BOD","DUB","N/A","N/A","FRA","80.0","Lufthansa","N/A","Economy Light","44.837789, -0.57918","53.3493795, -6.2605593","1032.73","2025-03-13 15:55:00","2025-03-13 22:35:00","380.0","112","Thursday","afternoon","long","high","2627424492319934474"
"2024-11-21","2025-03-13","BOD","DUB","Dublin","https://www.kayak.fr/flights/BOD-DUB/2025-03-13?sort=price_a","15:50","22:50","480","201.0","False","BOD","DUB","N/A","N/A","FRA","80.0","Lufthansa","N/A","N/A","44.837789, -0.57918","53.3493795, -6.2605593","1032.73","2025-03-13 15:50:00","2025-03-13 22:50:00","400.0","112","Thursday","afternoon","long","high","2761878380937335745"
"2024-11-21","2025-03-13","BOD","DUB","Dublin","https://www.kayak.fr/flights/BOD-DUB/2025-03-13?sort=price_a","06:50","12:10","380","203.0","False","BOD","DUB","N/A","N/A","N/A","","easyJet","British Airways","N/A","44.837789, -0.57918","53.3493795, -6.2605593","1032.73","2025-03-13 06:50:00","2025-03-13 12:10:00","","112","Thursday","morning","long","high","3909785545772057984"
"2024-11-21","2025-03-13","BOD","DUB","Dublin","https://www.kayak.fr/flights/BOD-DUB/2025-03-13?sort=price_a","06:00","13:35","515","204.0","False","BOD","DUB","N/A","N/A","FRA","80.0","Lufthansa","N/A","N/A","44.837789, -0.57918","53.3493795, -6.2605593","1032.73","2025-03-13 06:00:00","2025-03-13 13:35:00","435.0","112","Thursday","morning","long","high","1160454446879323247"
"2024-11-21","2025-03-13","BOD","DUB","Dublin","https://www.kayak.fr/flights/BOD-DUB/2025-03-13?sort=price_a","06:00","12:40","460","216.0","False","BOD","DUB","N/A","N/A","N/A","","KLM","N/A","N/A","44.837789, -0.57918","53.3493795, -6.2605593","1032.73","2025-03-13 06:00:00","2025-03-13 12:40:00","","112","Thursday","morning","long","high","823097801717207713"
"2024-11-21","2025-03-14","BOD","DUB","Dublin","https://www.kayak.fr/flights/BOD-DUB/2025-03-14?sort=price_a","17:25","23:20","415","129.0","False","BOD","DUB","N/A","N/A","LIS","120.0","easyJet","TAP AIR PORTUGAL","Standard","44.837789, -0.57918","53.3493795, -6.2605593","1032.73","2025-03-14 17:25:00","2025-03-14 23:20:00","295.0","113","Friday","evening","long","standard","7196065904824108248"
"2024-11-21","2025-03-14","BOD","DUB","Dublin","https://www.kayak.fr/flights/BOD-DUB/2025-03-14?sort=price_a","18:25","22:50","325","130.0","False","BOD","DUB","N/A","N/A","LIS","120.0","easyJet","TAP AIR PORTUGAL","Standard","44.837789, -0.57918","53.3493795, -6.2605593","1032.73","2025-03-14 18:25:00","2025-03-14 22:50:00","205.0","113","Friday","evening","moyen","standard","9215127168461863253"
"2024-11-21","2025-03-14","BOD","DUB","Dublin","https://www.kayak.fr/flights/BOD-DUB/2025-03-14?sort=price_a","17:25","22:15","350","136.0","False","BOD","DUB","N/A","N/A","LIS","120.0","easyJet","TAP AIR PORTUGAL","Standard","44.837789, -0.57918","53.3493795, -6.2605593","1032.73","2025-03-14 17:25:00","2025-03-14 22:15:00","230.0","113","Friday","evening","moyen","standard","5531877490386915429"
"2024-11-21","2025-03-14","BOD","DUB","Dublin","https://www.kayak.fr/flights/BOD-DUB/2025-03-14?sort=price_a","15:45","23:20","515","136.0","False","BOD","DUB","N/A","N/A","LIS","120.0","easyJet","TAP AIR PORTUGAL","N/A","44.837789, -0.57918","53.3493795, -6.2605593","1032.73","2025-03-14 15:45:00","2025-03-14 23:20:00","395.0","113","Friday","afternoon","long","standard","1292802826615175818"
"2024-11-21","2025-03-14","BOD","DUB","Dublin","https://www.kayak.fr/flights/BOD-DUB/2025-03-14?sort=price_a","13:00","20:10","490","151.0","False","BOD","DUB","N/A","N/A","N/A","","Transavia France","Ryanair","N/A","44.837789, -0.57918","53.3493795, -6.2605593","1032.73","2025-03-14 13:00:00","2025-03-14 20:10:00","","113","Friday","afternoon","long","standard","7121405649564900015"
"2024-11-21","2025-03-14","BOD","DUB","Dublin","https://www.kayak.fr/flights/BOD-DUB/2025-03-14?sort=price_a","13:55","21:25","510","153.0","False","BOD","DUB","N/A","N/A","LIS","120.0","easyJet","TAP AIR PORTUGAL","N/A","44.837789, -0.57918","53.3493795, -6.2605593","1032.73","2025-03-14 13:55:00","2025-03-14 21:25:00","390.0","113","Friday","afternoon","long","standard","8478894578893448680"
"2024-11-21","2025-03-14","BOD","DUB","Dublin","https://www.kayak.fr/flights/BOD-DUB/2025-03-14?sort=price_a","15:45","20:10","325","158.0","False","BOD","DUB","N/A","N/A","N/A","","easyJet","Ryanair","N/A","44.837789, -0.57918","53.3493795, -6.2605593","1032.73","2025-03-14 15:45:00","2025-03-14 20:10:00","","113","Friday","afternoon","moyen","high","1564266823501811508"
"2024-11-21","2025-03-14","BOD","DUB","Dublin","https://www.kayak.fr/flights/BOD-DUB/2025-03-14?sort=price_a","13:55","21:30","515","161.0","False","BOD","DUB","N/A","N/A","N/A","","easyJet","Ryanair","N/A","44.837789, -0.57918","53.3493795, -6.2605593","1032.73","2025-03-14 13:55:00","2025-03-14 21:30:00","","113","Friday","afternoon","long","high","2785024814238037667"
"2024-11-21","2025-03-14","BOD","DUB","Dublin","https://www.kayak.fr/flights/BOD-DUB/2025-03-14?sort=price_a","15:25","16:25","120","163.0","True","BOD","DUB","N/A","N/A","N/A","","Lufthansa","N/A","Economy Light","44.837789, -0.57918","53.3493795, -6.2605593","1032.73","2025-03-14 15:25:00","2025-03-14 16:25:00","","113","Friday","afternoon","court","high","739290547627834572"
"2024-11-21","2025-03-14","BOD","DUB","Dublin","https://www.kayak.fr/flights/BOD-DUB/2025-03-14?sort=price_a","13:55","17:40","285","163.0","False","BOD","DUB","N/A","N/A","FRA","85.0","Lufthansa","N/A","Economy Light","44.837789, -0.57918","53.3493795, -6.2605593","1032.73","2025-03-14 13:55:00","2025-03-14 17:40:00","200.0","113","Friday","afternoon","moyen","high","8472217802872546926"
"2024-11-21","2025-03-14","BOD","DUB","Dublin","https://www.kayak.fr/flights/BOD-DUB/2025-03-14?sort=price_a","13:55","19:30","395","163.0","False","BOD","DUB","N/A","N/A","FRA","85.0","Lufthansa","N/A","Economy Light","44.837789, -0.57918","53.3493795, -6.2605593","1032.73","2025-03-14 13:55:00","2025-03-14 19:30:00","310.0","113","Friday","afternoon","long","high","3692756700794508736"
"2024-11-21","2025-03-14","BOD","DUB","Dublin","https://www.kayak.fr/flights/BOD-DUB/2025-03-14?sort=price_a","13:55","20:45","470","163.0","False","BOD","DUB","N/A","N/A","FRA","85.0","Lufthansa","N/A","N/A","44.837789, -0.57918","53.3493795, -6.2605593","1032.73","2025-03-14 13:55:00","2025-03-14 20:45:00","385.0","113","Friday","afternoon","long","high","4817650015346903931"
"2024-11-21","2025-03-14","BOD","DUB","Dublin","https://www.kayak.fr/flights/BOD-DUB/2025-03-14?sort=price_a","13:55","20:15","440","164.0","False","BOD","DUB","N/A","N/A","N/A","","easyJet","Ryanair","N/A","44.837789, -0.57918","53.3493795, -6.2605593","1032.73","2025-03-14 13:55:00","2025-03-14 20:15:00","","113","Friday","afternoon","long","high","1878154154240429925"
"2024-11-21","2025-03-14","BOD","DUB","Dublin","https://www.kayak.fr/flights/BOD-DUB/2025-03-14?sort=price_a","06:50","15:05","555","166.0","False","BOD","DUB","N/A","N/A","FRA","85.0","Lufthansa","N/A","N/A","44.837789, -0.57918","53.3493795, -6.2605593","1032.73","2025-03-14 06:50:00","2025-03-14 15:05:00","470.0","113","Friday","morning","long","high","1945049125291934076"
"2024-11-21","2025-03-14","BOD","DUB","Dublin","https://www.kayak.fr/flights/BOD-DUB/2025-03-14?sort=price_a","06:50","14:40","530","168.0","False","BOD","DUB","N/A","N/A","N/A","","easyJet","Ryanair","N/A","44.837789, -0.57918","53.3493795, -6.2605593","1032.73","2025-03-14 06:50:00","2025-03-14 14:40:00","","113","Friday","morning","long","high","6352146491884717545"
"2024-11-21","2025-03-15","BOD","DUB","Dublin","https://www.kayak.fr/flights/BOD-DUB/2025-03-15?sort=price_a","16:50","10:20+1","1110","112.0","False","BOD","DUB","N/A","N/A","LIS","820.0","easyJet","TAP AIR PORTUGAL","Standard","44.837789, -0.57918","53.3493795, -6.2605593","1032.73","2025-03-15 16:50:00","2025-03-16 10:20:00","290.0","114","Saturday","afternoon","long","standard","6726039502888361524"
"2024-11-21","2025-03-15","BOD","DUB","Dublin","https://www.kayak.fr/flights/BOD-DUB/2025-03-15?sort=price_a","07:00","23:50","1070","116.0","False","BOD","DUB","N/A","N/A","LIS","820.0","easyJet","TAP AIR PORTUGAL","Standard","44.837789, -0.57918","53.3493795, -6.2605593","1032.73","2025-03-15 07:00:00","2025-03-15 23:50:00","250.0","114","Saturday","morning","long","standard","4891672961253107418"
"2024-11-21","2025-03-15","BOD","DUB","Dublin","https://www.kayak.fr/flights/BOD-DUB/2025-03-15?sort=price_a","07:00","23:05","1025","119.0","False","BOD","DUB","N/A","N/A","LIS","820.0","easyJet","TAP AIR PORTUGAL","Standard","44.837789, -0.57918","53.3493795, -6.2605593","1032.73","2025-03-15 07:00:00","2025-03-15 23:05:00","205.0","114","Saturday","morning","long","standard","7150076148992562156"
"2024-11-21","2025-03-15","BOD","DUB","Dublin","https://www.kayak.fr/flights/BOD-DUB/2025-03-15?sort=price_a","07:00","21:55","955","123.0","False","BOD","DUB","N/A","N/A","LIS","820.0","easyJet","TAP AIR PORTUGAL","N/A","44.837789, -0.57918","53.3493795, -6.2605593","1032.73","2025-03-15 07:00:00","2025-03-15 21:55:00","135.0","114","Saturday","morning","long","standard","922176302581520232"
"2024-11-21","2025-03-15","BOD","DUB","Dublin","https://www.kayak.fr/flights/BOD-DUB/2025-03-15?sort=price_a","10:10","23:50","880","127.0","False","BOD","DUB","N/A","N/A","N/A","","British Airways","Ryanair","N/A","44.837789, -0.57918","53.3493795, -6.2605593","1032.73","2025-03-15 10:10:00","2025-03-15 23:50:00","","114","Saturday","morning","long","standard","8046605552744556898"
"2024-11-21","2025-03-15","BOD","DUB","Dublin","https://www.kayak.fr/flights/BOD-DUB/2025-03-15?sort=price_a","07:00","21:50","950","127.0","False","BOD","DUB","N/A","N/A","LIS","820.0","easyJet","TAP AIR PORTUGAL","N/A","44.837789, -0.57918","53.3493795, -6.2605593","1032.73","2025-03-15 07:00:00","2025-03-15 21:50:00","130.0","114","Saturday","morning","long","standard","2810119721361805533"
"2024-11-21","2025-03-15","BOD","DUB","Dublin","https://www.kayak.fr/flights/BOD-DUB/2025-03-15?sort=price_a","10:10","23:05","835","130.0","False","BOD","DUB","N/A","N/A","N/A","","British Airways","Ryanair","N/A","44.837789, -0.57918","53.3493795, -6.2605593","1032.73","2025-03-15 10:10:00","2025-03-15 23:05:00","","114","Saturday","morning","long","standard","7047376965209049102"
"2024-11-21","2025-03-15","BOD","DUB","Dublin","https://www.kayak.fr/flights/BOD-DUB/2025-03-15?sort=price_a","07:00","19:55","835","130.0","False","BOD","DUB","N/A","N/A","N/A","","easyJet","Ryanair","N/A","44.837789, -0.57918","53.3493795, -6.2605593","1032.73","2025-03-15 07:00:00","2025-03-15 19:55:00","","114","Saturday","morning","long","standard","8797471372503629842"
"2024-11-21","2025-03-15","BOD","DUB","Dublin","https://www.kayak.fr/flights/BOD-DUB/2025-03-15?sort=price_a","07:00","18:55","775","131.0","False","BOD","DUB","N/A","N/A","LGW","890.0","easyJet","Ryanair","Standard","44.837789, -0.57918","53.3493795, -6.2605593","1032.73","2025-03-15 07:00:00","2025-03-15 18:55:00","","114","Saturday","morning","long","standard","4833017921316691277"
"2024-11-21","2025-03-15","BOD","DUB","Dublin","https://www.kayak.fr/flights/BOD-DUB/2025-03-15?sort=price_a","10:10","21:55","765","133.0","False","BOD","DUB","N/A","N/A","LGW","890.0","easyJet","Ryanair","Standard","44.837789, -0.57918","53.3493795, -6.2605593","1032.73","2025-03-15 10:10:00","2025-03-15 21:55:00","","114","Saturday","morning","long","standard","8270598526740337883"
"2024-11-21","2025-03-15","BOD","DUB","Dublin","https://www.kayak.fr/flights/BOD-DUB/2025-03-15?sort=price_a","10:10","21:50","760","137.0","False","BOD","DUB","N/A","N/A","LGW","890.0","easyJet","Ryanair","Standard","44.837789, -0.57918","53.3493795, -6.2605593","1032.73","2025-03-15 10:10:00","2025-03-15 21:50:00","","114","Saturday","morning","long","standard","8988988653538448163"
"2024-11-21","2025-03-15","BOD","DUB","Dublin","https://www.kayak.fr/flights/BOD-DUB/2025-03-15?sort=price_a","07:00","21:30","930","139.0","False","BOD","DUB","N/A","N/A","LGW","890.0","easyJet","Ryanair","N/A","44.837789, -0.57918","53.3493795, -6.2605593","1032.73","2025-03-15 07:00:00","2025-03-15 21:30:00","40.0","114","Saturday","morning","long","standard","2254969487400795609"
"2024-11-21","2025-03-15","BOD","DUB","Dublin","https://www.kayak.fr/flights/BOD-DUB/2025-03-15?sort=price_a","10:10","19:55","645","141.0","False","BOD","DUB","N/A","N/A","N/A","","British Airways","Ryanair","N/A","44.837789, -0.57918","53.3493795, -6.2605593","1032.73","2025-03-15 10:10:00","2025-03-15 19:55:00","","114","Saturday","morning","long","standard","776221104157344578"
"2024-11-21","2025-03-15","BOD","DUB","Dublin","https://www.kayak.fr/flights/BOD-DUB/2025-03-15?sort=price_a","07:00","19:20","800","144.0","False","BOD","DUB","N/A","N/A","LGW","890.0","easyJet","Ryanair","N/A","44.837789, -0.57918","53.3493795, -6.2605593","1032.73","2025-03-15 07:00:00","2025-03-15 19:20:00","","114","Saturday","morning","long","standard","4939873688652455156"
"2024-11-21","2025-03-15","BOD","DUB","Dublin","https://www.kayak.fr/flights/BOD-DUB/2025-03-15?sort=price_a","07:00","20:15","855","144.0","False","BOD","DUB","N/A","N/A","N/A","","easyJet","Ryanair","N/A","44.837789, -0.57918","53.3493795, -6.2605593","1032.73","2025-03-15 07:00:00","2025-03-15 20:15:00","","114","Saturday","morning","long","standard","3170716844475015475"
"2024-11-21","2025-03-16","BOD","DUB","Dublin","https://www.kayak.fr/flights/BOD-DUB/2025-03-16?sort=price_a","21:50","08:35+1","705","113.0","False","BOD","DUB","N/A","N/A","BRS","545.0","easyJet","Ryanair","Standard","44.837789, -0.57918","53.3493795, -6.2605593","1032.73","2025-03-16 21:50:00","2025-03-17 08:35:00","160.0","115","Sunday","evening","long","standard","4300075883045559960"
"2024-11-21","2025-03-16","BOD","DUB","Dublin","https://www.kayak.fr/flights/BOD-DUB/2025-03-16?sort=price_a","18:15","22:55","340","144.0","False","BOD","DUB","N/A","N/A","BRS","545.0","easyJet","Ryanair","Standard","44.837789, -0.57918","53.3493795, -6.2605593","1032.73","2025-03-16 18:15:00","2025-03-16 22:55:00","","115","Sunday","evening","moyen","standard","2069241814558101398"
"2024-11-21","2025-03-16","BOD","DUB","Dublin","https://www.kayak.fr/flights/BOD-DUB/2025-03-16?sort=price_a","12:30","20:20","530","148.0","False","BOD","DUB","N/A","N/A","BRS","545.0","easyJet","Ryanair","Standard","44.837789, -0.57918","53.3493795, -6.2605593","1032.73","2025-03-16 12:30:00","2025-03-16 20:20:00","","115","Sunday","afternoon","long","standard","2356248894932769352"
"2024-11-21","2025-03-16","BOD","DUB","Dublin","https://www.kayak.fr/flights/BOD-DUB/2025-03-16?sort=price_a","12:30","19:15","465","151.0","False","BOD","DUB","N/A","N/A","BRS","545.0","easyJet","Ryanair","N/A","44.837789, -0.57918","53.3493795, -6.2605593","1032.73","2025-03-16 12:30:00","2025-03-16 19:15:00","","115","Sunday","afternoon","long","standard","3042009221723963032"
"2024-11-21","2025-03-16","BOD","DUB","Dublin","https://www.kayak.fr/flights/BOD-DUB/2025-03-16?sort=price_a","12:30","16:40","310","160.0","False","BOD","DUB","N/A","N/A","N/A","","KLM","N/A","N/A","44.837789, -0.57918","53.3493795, -6.2605593","1032.73","2025-03-16 12:30:00","2025-03-16 16:40:00","","115","Sunday","afternoon","moyen","high","2830608716825589449"
"2024-11-21","2025-03-16","BOD","DUB","Dublin","https://www.kayak.fr/flights/BOD-DUB/2025-03-16?sort=price_a","12:30","17:10","340","162.0","False","BOD","DUB","N/A","N/A","BRS","545.0","easyJet","Ryanair","N/A","44.837789, -0.57918","53.3493795, -6.2605593","1032.73","2025-03-16 12:30:00","2025-03-16 17:10:00","","115","Sunday","afternoon","moyen","high","903504533762947597"
"2024-11-21","2025-03-16","BOD","DUB","Dublin","https://www.kayak.fr/flights/BOD-DUB/2025-03-16?sort=price_a","12:30","17:45","375","165.0","False","BOD","DUB","N/A","N/A","N/A","","easyJet","Aer Lingus","N/A","44.837789, -0.57918","53.3493795, -6.2605593","1032.73","2025-03-16 12:30:00","2025-03-16 17:45:00","","115","Sunday","afternoon","long","high","6834888778923421525"
"2024-11-21","2025-03-16","BOD","DUB","Dublin","https://www.kayak.fr/flights/BOD-DUB/2025-03-16?sort=price_a","12:30","19:05","455","166.0","False","BOD","DUB","N/A","N/A","N/A","","easyJet","Aer Lingus","N/A","44.837789, -0.57918","53.3493795, -6.2605593","1032.73","2025-03-16 12:30:00","2025-03-16 19:05:00","","115","Sunday","afternoon","long","high","8798125211946858581"
"2024-11-21","2025-03-16","BOD","DUB","Dublin","https://www.kayak.fr/flights/BOD-DUB/2025-03-16?sort=price_a","12:30","20:05","515","166.0","False","BOD","DUB","N/A","N/A","LGW","155.0","easyJet","Ryanair","Standard","44.837789, -0.57918","53.3493795, -6.2605593","1032.73","2025-03-16 12:30:00","2025-03-16 20:05:00","360.0","115","Sunday","afternoon","long","high","3782163456845157929"
"2024-11-21","2025-03-16","BOD","DUB","Dublin","https://www.kayak.fr/flights/BOD-DUB/2025-03-16?sort=price_a","12:30","18:40","430","171.0","False","BOD","DUB","N/A","N/A","LGW","155.0","easyJet","Ryanair","Standard","44.837789, -0.57918","53.3493795, -6.2605593","1032.73","2025-03-16 12:30:00","2025-03-16 18:40:00","275.0","115","Sunday","afternoon","long","high","7976834923244941473"
"2024-11-21","2025-03-16","BOD","DUB","Dublin","https://www.kayak.fr/flights/BOD-DUB/2025-03-16?sort=price_a","12:30","19:40","490","171.0","False","BOD","DUB","N/A","N/A","LGW","155.0","easyJet","Ryanair","Standard","44.837789, -0.57918","53.3493795, -6.2605593","1032.73","2025-03-16 12:30:00","2025-03-16 19:40:00","335.0","115","Sunday","afternoon","long","high","6884732589371240696"
"2024-11-21","2025-03-16","BOD","DUB","Dublin","https://www.kayak.fr/flights/BOD-DUB/2025-03-16?sort=price_a","17:50","23:30","400","176.0","False","BOD","DUB","N/A","N/A","LGW","155.0","easyJet","Ryanair","N/A","44.837789, -0.57918","53.3493795, -6.2605593","1032.73","2025-03-16 17:50:00","2025-03-16 23:30:00","245.0","115","Sunday","evening","long","high","6699316290845672140"
"2024-11-21","2025-03-16","BOD","DUB","Dublin","https://www.kayak.fr/flights/BOD-DUB/2025-03-16?sort=price_a","14:20","21:00","460","176.0","False","BOD","DUB","N/A","N/A","N/A","","easyJet","Ryanair","N/A","44.837789, -0.57918","53.3493795, -6.2605593","1032.73","2025-03-16 14:20:00","2025-03-16 21:00:00","","115","Sunday","afternoon","long","high","2869006654005752667"
"2024-11-21","2025-03-16","BOD","DUB","Dublin","https://www.kayak.fr/flights/BOD-DUB/2025-03-16?sort=price_a","17:50","23:20","390","177.0","False","BOD","DUB","N/A","N/A","LGW","155.0","easyJet","Ryanair","N/A","44.837789, -0.57918","53.3493795, -6.2605593","1032.73","2025-03-16 17:50:00","2025-03-16 23:20:00","235.0","115","Sunday","evening","long","high","8133109310045410347"
"2024-11-21","2025-03-16","BOD","DUB","Dublin","https://www.kayak.fr/flights/BOD-DUB/2025-03-16?sort=price_a","11:10","15:30","320","180.0","False","BOD","DUB","N/A","N/A","N/A","","easyJet","Aer Lingus","N/A","44.837789, -0.57918","53.3493795, -6.2605593","1032.73","2025-03-16 11:10:00","2025-03-16 15:30:00","","115","Sunday","morning","moyen","high","8790679105526141185"
"2024-11-21","2025-03-17","BOD","DUB","Dublin","https://www.kayak.fr/flights/BOD-DUB/2025-03-17?sort=price_a","18:10","00:20+1","430","103.0","False","BOD","DUB","N/A","N/A","N/A","","easyJet","Ryanair","Standard","44.837789, -0.57918","53.3493795, -6.2605593","1032.73","2025-03-17 18:10:00","2025-03-18 00:20:00","","116","Monday","evening","long","cheap","7200273339312549733"
"2024-11-21","2025-03-17","BOD","DUB","Dublin","https://www.kayak.fr/flights/BOD-DUB/2025-03-17?sort=price_a","06:50","14:35","525","125.0","False","BOD","DUB","N/A","N/A","N/A","","easyJet","Ryanair","Standard","44.837789, -0.57918","53.3493795, -6.2605593","1032.73","2025-03-17 06:50:00","2025-03-17 14:35:00","","116","Monday","morning","long","standard","3320963894801014481"
"2024-11-21","2025-03-17","BOD","DUB","Dublin","https://www.kayak.fr/flights/BOD-DUB/2025-03-17?sort=price_a","06:50","11:00","310","128.0","False","BOD","DUB","N/A","N/A","N/A","","easyJet","Ryanair","Standard","44.837789, -0.57918","53.3493795, -6.2605593","1032.73","2025-03-17 06:50:00","2025-03-17 11:00:00","","116","Monday","morning","moyen","standard","334908106905536345"
"2024-11-21","2025-03-17","BOD","DUB","Dublin","https://www.kayak.fr/flights/BOD-DUB/2025-03-17?sort=price_a","18:10","21:45","275","129.0","False","BOD","DUB","N/A","N/A","N/A","","easyJet","Ryanair","N/A","44.837789, -0.57918","53.3493795, -6.2605593","1032.73","2025-03-17 18:10:00","2025-03-17 21:45:00","","116","Monday","evening","moyen","standard","6129726324311004407"
"2024-11-21","2025-03-17","BOD","DUB","Dublin","https://www.kayak.fr/flights/BOD-DUB/2025-03-17?sort=price_a","06:50","15:05","555","131.0","False","BOD","DUB","N/A","N/A","N/A","","easyJet","British Airways","N/A","44.837789, -0.57918","53.3493795, -6.2605593","1032.73","2025-03-17 06:50:00","2025-03-17 15:05:00","","116","Monday","morning","long","standard","5041017246354164203"
"2024-11-21","2025-03-17","BOD","DUB","Dublin","https://www.kayak.fr/flights/BOD-DUB/2025-03-17?sort=price_a","06:50","13:00","430","137.0","False","BOD","DUB","N/A","N/A","N/A","","easyJet","Ryanair","N/A","44.837789, -0.57918","53.3493795, -6.2605593","1032.73","2025-03-17 06:50:00","2025-03-17 13:00:00","","116","Monday","morning","long","standard","578889921278298684"
"2024-11-21","2025-03-17","BOD","DUB","Dublin","https://www.kayak.fr/flights/BOD-DUB/2025-03-17?sort=price_a","06:50","15:05","555","137.0","False","BOD","DUB","N/A","N/A","N/A","","easyJet","Ryanair","N/A","44.837789, -0.57918","53.3493795, -6.2605593","1032.73","2025-03-17 06:50:00","2025-03-17 15:05:00","","116","Monday","morning","long","standard","5041017246354164203"
"2024-11-21","2025-03-17","BOD","DUB","Dublin","https://www.kayak.fr/flights/BOD-DUB/2025-03-17?sort=price_a","06:50","14:30","520","142.0","False","BOD","DUB","N/A","N/A","N/A","","easyJet","Ryanair","N/A","44.837789, -0.57918","53.3493795, -6.2605593","1032.73","2025-03-17 06:50:00","2025-03-17 14:30:00","","116","Monday","morning","long","standard","559060175406331906"
"2024-11-21","2025-03-17","BOD","DUB","Dublin","https://www.kayak.fr/flights/BOD-DUB/2025-03-17?sort=price_a","06:50","13:35","465","149.0","False","BOD","DUB","N/A","N/A","N/A","","easyJet","Ryanair","Standard","44.837789, -0.57918","53.3493795, -6.2605593","1032.73","2025-03-17 06:50:00","2025-03-17 13:35:00","","116","Monday","morning","long","standard","3983894116952201931"
"2024-11-21","2025-03-17","BOD","DUB","Dublin","https://www.kayak.fr/flights/BOD-DUB/2025-03-17?sort=price_a","18:10","22:50","340","152.0","False","BOD","DUB","N/A","N/A","N/A","","easyJet","Ryanair","Standard","44.837789, -0.57918","53.3493795, -6.2605593","1032.73","2025-03-17 18:10:00","2025-03-17 22:50:00","","116","Monday","evening","moyen","standard","3162015976680924613"
"2024-11-21","2025-03-17","BOD","DUB","Dublin","https://www.kayak.fr/flights/BOD-DUB/2025-03-17?sort=price_a","06:50","10:20","270","156.0","False","BOD","DUB","N/A","N/A","N/A","","easyJet","Ryanair","Standard","44.837789, -0.57918","53.3493795, -6.2605593","1032.73","2025-03-17 06:50:00","2025-03-17 10:20:00","","116","Monday","morning","moyen","high","7992770246971684837"
"2024-11-21","2025-03-17","BOD","DUB","Dublin","https://www.kayak.fr/flights/BOD-DUB/2025-03-17?sort=price_a","16:50","00:20+1","510","156.0","False","BOD","DUB","N/A","N/A","N/A","","easyJet","Ryanair","N/A","44.837789, -0.57918","53.3493795, -6.2605593","1032.73","2025-03-17 16:50:00","2025-03-18 00:20:00","","116","Monday","afternoon","long","high","7558578659837315346"
"2024-11-21","2025-03-17","BOD","DUB","Dublin","https://www.kayak.fr/flights/BOD-DUB/2025-03-17?sort=price_a","06:50","13:15","445","161.0","False","BOD","DUB","N/A","N/A","N/A","","easyJet","Aer Lingus","N/A","44.837789, -0.57918","53.3493795, -6.2605593","1032.73","2025-03-17 06:50:00","2025-03-17 13:15:00","","116","Monday","morning","long","high","3605174976156815821"
"2024-11-21","2025-03-17","BOD","DUB","Dublin","https://www.kayak.fr/flights/BOD-DUB/2025-03-17?sort=price_a","06:50","12:10","380","165.0","False","BOD","DUB","N/A","N/A","N/A","","easyJet","Ryanair","N/A","44.837789, -0.57918","53.3493795, -6.2605593","1032.73","2025-03-17 06:50:00","2025-03-17 12:10:00","","116","Monday","morning","long","high","5566863931729472339"
"2024-11-21","2025-03-17","BOD","DUB","Dublin","https://www.kayak.fr/flights/BOD-DUB/2025-03-17?sort=price_a","11:10","18:55","525","166.0","False","BOD","DUB","N/A","N/A","N/A","","British Airways","Ryanair","N/A","44.837789, -0.57918","53.3493795, -6.2605593","1032.73","2025-03-17 11:10:00","2025-03-17 18:55:00","","116","Monday","morning","long","high","421426909170929412"
"2024-11-21","2025-03-18","BOD","DUB","Dublin","https://www.kayak.fr/flights/BOD-DUB/2025-03-18?sort=price_a","07:25","08:05+1","1540","82.0","False","BOD","DUB","N/A","N/A","N/A","","easyJet","Ryanair","Standard","44.837789, -0.57918","53.3493795, -6.2605593","1032.73","2025-03-18 07:25:00","2025-03-19 08:05:00","","117","Tuesday","morning","long","cheap","6434189745458484425"
"2024-11-21","2025-03-18","BOD","DUB","Dublin","https://www.kayak.fr/flights/BOD-DUB/2025-03-18?sort=price_a","19:50","07:30+1","760","84.0","False","BOD","DUB","N/A","N/A","N/A","","easyJet","Ryanair","Standard","44.837789, -0.57918","53.3493795, -6.2605593","1032.73","2025-03-18 19:50:00","2025-03-19 07:30:00","","117","Tuesday","evening","long","cheap","5722723092515232445"
"2024-11-21","2025-03-18","BOD","DUB","Dublin","https://www.kayak.fr/flights/BOD-DUB/2025-03-18?sort=price_a","07:25","11:00","275","88.0","False","BOD","DUB","N/A","N/A","N/A","","easyJet","Ryanair","Standard","44.837789, -0.57918","53.3493795, -6.2605593","1032.73","2025-03-18 07:25:00","2025-03-18 11:00:00","","117","Tuesday","morning","moyen","cheap","6991663907305880119"
"2024-11-21","2025-03-18","BOD","DUB","Dublin","https://www.kayak.fr/flights/BOD-DUB/2025-03-18?sort=price_a","07:25","14:00","455","95.0","False","BOD","DUB","N/A","N/A","N/A","","easyJet","Ryanair","N/A","44.837789, -0.57918","53.3493795, -6.2605593","1032.73","2025-03-18 07:25:00","2025-03-18 14:00:00","","117","Tuesday","morning","long","cheap","2499067419725178058"
"2024-11-21","2025-03-18","BOD","DUB","Dublin","https://www.kayak.fr/flights/BOD-DUB/2025-03-18?sort=price_a","19:50","10:30+1","940","96.0","False","BOD","DUB","N/A","N/A","N/A","","Vueling","N/A","N/A","44.837789, -0.57918","53.3493795, -6.2605593","1032.73","2025-03-18 19:50:00","2025-03-19 10:30:00","","117","Tuesday","evening","long","cheap","3856045306022111336"
"2024-11-21","2025-03-18","BOD","DUB","Dublin","https://www.kayak.fr/flights/BOD-DUB/2025-03-18?sort=price_a","19:50","11:30+1","1000","96.0","False","BOD","DUB","N/A","N/A","N/A","","easyJet","Ryanair","N/A","44.837789, -0.57918","53.3493795, -6.2605593","1032.73","2025-03-18 19:50:00","2025-03-19 11:30:00","","117","Tuesday","evening","long","cheap","8661769881429396734"
"2024-11-21","2025-03-18","BOD","DUB","Dublin","https://www.kayak.fr/flights/BOD-DUB/2025-03-18?sort=price_a","07:25","23:00","995","97.0","False","BOD","DUB","N/A","N/A","N/A","","easyJet","Ryanair","N/A","44.837789, -0.57918","53.3493795, -6.2605593","1032.73","2025-03-18 07:25:00","2025-03-18 23:00:00","","117","Tuesday","morning","long","cheap","7260373775690438110"
"2024-11-21","2025-03-18","BOD","DUB","Dublin","https://www.kayak.fr/flights/BOD-DUB/2025-03-18?sort=price_a","06:00","12:40","460","98.0","False","BOD","DUB","N/A","N/A","N/A","","KLM","N/A","N/A","44.837789, -0.57918","53.3493795, -6.2605593","1032.73","2025-03-18 06:00:00","2025-03-18 12:40:00","","117","Tuesday","morning","long","cheap","127922071996008907"
"2024-11-21","2025-03-18","BOD","DUB","Dublin","https://www.kayak.fr/flights/BOD-DUB/2025-03-18?sort=price_a","07:25","12:45","380","101.0","False","BOD","DUB","N/A","N/A","BCN","525.0","Vueling","Ryanair","Économique","44.837789, -0.57918","53.3493795, -6.2605593","1032.73","2025-03-18 07:25:00","2025-03-18 12:45:00","","117","Tuesday","morning","long","cheap","8212939624487253918"
"2024-11-21","2025-03-18","BOD","DUB","Dublin","https://www.kayak.fr/flights/BOD-DUB/2025-03-18?sort=price_a","12:30","16:40","310","102.0","False","BOD","DUB","N/A","N/A","BCN","525.0","Vueling","Ryanair","Économique","44.837789, -0.57918","53.3493795, -6.2605593","1032.73","2025-03-18 12:30:00","2025-03-18 16:40:00","","117","Tuesday","afternoon","moyen","cheap","6072652588935595291"
"2024-11-21","2025-03-18","BOD","DUB","Dublin","https://www.kayak.fr/flights/BOD-DUB/2025-03-18?sort=price_a","06:00","16:40","700","102.0","False","BOD","DUB","N/A","N/A","BCN","525.0","Vueling","Ryanair","Économique","44.837789, -0.57918","53.3493795, -6.2605593","1032.73","2025-03-18 06:00:00","2025-03-18 16:40:00","175.0","117","Tuesday","morning","long","cheap","3019065143193054992"
"2024-11-21","2025-03-18","BOD","DUB","Dublin","https://www.kayak.fr/flights/BOD-DUB/2025-03-18?sort=price_a","17:20","08:05+1","945","103.0","False","BOD","DUB","N/A","N/A","BCN","525.0","Vueling","Ryanair","N/A","44.837789, -0.57918","53.3493795, -6.2605593","1032.73","2025-03-18 17:20:00","2025-03-19 08:05:00","420.0","117","Tuesday","evening","long","cheap","6825849074921507779"
"2024-11-21","2025-03-18","BOD","DUB","Dublin","https://www.kayak.fr/flights/BOD-DUB/2025-03-18?sort=price_a","19:55","11:30+1","995","103.0","False","BOD","DUB","N/A","N/A","N/A","","easyJet","Wizz Air Malta","N/A","44.837789, -0.57918","53.3493795, -6.2605593","1032.73","2025-03-18 19:55:00","2025-03-19 11:30:00","","117","Tuesday","evening","long","cheap","6108059923458566773"
"2024-11-21","2025-03-18","BOD","DUB","Dublin","https://www.kayak.fr/flights/BOD-DUB/2025-03-18?sort=price_a","17:20","09:30+1","1030","105.0","False","BOD","DUB","N/A","N/A","BCN","525.0","Vueling","Ryanair","N/A","44.837789, -0.57918","53.3493795, -6.2605593","1032.73","2025-03-18 17:20:00","2025-03-19 09:30:00","505.0","117","Tuesday","evening","long","cheap","1065340211156073297"
"2024-11-21","2025-03-18","BOD","DUB","Dublin","https://www.kayak.fr/flights/BOD-DUB/2025-03-18?sort=price_a","07:25","19:05","760","107.0","False","BOD","DUB","N/A","N/A","N/A","","easyJet","Ryanair","N/A","44.837789, -0.57918","53.3493795, -6.2605593","1032.73","2025-03-18 07:25:00","2025-03-18 19:05:00","","117","Tuesday","morning","long","cheap","9085923924606931009"
"2024-11-21","2025-03-19","BOD","DUB","Dublin","https://www.kayak.fr/flights/BOD-DUB/2025-03-19?sort=price_a","06:50","11:30","340","80.0","False","BOD","DUB","N/A","N/A","LGW","160.0","easyJet","Ryanair","Standard","44.837789, -0.57918","53.3493795, -6.2605593","1032.73","2025-03-19 06:50:00","2025-03-19 11:30:00","180.0","118","Wednesday","morning","moyen","cheap","1514127010597161813"
"2024-11-21","2025-03-19","BOD","DUB","Dublin","https://www.kayak.fr/flights/BOD-DUB/2025-03-19?sort=price_a","18:00","22:05","305","92.0","False","BOD","DUB","N/A","N/A","LGW","160.0","easyJet","Ryanair","Standard","44.837789, -0.57918","53.3493795, -6.2605593","1032.73","2025-03-19 18:00:00","2025-03-19 22:05:00","145.0","118","Wednesday","evening","moyen","cheap","2091876264106506139"
"2024-11-21","2025-03-19","BOD","DUB","Dublin","https://www.kayak.fr/flights/BOD-DUB/2025-03-19?sort=price_a","12:30","16:40","310","92.0","False","BOD","DUB","N/A","N/A","LGW","160.0","easyJet","Ryanair","Standard","44.837789, -0.57918","53.3493795, -6.2605593","1032.73","2025-03-19 12:30:00","2025-03-19 16:40:00","150.0","118","Wednesday","afternoon","moyen","cheap","4071624724914090920"
"2024-11-21","2025-03-19","BOD","DUB","Dublin","https://www.kayak.fr/flights/BOD-DUB/2025-03-19?sort=price_a","06:00","12:40","460","92.0","False","BOD","DUB","N/A","N/A","LGW","160.0","easyJet","Ryanair","N/A","44.837789, -0.57918","53.3493795, -6.2605593","1032.73","2025-03-19 06:00:00","2025-03-19 12:40:00","300.0","118","Wednesday","morning","long","cheap","7536652183374918623"
"2024-11-21","2025-03-19","BOD","DUB","Dublin","https://www.kayak.fr/flights/BOD-DUB/2025-03-19?sort=price_a","06:50","12:35","405","95.0","False","BOD","DUB","N/A","N/A","N/A","","easyJet","Ryanair","N/A","44.837789, -0.57918","53.3493795, -6.2605593","1032.73","2025-03-19 06:50:00","2025-03-19 12:35:00","","118","Wednesday","morning","long","cheap","6288845925097425210"
"2024-11-21","2025-03-19","BOD","DUB","Dublin","https://www.kayak.fr/flights/BOD-DUB/2025-03-19?sort=price_a","15:25","16:25","120","105.0","True","BOD","DUB","N/A","N/A","N/A","","easyJet","Ryanair","N/A","44.837789, -0.57918","53.3493795, -6.2605593","1032.73","2025-03-19 15:25:00","2025-03-19 16:25:00","","118","Wednesday","afternoon","court","cheap","8105506043297338497"
"2024-11-21","2025-03-19","BOD","DUB","Dublin","https://www.kayak.fr/flights/BOD-DUB/2025-03-19?sort=price_a","18:25","22:40","315","109.0","False","BOD","DUB","N/A","N/A","N/A","","Lufthansa","N/A","N/A","44.837789, -0.57918","53.3493795, -6.2605593","1032.73","2025-03-19 18:25:00","2025-03-19 22:40:00","","118","Wednesday","evening","moyen","cheap","5477593906593489444"
"2024-11-21","2025-03-19","BOD","DUB","Dublin","https://www.kayak.fr/flights/BOD-DUB/2025-03-19?sort=price_a","06:50","12:05","375","110.0","False","BOD","DUB","N/A","N/A","N/A","","easyJet","British Airways","N/A","44.837789, -0.57918","53.3493795, -6.2605593","1032.73","2025-03-19 06:50:00","2025-03-19 12:05:00","","118","Wednesday","morning","long","cheap","3163334598658953539"
"2024-11-21","2025-03-19","BOD","DUB","Dublin","https://www.kayak.fr/flights/BOD-DUB/2025-03-19?sort=price_a","09:20","14:20","360","127.0","False","BOD","DUB","N/A","N/A","AMS","95.0","KLM","N/A","Light","44.837789, -0.57918","53.3493795, -6.2605593","1032.73","2025-03-19 09:20:00","2025-03-19 14:20:00","265.0","118","Wednesday","morning","moyen","standard","6554293535227055608"
"2024-11-21","2025-03-19","BOD","DUB","Dublin","https://www.kayak.fr/flights/BOD-DUB/2025-03-19?sort=price_a","14:50","20:10","380","128.0","False","BOD","DUB","N/A","N/A","AMS","95.0","KLM","N/A","Light","44.837789, -0.57918","53.3493795, -6.2605593","1032.73","2025-03-19 14:50:00","2025-03-19 20:10:00","285.0","118","Wednesday","afternoon","long","standard","5940937831837407609"
"2024-11-21","2025-03-19","BOD","DUB","Dublin","https://www.kayak.fr/flights/BOD-DUB/2025-03-19?sort=price_a","14:50","21:25","455","128.0","False","BOD","DUB","N/A","N/A","AMS","95.0","KLM","N/A","Light","44.837789, -0.57918","53.3493795, -6.2605593","1032.73","2025-03-19 14:50:00","2025-03-19 21:25:00","360.0","118","Wednesday","afternoon","long","standard","7577668588785551688"
"2024-11-21","2025-03-19","BOD","DUB","Dublin","https://www.kayak.fr/flights/BOD-DUB/2025-03-19?sort=price_a","09:00","16:10","490","144.0","False","BOD","DUB","N/A","N/A","AMS","95.0","KLM","N/A","N/A","44.837789, -0.57918","53.3493795, -6.2605593","1032.73","2025-03-19 09:00:00","2025-03-19 16:10:00","395.0","118","Wednesday","morning","long","standard","9125827722317000777"
"2024-11-21","2025-03-19","BOD","DUB","Dublin","https://www.kayak.fr/flights/BOD-DUB/2025-03-19?sort=price_a","06:50","13:35","465","145.0","False","BOD","DUB","N/A","N/A","N/A","","easyJet","Aer Lingus","N/A","44.837789, -0.57918","53.3493795, -6.2605593","1032.73","2025-03-19 06:50:00","2025-03-19 13:35:00","","118","Wednesday","morning","long","standard","6221067875068360892"
"2024-11-21","2025-03-19","BOD","DUB","Dublin","https://www.kayak.fr/flights/BOD-DUB/2025-03-19?sort=price_a","13:55","22:00","545","146.0","False","BOD","DUB","N/A","N/A","AMS","95.0","KLM","N/A","N/A","44.837789, -0.57918","53.3493795, -6.2605593","1032.73","2025-03-19 13:55:00","2025-03-19 22:00:00","450.0","118","Wednesday","afternoon","long","standard","6145951148109088981"
"2024-11-21","2025-03-19","BOD","DUB","Dublin","https://www.kayak.fr/flights/BOD-DUB/2025-03-19?sort=price_a","07:15","15:10","535","147.0","False","BOD","DUB","N/A","N/A","N/A","","easyJet","Ryanair","N/A","44.837789, -0.57918","53.3493795, -6.2605593","1032.73","2025-03-19 07:15:00","2025-03-19 15:10:00","","118","Wednesday","morning","long","standard","1217136883278373681"
"2024-11-21","2025-03-20","BOD","DUB","Dublin","https://www.kayak.fr/flights/BOD-DUB/2025-03-20?sort=price_a","15:25","16:25","120","76.0","True","BOD","DUB","N/A","N/A","N/A","","Aer Lingus","N/A","Saver","44.837789, -0.57918","53.3493795, -6.2605593","1032.73","2025-03-20 15:25:00","2025-03-20 16:25:00","","119","Thursday","afternoon","court","cheap","2406199544735202407"
"2024-11-21","2025-03-20","BOD","DUB","Dublin","https://www.kayak.fr/flights/BOD-DUB/2025-03-20?sort=price_a","12:30","16:40","310","98.0","False","BOD","DUB","N/A","N/A","N/A","","Aer Lingus","N/A","Saver","44.837789, -0.57918","53.3493795, -6.2605593","1032.73","2025-03-20 12:30:00","2025-03-20 16:40:00","","119","Thursday","afternoon","moyen","cheap","4902922672072058456"
"2024-11-21","2025-03-20","BOD","DUB","Dublin","https://www.kayak.fr/flights/BOD-DUB/2025-03-20?sort=price_a","06:50","12:55","425","107.0","False","BOD","DUB","N/A","N/A","N/A","","Aer Lingus","N/A","Saver","44.837789, -0.57918","53.3493795, -6.2605593","1032.73","2025-03-20 06:50:00","2025-03-20 12:55:00","","119","Thursday","morning","long","cheap","2838287083312323822"
"2024-11-21","2025-03-20","BOD","DUB","Dublin","https://www.kayak.fr/flights/BOD-DUB/2025-03-20?sort=price_a","09:25","16:35","490","107.0","False","BOD","DUB","N/A","N/A","N/A","","Aer Lingus","N/A","N/A","44.837789, -0.57918","53.3493795, -6.2605593","1032.73","2025-03-20 09:25:00","2025-03-20 16:35:00","","119","Thursday","morning","long","cheap","6472248685343979269"
"2024-11-21","2025-03-20","BOD","DUB","Dublin","https://www.kayak.fr/flights/BOD-DUB/2025-03-20?sort=price_a","06:50","14:50","540","108.0","False","BOD","DUB","N/A","N/A","N/A","","easyJet","Ryanair","N/A","44.837789, -0.57918","53.3493795, -6.2605593","1032.73","2025-03-20 06:50:00","2025-03-20 14:50:00","","119","Thursday","morning","long","cheap","3454854144920249637"
"2024-11-21","2025-03-20","BOD","DUB","Dublin","https://www.kayak.fr/flights/BOD-DUB/2025-03-20?sort=price_a","18:30","22:50","320","109.0","False","BOD","DUB","N/A","N/A","N/A","","Aer Lingus","N/A","N/A","44.837789, -0.57918","53.3493795, -6.2605593","1032.73","2025-03-20 18:30:00","2025-03-20 22:50:00","","119","Thursday","evening","moyen","cheap","5625438416556480286"
"2024-11-21","2025-03-20","BOD","DUB","Dublin","https://www.kayak.fr/flights/BOD-DUB/2025-03-20?sort=price_a","13:35","20:15","460","111.0","False","BOD","DUB","N/A","N/A","N/A","","Vueling","Ryanair","N/A","44.837789, -0.57918","53.3493795, -6.2605593","1032.73","2025-03-20 13:35:00","2025-03-20 20:15:00","","119","Thursday","afternoon","long","cheap","503795907750624221"
"2024-11-21","2025-03-20","BOD","DUB","Dublin","https://www.kayak.fr/flights/BOD-DUB/2025-03-20?sort=price_a","07:45","13:30","405","116.0","False","BOD","DUB","N/A","N/A","N/A","","Volotea","Aer Lingus","N/A","44.837789, -0.57918","53.3493795, -6.2605593","1032.73","2025-03-20 07:45:00","2025-03-20 13:30:00","","119","Thursday","morning","long","standard","651235406113883826"
"2024-11-21","2025-03-20","BOD","DUB","Dublin","https://www.kayak.fr/flights/BOD-DUB/2025-03-20?sort=price_a","18:20","22:55","335","118.0","False","BOD","DUB","N/A","N/A","AMS","100.0","KLM","N/A","Light","44.837789, -0.57918","53.3493795, -6.2605593","1032.73","2025-03-20 18:20:00","2025-03-20 22:55:00","235.0","119","Thursday","evening","moyen","standard","108544388591784050"
"2024-11-21","2025-03-20","BOD","DUB","Dublin","https://www.kayak.fr/flights/BOD-DUB/2025-03-20?sort=price_a","06:50","11:45","355","119.0","False","BOD","DUB","N/A","N/A","AMS","100.0","KLM","N/A","Light","44.837789, -0.57918","53.3493795, -6.2605593","1032.73","2025-03-20 06:50:00","2025-03-20 11:45:00","255.0","119","Thursday","morning","moyen","standard","8263008608282007894"
"2024-11-21","2025-03-20","BOD","DUB","Dublin","https://www.kayak.fr/flights/BOD-DUB/2025-03-20?sort=price_a","13:35","21:40","545","120.0","False","BOD","DUB","N/A","N/A","AMS","100.0","KLM","N/A","Light","44.837789, -0.57918","53.3493795, -6.2605593","1032.73","2025-03-20 13:35:00","2025-03-20 21:40:00","445.0","119","Thursday","afternoon","long","standard","5119918331946610020"
"2024-11-21","2025-03-20","BOD","DUB","Dublin","https://www.kayak.fr/flights/BOD-DUB/2025-03-20?sort=price_a","18:00","22:05","305","125.0","False","BOD","DUB","N/A","N/A","AMS","100.0","KLM","N/A","N/A","44.837789, -0.57918","53.3493795, -6.2605593","1032.73","2025-03-20 18:00:00","2025-03-20 22:05:00","205.0","119","Thursday","evening","moyen","standard","4635633967118959528"
"2024-11-21","2025-03-20","BOD","DUB","Dublin","https://www.kayak.fr/flights/BOD-DUB/2025-03-20?sort=price_a","06:00","12:40","460","125.0","False","BOD","DUB","N/A","N/A","N/A","","KLM","N/A","N/A","44.837789, -0.57918","53.3493795, -6.2605593","1032.73","2025-03-20 06:00:00","2025-03-20 12:40:00","","119","Thursday","morning","long","standard","2763705748588674156"
"2024-11-21","2025-03-20","BOD","DUB","Dublin","https://www.kayak.fr/flights/BOD-DUB/2025-03-20?sort=price_a","13:35","21:20","525","126.0","False","BOD","DUB","N/A","N/A","AMS","100.0","KLM","N/A","N/A","44.837789, -0.57918","53.3493795, -6.2605593","1032.73","2025-03-20 13:35:00","2025-03-20 21:20:00","425.0","119","Thursday","afternoon","long","standard","8901745014681667209"
"2024-11-21","2025-03-20","BOD","DUB","Dublin","https://www.kayak.fr/flights/BOD-DUB/2025-03-20?sort=price_a","07:45","14:30","465","130.0","False","BOD","DUB","N/A","N/A","N/A","","Volotea","Ryanair","N/A","44.837789, -0.57918","53.3493795, -6.2605593","1032.73","2025-03-20 07:45:00","2025-03-20 14:30:00","","119","Thursday","morning","long","standard","4105073004079150404"
"2024-11-21","2025-03-21","BOD","DUB","Dublin","https://www.kayak.fr/flights/BOD-DUB/2025-03-21?sort=price_a","15:25","16:25","120","85.0","True","BOD","DUB","N/A","N/A","N/A","","Aer Lingus","N/A","Saver","44.837789, -0.57918","53.3493795, -6.2605593","1032.73","2025-03-21 15:25:00","2025-03-21 16:25:00","","120","Friday","afternoon","court","cheap","8815094657077637362"
"2024-11-21","2025-03-21","BOD","DUB","Dublin","https://www.kayak.fr/flights/BOD-DUB/2025-03-21?sort=price_a","18:05","22:05","300","92.0","False","BOD","DUB","N/A","N/A","N/A","","Aer Lingus","N/A","Saver","44.837789, -0.57918","53.3493795, -6.2605593","1032.73","2025-03-21 18:05:00","2025-03-21 22:05:00","","120","Friday","evening","moyen","cheap","1494328726078651223"
"2024-11-21","2025-03-21","BOD","DUB","Dublin","https://www.kayak.fr/flights/BOD-DUB/2025-03-21?sort=price_a","12:30","16:40","310","92.0","False","BOD","DUB","N/A","N/A","N/A","","Aer Lingus","N/A","Saver","44.837789, -0.57918","53.3493795, -6.2605593","1032.73","2025-03-21 12:30:00","2025-03-21 16:40:00","","120","Friday","afternoon","moyen","cheap","4809558886857135338"
"2024-11-21","2025-03-21","BOD","DUB","Dublin","https://www.kayak.fr/flights/BOD-DUB/2025-03-21?sort=price_a","13:55","17:40","285","105.0","False","BOD","DUB","N/A","N/A","N/A","","Aer Lingus","N/A","N/A","44.837789, -0.57918","53.3493795, -6.2605593","1032.73","2025-03-21 13:55:00","2025-03-21 17:40:00","","120","Friday","afternoon","moyen","cheap","4380248929848802894"
"2024-11-21","2025-03-21","BOD","DUB","Dublin","https://www.kayak.fr/flights/BOD-DUB/2025-03-21?sort=price_a","13:35","19:45","430","105.0","False","BOD","DUB","N/A","N/A","N/A","","Vueling","Ryanair","N/A","44.837789, -0.57918","53.3493795, -6.2605593","1032.73","2025-03-21 13:35:00","2025-03-21 19:45:00","","120","Friday","afternoon","long","cheap","6334886918157164561"
"2024-11-21","2025-03-21","BOD","DUB","Dublin","https://www.kayak.fr/flights/BOD-DUB/2025-03-21?sort=price_a","18:25","22:50","325","111.0","False","BOD","DUB","N/A","N/A","N/A","","Aer Lingus","N/A","N/A","44.837789, -0.57918","53.3493795, -6.2605593","1032.73","2025-03-21 18:25:00","2025-03-21 22:50:00","","120","Friday","evening","moyen","cheap","8368161043191213398"
"2024-11-21","2025-03-21","BOD","DUB","Dublin","https://www.kayak.fr/flights/BOD-DUB/2025-03-21?sort=price_a","13:35","18:00","325","115.0","False","BOD","DUB","N/A","N/A","N/A","","Vueling","Ryanair","N/A","44.837789, -0.57918","53.3493795, -6.2605593","1032.73","2025-03-21 13:35:00","2025-03-21 18:00:00","","120","Friday","afternoon","moyen","standard","1910165942946795421"
"2024-11-21","2025-03-21","BOD","DUB","Dublin","https://www.kayak.fr/flights/BOD-DUB/2025-03-21?sort=price_a","13:00","20:10","490","115.0","False","BOD","DUB","N/A","N/A","N/A","","Transavia France","Ryanair","N/A","44.837789, -0.57918","53.3493795, -6.2605593","1032.73","2025-03-21 13:00:00","2025-03-21 20:10:00","","120","Friday","afternoon","long","standard","8742030427913612288"
"2024-11-21","2025-03-21","BOD","DUB","Dublin","https://www.kayak.fr/flights/BOD-DUB/2025-03-21?sort=price_a","09:55","18:00","545","115.0","False","BOD","DUB","N/A","N/A","AMS","90.0","KLM","N/A","Light","44.837789, -0.57918","53.3493795, -6.2605593","1032.73","2025-03-21 09:55:00","2025-03-21 18:00:00","455.0","120","Friday","morning","long","standard","2159518577276645633"
"2024-11-21","2025-03-21","BOD","DUB","Dublin","https://www.kayak.fr/flights/BOD-DUB/2025-03-21?sort=price_a","15:45","20:10","325","124.0","False","BOD","DUB","N/A","N/A","AMS","90.0","KLM","N/A","Light","44.837789, -0.57918","53.3493795, -6.2605593","1032.73","2025-03-21 15:45:00","2025-03-21 20:10:00","235.0","120","Friday","afternoon","moyen","standard","1272153260408215315"
"2024-11-21","2025-03-21","BOD","DUB","Dublin","https://www.kayak.fr/flights/BOD-DUB/2025-03-21?sort=price_a","13:35","20:05","450","130.0","False","BOD","DUB","N/A","N/A","AMS","90.0","KLM","N/A","Light","44.837789, -0.57918","53.3493795, -6.2605593","1032.73","2025-03-21 13:35:00","2025-03-21 20:05:00","360.0","120","Friday","afternoon","long","standard","6172826123205095887"
"2024-11-21","2025-03-21","BOD","DUB","Dublin","https://www.kayak.fr/flights/BOD-DUB/2025-03-21?sort=price_a","17:25","22:15","350","135.0","False","BOD","DUB","N/A","N/A","AMS","90.0","KLM","N/A","N/A","44.837789, -0.57918","53.3493795, -6.2605593","1032.73","2025-03-21 17:25:00","2025-03-21 22:15:00","260.0","120","Friday","evening","moyen","standard","719505565489236145"
"2024-11-21","2025-03-21","BOD","DUB","Dublin","https://www.kayak.fr/flights/BOD-DUB/2025-03-21?sort=price_a","13:55","20:45","470","136.0","False","BOD","DUB","N/A","N/A","N/A","","easyJet","British Airways","N/A","44.837789, -0.57918","53.3493795, -6.2605593","1032.73","2025-03-21 13:55:00","2025-03-21 20:45:00","","120","Friday","afternoon","long","standard","9171582415361474783"
"2024-11-21","2025-03-21","BOD","DUB","Dublin","https://www.kayak.fr/flights/BOD-DUB/2025-03-21?sort=price_a","13:55","20:15","440","140.0","False","BOD","DUB","N/A","N/A","AMS","90.0","KLM","N/A","N/A","44.837789, -0.57918","53.3493795, -6.2605593","1032.73","2025-03-21 13:55:00","2025-03-21 20:15:00","350.0","120","Friday","afternoon","long","standard","6988630143619645803"
"2024-11-21","2025-03-21","BOD","DUB","Dublin","https://www.kayak.fr/flights/BOD-DUB/2025-03-21?sort=price_a","06:50","14:05","495","142.0","False","BOD","DUB","N/A","N/A","N/A","","easyJet","Ryanair","N/A","44.837789, -0.57918","53.3493795, -6.2605593","1032.73","2025-03-21 06:50:00","2025-03-21 14:05:00","","120","Friday","morning","long","standard","8439019747941469980"
"2024-11-21","2025-03-22","BOD","DUB","Dublin","https://www.kayak.fr/flights/BOD-DUB/2025-03-22?sort=price_a","07:00","23:05","1025","89.0","False","BOD","DUB","N/A","N/A","N/A","","easyJet","Ryanair","Standard","44.837789, -0.57918","53.3493795, -6.2605593","1032.73","2025-03-22 07:00:00","2025-03-22 23:05:00","","121","Saturday","morning","long","cheap","2766945067483967375"
"2024-11-21","2025-03-22","BOD","DUB","Dublin","https://www.kayak.fr/flights/BOD-DUB/2025-03-22?sort=price_a","06:00","16:40","700","92.0","False","BOD","DUB","N/A","N/A","N/A","","easyJet","Ryanair","Standard","44.837789, -0.57918","53.3493795, -6.2605593","1032.73","2025-03-22 06:00:00","2025-03-22 16:40:00","","121","Saturday","morning","long","cheap","663831006872752971"
"2024-11-21","2025-03-22","BOD","DUB","Dublin","https://www.kayak.fr/flights/BOD-DUB/2025-03-22?sort=price_a","12:30","16:40","310","93.0","False","BOD","DUB","N/A","N/A","N/A","","easyJet","Ryanair","Standard","44.837789, -0.57918","53.3493795, -6.2605593","1032.73","2025-03-22 12:30:00","2025-03-22 16:40:00","","121","Saturday","afternoon","moyen","cheap","1036486413186243135"
"2024-11-21","2025-03-22","BOD","DUB","Dublin","https://www.kayak.fr/flights/BOD-DUB/2025-03-22?sort=price_a","12:30","22:05","635","93.0","False","BOD","DUB","N/A","N/A","N/A","","easyJet","Ryanair","N/A","44.837789, -0.57918","53.3493795, -6.2605593","1032.73","2025-03-22 12:30:00","2025-03-22 22:05:00","","121","Saturday","afternoon","long","cheap","5108663627756151339"
"2024-11-21","2025-03-22","BOD","DUB","Dublin","https://www.kayak.fr/flights/BOD-DUB/2025-03-22?sort=price_a","06:00","22:05","1025","93.0","False","BOD","DUB","N/A","N/A","N/A","","KLM","N/A","N/A","44.837789, -0.57918","53.3493795, -6.2605593","1032.73","2025-03-22 06:00:00","2025-03-22 22:05:00","","121","Saturday","morning","long","cheap","7547199474730201558"
"2024-11-21","2025-03-22","BOD","DUB","Dublin","https://www.kayak.fr/flights/BOD-DUB/2025-03-22?sort=price_a","07:00","23:50","1070","94.0","False","BOD","DUB","N/A","N/A","N/A","","easyJet","Ryanair","N/A","44.837789, -0.57918","53.3493795, -6.2605593","1032.73","2025-03-22 07:00:00","2025-03-22 23:50:00","","121","Saturday","morning","long","cheap","3414030962570520661"
"2024-11-21","2025-03-22","BOD","DUB","Dublin","https://www.kayak.fr/flights/BOD-DUB/2025-03-22?sort=price_a","10:10","23:05","835","102.0","False","BOD","DUB","N/A","N/A","N/A","","British Airways","Ryanair","N/A","44.837789, -0.57918","53.3493795, -6.2605593","1032.73","2025-03-22 10:10:00","2025-03-22 23:05:00","","121","Saturday","morning","long","cheap","100878191875430257"
"2024-11-21","2025-03-22","BOD","DUB","Dublin","https://www.kayak.fr/flights/BOD-DUB/2025-03-22?sort=price_a","07:00","18:55","775","103.0","False","BOD","DUB","N/A","N/A","N/A","","easyJet","Ryanair","N/A","44.837789, -0.57918","53.3493795, -6.2605593","1032.73","2025-03-22 07:00:00","2025-03-22 18:55:00","","121","Saturday","morning","long","cheap","1218374606895662757"
"2024-11-21","2025-03-22","BOD","DUB","Dublin","https://www.kayak.fr/flights/BOD-DUB/2025-03-22?sort=price_a","16:00","08:05+1","1025","104.0","False","BOD","DUB","N/A","N/A","AMS","495.0","KLM","N/A","Light","44.837789, -0.57918","53.3493795, -6.2605593","1032.73","2025-03-22 16:00:00","2025-03-23 08:05:00","530.0","121","Saturday","afternoon","long","cheap","3902169001215149607"
"2024-11-21","2025-03-22","BOD","DUB","Dublin","https://www.kayak.fr/flights/BOD-DUB/2025-03-22?sort=price_a","10:10","23:50","880","107.0","False","BOD","DUB","N/A","N/A","AMS","495.0","KLM","N/A","Light","44.837789, -0.57918","53.3493795, -6.2605593","1032.73","2025-03-22 10:10:00","2025-03-22 23:50:00","385.0","121","Saturday","morning","long","cheap","2445653284119087524"
"2024-11-21","2025-03-22","BOD","DUB","Dublin","https://www.kayak.fr/flights/BOD-DUB/2025-03-22?sort=price_a","07:00","18:55","775","109.0","False","BOD","DUB","N/A","N/A","AMS","495.0","KLM","N/A","Light","44.837789, -0.57918","53.3493795, -6.2605593","1032.73","2025-03-22 07:00:00","2025-03-22 18:55:00","280.0","121","Saturday","morning","long","cheap","971288367809116764"
"2024-11-21","2025-03-22","BOD","DUB","Dublin","https://www.kayak.fr/flights/BOD-DUB/2025-03-22?sort=price_a","07:00","17:00","660","110.0","False","BOD","DUB","N/A","N/A","AMS","495.0","KLM","N/A","N/A","44.837789, -0.57918","53.3493795, -6.2605593","1032.73","2025-03-22 07:00:00","2025-03-22 17:00:00","165.0","121","Saturday","morning","long","cheap","4609729073493135157"
"2024-11-21","2025-03-22","BOD","DUB","Dublin","https://www.kayak.fr/flights/BOD-DUB/2025-03-22?sort=price_a","07:00","21:15","915","111.0","False","BOD","DUB","N/A","N/A","N/A","","easyJet","Ryanair UK","N/A","44.837789, -0.57918","53.3493795, -6.2605593","1032.73","2025-03-22 07:00:00","2025-03-22 21:15:00","","121","Saturday","morning","long","cheap","58804867236458696"
"2024-11-21","2025-03-22","BOD","DUB","Dublin","https://www.kayak.fr/flights/BOD-DUB/2025-03-22?sort=price_a","16:50","23:20","450","112.0","False","BOD","DUB","N/A","N/A","AMS","495.0","KLM","N/A","N/A","44.837789, -0.57918","53.3493795, -6.2605593","1032.73","2025-03-22 16:50:00","2025-03-22 23:20:00","","121","Saturday","afternoon","long","standard","4443329679720235207"
"2024-11-21","2025-03-22","BOD","DUB","Dublin","https://www.kayak.fr/flights/BOD-DUB/2025-03-22?sort=price_a","06:00","12:40","460","114.0","False","BOD","DUB","N/A","N/A","N/A","","KLM","N/A","N/A","44.837789, -0.57918","53.3493795, -6.2605593","1032.73","2025-03-22 06:00:00","2025-03-22 12:40:00","","121","Saturday","morning","long","standard","5701183101107061389"
"2024-11-21","2025-03-23","BOD","DUB","Dublin","https://www.kayak.fr/flights/BOD-DUB/2025-03-23?sort=price_a","21:50","08:35+1","705","81.0","False","BOD","DUB","N/A","N/A","BRS","545.0","easyJet","Ryanair","Standard","44.837789, -0.57918","53.3493795, -6.2605593","1032.73","2025-03-23 21:50:00","2025-03-24 08:35:00","160.0","122","Sunday","evening","long","cheap","8239220355688487928"
"2024-11-21","2025-03-23","BOD","DUB","Dublin","https://www.kayak.fr/flights/BOD-DUB/2025-03-23?sort=price_a","15:25","16:25","120","95.0","True","BOD","DUB","N/A","N/A","N/A","","easyJet","Ryanair","Standard","44.837789, -0.57918","53.3493795, -6.2605593","1032.73","2025-03-23 15:25:00","2025-03-23 16:25:00","","122","Sunday","afternoon","court","cheap","5137590343717483136"
"2024-11-21","2025-03-23","BOD","DUB","Dublin","https://www.kayak.fr/flights/BOD-DUB/2025-03-23?sort=price_a","12:30","16:40","310","102.0","False","BOD","DUB","N/A","N/A","BRS","545.0","easyJet","Ryanair","Standard","44.837789, -0.57918","53.3493795, -6.2605593","1032.73","2025-03-23 12:30:00","2025-03-23 16:40:00","","122","Sunday","afternoon","moyen","cheap","7520696449820690522"
"2024-11-21","2025-03-23","BOD","DUB","Dublin","https://www.kayak.fr/flights/BOD-DUB/2025-03-23?sort=price_a","11:55","15:40","285","109.0","False","BOD","DUB","N/A","N/A","BRS","545.0","easyJet","Ryanair","N/A","44.837789, -0.57918","53.3493795, -6.2605593","1032.73","2025-03-23 11:55:00","2025-03-23 15:40:00","","122","Sunday","morning","moyen","cheap","7042760448668717672"
"2024-11-21","2025-03-23","BOD","DUB","Dublin","https://www.kayak.fr/flights/BOD-DUB/2025-03-23?sort=price_a","18:30","22:40","310","109.0","False","BOD","DUB","N/A","N/A","N/A","","Lufthansa","N/A","N/A","44.837789, -0.57918","53.3493795, -6.2605593","1032.73","2025-03-23 18:30:00","2025-03-23 22:40:00","","122","Sunday","evening","moyen","cheap","2221294184439192851"
"2024-11-21","2025-03-23","BOD","DUB","Dublin","https://www.kayak.fr/flights/BOD-DUB/2025-03-23?sort=price_a","18:05","22:05","300","114.0","False","BOD","DUB","N/A","N/A","BRS","545.0","easyJet","Ryanair","N/A","44.837789, -0.57918","53.3493795, -6.2605593","1032.73","2025-03-23 18:05:00","2025-03-23 22:05:00","","122","Sunday","evening","moyen","standard","5832835528482152022"
"2024-11-21","2025-03-23","BOD","DUB","Dublin","https://www.kayak.fr/flights/BOD-DUB/2025-03-23?sort=price_a","18:35","22:35","300","128.0","False","BOD","DUB","N/A","N/A","N/A","","Air France","N/A","N/A","44.837789, -0.57918","53.3493795, -6.2605593","1032.73","2025-03-23 18:35:00","2025-03-23 22:35:00","","122","Sunday","evening","moyen","standard","9185177982959583214"
"2024-11-21","2025-03-23","BOD","DUB","Dublin","https://www.kayak.fr/flights/BOD-DUB/2025-03-23?sort=price_a","14:20","21:00","460","148.0","False","BOD","DUB","N/A","N/A","N/A","","easyJet","Ryanair","N/A","44.837789, -0.57918","53.3493795, -6.2605593","1032.73","2025-03-23 14:20:00","2025-03-23 21:00:00","","122","Sunday","afternoon","long","standard","5434521366497754714"
"2024-11-21","2025-03-23","BOD","DUB","Dublin","https://www.kayak.fr/flights/BOD-DUB/2025-03-23?sort=price_a","14:10","20:15","425","151.0","False","BOD","DUB","N/A","N/A","N/A","","Aer Lingus","N/A","Saver","44.837789, -0.57918","53.3493795, -6.2605593","1032.73","2025-03-23 14:10:00","2025-03-23 20:15:00","","122","Sunday","afternoon","long","standard","3539249010656466908"
"2024-11-21","2025-03-23","BOD","DUB","Dublin","https://www.kayak.fr/flights/BOD-DUB/2025-03-23?sort=price_a","08:10","15:00","470","151.0","False","BOD","DUB","N/A","N/A","N/A","","Aer Lingus","N/A","Saver","44.837789, -0.57918","53.3493795, -6.2605593","1032.73","2025-03-23 08:10:00","2025-03-23 15:00:00","","122","Sunday","morning","long","standard","7183097925076021165"
"2024-11-21","2025-03-23","BOD","DUB","Dublin","https://www.kayak.fr/flights/BOD-DUB/2025-03-23?sort=price_a","17:50","23:30","400","153.0","False","BOD","DUB","N/A","N/A","N/A","","Aer Lingus","N/A","Saver","44.837789, -0.57918","53.3493795, -6.2605593","1032.73","2025-03-23 17:50:00","2025-03-23 23:30:00","","122","Sunday","evening","long","standard","6900528378336154571"
"2024-11-21","2025-03-23","BOD","DUB","Dublin","https://www.kayak.fr/flights/BOD-DUB/2025-03-23?sort=price_a","17:50","23:20","390","164.0","False","BOD","DUB","N/A","N/A","N/A","","Aer Lingus","N/A","N/A","44.837789, -0.57918","53.3493795, -6.2605593","1032.73","2025-03-23 17:50:00","2025-03-23 23:20:00","","122","Sunday","evening","long","high","4699113943694777611"
"2024-11-21","2025-03-23","BOD","DUB","Dublin","https://www.kayak.fr/flights/BOD-DUB/2025-03-23?sort=price_a","09:05","15:00","415","178.0","False","BOD","DUB","N/A","N/A","N/A","","Iberia","Ryanair","N/A","44.837789, -0.57918","53.3493795, -6.2605593","1032.73","2025-03-23 09:05:00","2025-03-23 15:00:00","","122","Sunday","morning","long","high","4118504394711391835"
"2024-11-21","2025-03-23","BOD","DUB","Dublin","https://www.kayak.fr/flights/BOD-DUB/2025-03-23?sort=price_a","12:30","19:15","465","181.0","False","BOD","DUB","N/A","N/A","N/A","","Aer Lingus","N/A","N/A","44.837789, -0.57918","53.3493795, -6.2605593","1032.73","2025-03-23 12:30:00","2025-03-23 19:15:00","","122","Sunday","afternoon","long","high","3218187366180455360"
"2024-11-21","2025-03-23","BOD","DUB","Dublin","https://www.kayak.fr/flights/BOD-DUB/2025-03-23?sort=price_a","18:15","22:55","340","183.0","False","BOD","DUB","N/A","N/A","N/A","","easyJet","Ryanair","N/A","44.837789, -0.57918","53.3493795, -6.2605593","1032.73","2025-03-23 18:15:00","2025-03-23 22:55:00","","122","Sunday","evening","moyen","high","472736051107685351"
"2024-11-21","2025-03-24","BOD","DUB","Dublin","https://www.kayak.fr/flights/BOD-DUB/2025-03-24?sort=price_a","06:50","20:20","870","85.0","False","BOD","DUB","N/A","N/A","N/A","","easyJet","Ryanair","Standard","44.837789, -0.57918","53.3493795, -6.2605593","1032.73","2025-03-24 06:50:00","2025-03-24 20:20:00","","123","Monday","morning","long","cheap","4922216927428739879"
"2024-11-21","2025-03-24","BOD","DUB","Dublin","https://www.kayak.fr/flights/BOD-DUB/2025-03-24?sort=price_a","18:10","00:20+1","430","91.0","False","BOD","DUB","N/A","N/A","N/A","","easyJet","Ryanair","Standard","44.837789, -0.57918","53.3493795, -6.2605593","1032.73","2025-03-24 18:10:00","2025-03-25 00:20:00","","123","Monday","evening","long","cheap","419175766923306943"
"2024-11-21","2025-03-24","BOD","DUB","Dublin","https://www.kayak.fr/flights/BOD-DUB/2025-03-24?sort=price_a","18:00","22:05","305","92.0","False","BOD","DUB","N/A","N/A","N/A","","easyJet","Ryanair","Standard","44.837789, -0.57918","53.3493795, -6.2605593","1032.73","2025-03-24 18:00:00","2025-03-24 22:05:00","","123","Monday","evening","moyen","cheap","384800326242856932"
"2024-11-21","2025-03-24","BOD","DUB","Dublin","https://www.kayak.fr/flights/BOD-DUB/2025-03-24?sort=price_a","18:10","22:50","340","93.0","False","BOD","DUB","N/A","N/A","N/A","","easyJet","Ryanair","N/A","44.837789, -0.57918","53.3493795, -6.2605593","1032.73","2025-03-24 18:10:00","2025-03-24 22:50:00","","123","Monday","evening","moyen","cheap","9210643963561349820"
"2024-11-21","2025-03-24","BOD","DUB","Dublin","https://www.kayak.fr/flights/BOD-DUB/2025-03-24?sort=price_a","18:10","21:45","275","103.0","False","BOD","DUB","N/A","N/A","N/A","","easyJet","Ryanair","N/A","44.837789, -0.57918","53.3493795, -6.2605593","1032.73","2025-03-24 18:10:00","2025-03-24 21:45:00","","123","Monday","evening","moyen","cheap","6836049549710752972"
"2024-11-21","2025-03-24","BOD","DUB","Dublin","https://www.kayak.fr/flights/BOD-DUB/2025-03-24?sort=price_a","12:30","16:40","310","110.0","False","BOD","DUB","N/A","N/A","N/A","","easyJet","Ryanair","N/A","44.837789, -0.57918","53.3493795, -6.2605593","1032.73","2025-03-24 12:30:00","2025-03-24 16:40:00","","123","Monday","afternoon","moyen","cheap","6069772599411318092"
"2024-11-21","2025-03-24","BOD","DUB","Dublin","https://www.kayak.fr/flights/BOD-DUB/2025-03-24?sort=price_a","06:50","15:05","555","112.0","False","BOD","DUB","N/A","N/A","N/A","","easyJet","British Airways","N/A","44.837789, -0.57918","53.3493795, -6.2605593","1032.73","2025-03-24 06:50:00","2025-03-24 15:05:00","","123","Monday","morning","long","standard","5782091013492110511"
"2024-11-21","2025-03-24","BOD","DUB","Dublin","https://www.kayak.fr/flights/BOD-DUB/2025-03-24?sort=price_a","06:00","12:40","460","114.0","False","BOD","DUB","N/A","N/A","N/A","","KLM","N/A","N/A","44.837789, -0.57918","53.3493795, -6.2605593","1032.73","2025-03-24 06:00:00","2025-03-24 12:40:00","","123","Monday","morning","long","standard","6162510794750798929"
"2024-11-21","2025-03-24","BOD","DUB","Dublin","https://www.kayak.fr/flights/BOD-DUB/2025-03-24?sort=price_a","11:45","19:40","535","116.0","False","BOD","DUB","N/A","N/A","N/A","","easyJet","Ryanair","Standard","44.837789, -0.57918","53.3493795, -6.2605593","1032.73","2025-03-24 11:45:00","2025-03-24 19:40:00","","123","Monday","morning","long","standard","945809891198370474"
"2024-11-21","2025-03-24","BOD","DUB","Dublin","https://www.kayak.fr/flights/BOD-DUB/2025-03-24?sort=price_a","09:55","18:05","550","116.0","False","BOD","DUB","N/A","N/A","N/A","","easyJet","Ryanair","Standard","44.837789, -0.57918","53.3493795, -6.2605593","1032.73","2025-03-24 09:55:00","2025-03-24 18:05:00","","123","Monday","morning","long","standard","9045168085515875173"
"2024-11-21","2025-03-24","BOD","DUB","Dublin","https://www.kayak.fr/flights/BOD-DUB/2025-03-24?sort=price_a","06:50","14:35","525","118.0","False","BOD","DUB","N/A","N/A","N/A","","easyJet","Ryanair","Standard","44.837789, -0.57918","53.3493795, -6.2605593","1032.73","2025-03-24 06:50:00","2025-03-24 14:35:00","","123","Monday","morning","long","standard","7450350209369123810"
"2024-11-21","2025-03-24","BOD","DUB","Dublin","https://www.kayak.fr/flights/BOD-DUB/2025-03-24?sort=price_a","13:55","21:30","515","127.0","False","BOD","DUB","N/A","N/A","N/A","","easyJet","Ryanair","N/A","44.837789, -0.57918","53.3493795, -6.2605593","1032.73","2025-03-24 13:55:00","2025-03-24 21:30:00","","123","Monday","afternoon","long","standard","4581245235355762968"
"2024-11-21","2025-03-24","BOD","DUB","Dublin","https://www.kayak.fr/flights/BOD-DUB/2025-03-24?sort=price_a","16:50","00:20+1","510","128.0","False","BOD","DUB","N/A","N/A","N/A","","Transavia France","Ryanair","N/A","44.837789, -0.57918","53.3493795, -6.2605593","1032.73","2025-03-24 16:50:00","2025-03-25 00:20:00","","123","Monday","afternoon","long","standard","7921040105840257038"
"2024-11-21","2025-03-24","BOD","DUB","Dublin","https://www.kayak.fr/flights/BOD-DUB/2025-03-24?sort=price_a","10:40","18:20","520","128.0","False","BOD","DUB","N/A","N/A","N/A","","easyJet","Ryanair","N/A","44.837789, -0.57918","53.3493795, -6.2605593","1032.73","2025-03-24 10:40:00","2025-03-24 18:20:00","","123","Monday","morning","long","standard","4556335342169441943"
"2024-11-21","2025-03-24","BOD","DUB","Dublin","https://www.kayak.fr/flights/BOD-DUB/2025-03-24?sort=price_a","09:55","17:45","530","129.0","False","BOD","DUB","N/A","N/A","N/A","","Vueling","Ryanair","N/A","44.837789, -0.57918","53.3493795, -6.2605593","1032.73","2025-03-24 09:55:00","2025-03-24 17:45:00","","123","Monday","morning","long","standard","5098962556375908078"
"2024-11-21","2025-03-25","BOD","DUB","Dublin","https://www.kayak.fr/flights/BOD-DUB/2025-03-25?sort=price_a","19:50","10:30+1","940","77.0","False","BOD","DUB","N/A","N/A","BCN","700.0","Vueling","N/A","Économique","44.837789, -0.57918","53.3493795, -6.2605593","1032.73","2025-03-25 19:50:00","2025-03-26 10:30:00","240.0","124","Tuesday","evening","long","cheap","8346979302861948733"
"2024-11-21","2025-03-25","BOD","DUB","Dublin","https://www.kayak.fr/flights/BOD-DUB/2025-03-25?sort=price_a","19:50","10:30+1","940","78.0","False","BOD","DUB","N/A","N/A","BCN","700.0","Vueling","N/A","Économique","44.837789, -0.57918","53.3493795, -6.2605593","1032.73","2025-03-25 19:50:00","2025-03-26 10:30:00","240.0","124","Tuesday","evening","long","cheap","8346979302861948733"
"2024-11-21","2025-03-25","BOD","DUB","Dublin","https://www.kayak.fr/flights/BOD-DUB/2025-03-25?sort=price_a","18:00","22:05","305","91.0","False","BOD","DUB","N/A","N/A","BCN","700.0","Vueling","N/A","Économique","44.837789, -0.57918","53.3493795, -6.2605593","1032.73","2025-03-25 18:00:00","2025-03-25 22:05:00","","124","Tuesday","evening","moyen","cheap","6119827370972078773"
"2024-11-21","2025-03-25","BOD","DUB","Dublin","https://www.kayak.fr/flights/BOD-DUB/2025-03-25?sort=price_a","12:30","16:40","310","91.0","False","BOD","DUB","N/A","N/A","BCN","700.0","Vueling","N/A","N/A","44.837789, -0.57918","53.3493795, -6.2605593","1032.73","2025-03-25 12:30:00","2025-03-25 16:40:00","","124","Tuesday","afternoon","moyen","cheap","6289328292125374246"
"2024-11-21","2025-03-25","BOD","DUB","Dublin","https://www.kayak.fr/flights/BOD-DUB/2025-03-25?sort=price_a","06:00","12:40","460","91.0","False","BOD","DUB","N/A","N/A","N/A","","KLM","N/A","N/A","44.837789, -0.57918","53.3493795, -6.2605593","1032.73","2025-03-25 06:00:00","2025-03-25 12:40:00","","124","Tuesday","morning","long","cheap","2082769111001757055"
"2024-11-21","2025-03-25","BOD","DUB","Dublin","https://www.kayak.fr/flights/BOD-DUB/2025-03-25?sort=price_a","07:25","15:10","525","91.0","False","BOD","DUB","N/A","N/A","BCN","700.0","Vueling","N/A","N/A","44.837789, -0.57918","53.3493795, -6.2605593","1032.73","2025-03-25 07:25:00","2025-03-25 15:10:00","","124","Tuesday","morning","long","cheap","2174042668111204081"
"2024-11-21","2025-03-25","BOD","DUB","Dublin","https://www.kayak.fr/flights/BOD-DUB/2025-03-25?sort=price_a","07:25","12:45","380","92.0","False","BOD","DUB","N/A","N/A","N/A","","easyJet","Ryanair","N/A","44.837789, -0.57918","53.3493795, -6.2605593","1032.73","2025-03-25 07:25:00","2025-03-25 12:45:00","","124","Tuesday","morning","long","cheap","4307459365549259104"
"2024-11-21","2025-03-25","BOD","DUB","Dublin","https://www.kayak.fr/flights/BOD-DUB/2025-03-25?sort=price_a","12:30","22:05","635","92.0","False","BOD","DUB","N/A","N/A","N/A","","KLM","N/A","N/A","44.837789, -0.57918","53.3493795, -6.2605593","1032.73","2025-03-25 12:30:00","2025-03-25 22:05:00","","124","Tuesday","afternoon","long","cheap","8977739720885250959"
"2024-11-21","2025-03-25","BOD","DUB","Dublin","https://www.kayak.fr/flights/BOD-DUB/2025-03-25?sort=price_a","06:00","16:40","700","92.0","False","BOD","DUB","N/A","N/A","BCN","700.0","Iberia","N/A","Basic","44.837789, -0.57918","53.3493795, -6.2605593","1032.73","2025-03-25 06:00:00","2025-03-25 16:40:00","0.0","124","Tuesday","morning","long","cheap","5764120148866574782"
"2024-11-21","2025-03-25","BOD","DUB","Dublin","https://www.kayak.fr/flights/BOD-DUB/2025-03-25?sort=price_a","18:00","08:05+1","905","93.0","False","BOD","DUB","N/A","N/A","BCN","700.0","Iberia","N/A","Basic","44.837789, -0.57918","53.3493795, -6.2605593","1032.73","2025-03-25 18:00:00","2025-03-26 08:05:00","205.0","124","Tuesday","evening","long","cheap","4875015204750279780"
"2024-11-21","2025-03-25","BOD","DUB","Dublin","https://www.kayak.fr/flights/BOD-DUB/2025-03-25?sort=price_a","07:25","11:00","275","96.0","False","BOD","DUB","N/A","N/A","BCN","700.0","Iberia","N/A","Basic","44.837789, -0.57918","53.3493795, -6.2605593","1032.73","2025-03-25 07:25:00","2025-03-25 11:00:00","","124","Tuesday","morning","moyen","cheap","6816873141626087764"
"2024-11-21","2025-03-25","BOD","DUB","Dublin","https://www.kayak.fr/flights/BOD-DUB/2025-03-25?sort=price_a","07:25","14:45","500","96.0","False","BOD","DUB","N/A","N/A","BCN","700.0","Iberia","N/A","N/A","44.837789, -0.57918","53.3493795, -6.2605593","1032.73","2025-03-25 07:25:00","2025-03-25 14:45:00","","124","Tuesday","morning","long","cheap","8744887849498855687"
"2024-11-21","2025-03-25","BOD","DUB","Dublin","https://www.kayak.fr/flights/BOD-DUB/2025-03-25?sort=price_a","07:25","19:05","760","96.0","False","BOD","DUB","N/A","N/A","N/A","","easyJet","Ryanair","N/A","44.837789, -0.57918","53.3493795, -6.2605593","1032.73","2025-03-25 07:25:00","2025-03-25 19:05:00","","124","Tuesday","morning","long","cheap","5510117098748518615"
"2024-11-21","2025-03-25","BOD","DUB","Dublin","https://www.kayak.fr/flights/BOD-DUB/2025-03-25?sort=price_a","07:25","21:15","890","96.0","False","BOD","DUB","N/A","N/A","BCN","700.0","Iberia","N/A","N/A","44.837789, -0.57918","53.3493795, -6.2605593","1032.73","2025-03-25 07:25:00","2025-03-25 21:15:00","190.0","124","Tuesday","morning","long","cheap","3737246007121516466"
"2024-11-21","2025-03-25","BOD","DUB","Dublin","https://www.kayak.fr/flights/BOD-DUB/2025-03-25?sort=price_a","07:25","23:00","995","96.0","False","BOD","DUB","N/A","N/A","N/A","","easyJet","Ryanair","N/A","44.837789, -0.57918","53.3493795, -6.2605593","1032.73","2025-03-25 07:25:00","2025-03-25 23:00:00","","124","Tuesday","morning","long","cheap","6249105913659602709"
"2024-11-21","2025-03-26","BOD","DUB","Dublin","https://www.kayak.fr/flights/BOD-DUB/2025-03-26?sort=price_a","15:25","16:25","120","85.0","True","BOD","DUB","N/A","N/A","N/A","","Aer Lingus","N/A","Saver","44.837789, -0.57918","53.3493795, -6.2605593","1032.73","2025-03-26 15:25:00","2025-03-26 16:25:00","","125","Wednesday","afternoon","court","cheap","2985699835511176337"
"2024-11-21","2025-03-26","BOD","DUB","Dublin","https://www.kayak.fr/flights/BOD-DUB/2025-03-26?sort=price_a","18:00","22:00","300","92.0","False","BOD","DUB","N/A","N/A","N/A","","Aer Lingus","N/A","Saver","44.837789, -0.57918","53.3493795, -6.2605593","1032.73","2025-03-26 18:00:00","2025-03-26 22:00:00","","125","Wednesday","evening","moyen","cheap","5100302236420958537"
"2024-11-21","2025-03-26","BOD","DUB","Dublin","https://www.kayak.fr/flights/BOD-DUB/2025-03-26?sort=price_a","12:30","16:40","310","92.0","False","BOD","DUB","N/A","N/A","N/A","","Aer Lingus","N/A","Saver","44.837789, -0.57918","53.3493795, -6.2605593","1032.73","2025-03-26 12:30:00","2025-03-26 16:40:00","","125","Wednesday","afternoon","moyen","cheap","506776589463204388"
"2024-11-21","2025-03-26","BOD","DUB","Dublin","https://www.kayak.fr/flights/BOD-DUB/2025-03-26?sort=price_a","09:05","13:30","325","93.0","False","BOD","DUB","N/A","N/A","N/A","","Aer Lingus","N/A","N/A","44.837789, -0.57918","53.3493795, -6.2605593","1032.73","2025-03-26 09:05:00","2025-03-26 13:30:00","","125","Wednesday","morning","moyen","cheap","5717978700301415427"
"2024-11-21","2025-03-26","BOD","DUB","Dublin","https://www.kayak.fr/flights/BOD-DUB/2025-03-26?sort=price_a","06:00","12:40","460","93.0","False","BOD","DUB","N/A","N/A","N/A","","KLM","N/A","N/A","44.837789, -0.57918","53.3493795, -6.2605593","1032.73","2025-03-26 06:00:00","2025-03-26 12:40:00","","125","Wednesday","morning","long","cheap","3938414527967523158"
"2024-11-21","2025-03-26","BOD","DUB","Dublin","https://www.kayak.fr/flights/BOD-DUB/2025-03-26?sort=price_a","06:50","12:35","405","104.0","False","BOD","DUB","N/A","N/A","N/A","","Aer Lingus","N/A","N/A","44.837789, -0.57918","53.3493795, -6.2605593","1032.73","2025-03-26 06:50:00","2025-03-26 12:35:00","","125","Wednesday","morning","long","cheap","7007086058275552916"
"2024-11-21","2025-03-26","BOD","DUB","Dublin","https://www.kayak.fr/flights/BOD-DUB/2025-03-26?sort=price_a","06:50","11:30","340","107.0","False","BOD","DUB","N/A","N/A","N/A","","easyJet","Ryanair","N/A","44.837789, -0.57918","53.3493795, -6.2605593","1032.73","2025-03-26 06:50:00","2025-03-26 11:30:00","","125","Wednesday","morning","moyen","cheap","5306718691045090776"
"2024-11-21","2025-03-26","BOD","DUB","Dublin","https://www.kayak.fr/flights/BOD-DUB/2025-03-26?sort=price_a","09:05","14:10","365","116.0","False","BOD","DUB","N/A","N/A","N/A","","Iberia","Ryanair","N/A","44.837789, -0.57918","53.3493795, -6.2605593","1032.73","2025-03-26 09:05:00","2025-03-26 14:10:00","","125","Wednesday","morning","long","standard","6197550891387900776"
"2024-11-21","2025-03-26","BOD","DUB","Dublin","https://www.kayak.fr/flights/BOD-DUB/2025-03-26?sort=price_a","14:50","21:25","455","118.0","False","BOD","DUB","N/A","N/A","AMS","90.0","KLM","N/A","Light","44.837789, -0.57918","53.3493795, -6.2605593","1032.73","2025-03-26 14:50:00","2025-03-26 21:25:00","365.0","125","Wednesday","afternoon","long","standard","7693817759281475453"
"2024-11-21","2025-03-26","BOD","DUB","Dublin","https://www.kayak.fr/flights/BOD-DUB/2025-03-26?sort=price_a","14:50","22:35","525","126.0","False","BOD","DUB","N/A","N/A","AMS","90.0","KLM","N/A","Light","44.837789, -0.57918","53.3493795, -6.2605593","1032.73","2025-03-26 14:50:00","2025-03-26 22:35:00","435.0","125","Wednesday","afternoon","long","standard","363611208174906971"
"2024-11-21","2025-03-26","BOD","DUB","Dublin","https://www.kayak.fr/flights/BOD-DUB/2025-03-26?sort=price_a","09:20","14:20","360","127.0","False","BOD","DUB","N/A","N/A","AMS","90.0","KLM","N/A","Light","44.837789, -0.57918","53.3493795, -6.2605593","1032.73","2025-03-26 09:20:00","2025-03-26 14:20:00","270.0","125","Wednesday","morning","moyen","standard","3324399856656132048"
"2024-11-21","2025-03-26","BOD","DUB","Dublin","https://www.kayak.fr/flights/BOD-DUB/2025-03-26?sort=price_a","14:50","20:10","380","128.0","False","BOD","DUB","N/A","N/A","AMS","90.0","KLM","N/A","N/A","44.837789, -0.57918","53.3493795, -6.2605593","1032.73","2025-03-26 14:50:00","2025-03-26 20:10:00","290.0","125","Wednesday","afternoon","long","standard","856935039421072622"
"2024-11-21","2025-03-26","BOD","DUB","Dublin","https://www.kayak.fr/flights/BOD-DUB/2025-03-26?sort=price_a","18:25","22:40","315","130.0","False","BOD","DUB","N/A","N/A","N/A","","Lufthansa","N/A","N/A","44.837789, -0.57918","53.3493795, -6.2605593","1032.73","2025-03-26 18:25:00","2025-03-26 22:40:00","","125","Wednesday","evening","moyen","standard","5923971280147806170"
"2024-11-21","2025-03-26","BOD","DUB","Dublin","https://www.kayak.fr/flights/BOD-DUB/2025-03-26?sort=price_a","14:50","23:00","550","130.0","False","BOD","DUB","N/A","N/A","AMS","90.0","KLM","N/A","N/A","44.837789, -0.57918","53.3493795, -6.2605593","1032.73","2025-03-26 14:50:00","2025-03-26 23:00:00","460.0","125","Wednesday","afternoon","long","standard","6877158240819783071"
"2024-11-21","2025-03-26","BOD","DUB","Dublin","https://www.kayak.fr/flights/BOD-DUB/2025-03-26?sort=price_a","06:50","12:05","375","137.0","False","BOD","DUB","N/A","N/A","N/A","","easyJet","British Airways","N/A","44.837789, -0.57918","53.3493795, -6.2605593","1032.73","2025-03-26 06:50:00","2025-03-26 12:05:00","","125","Wednesday","morning","long","standard","7760196661761595911"
"2024-11-21","2025-03-27","BOD","DUB","Dublin","https://www.kayak.fr/flights/BOD-DUB/2025-03-27?sort=price_a","15:25","16:25","120","72.0","True","BOD","DUB","N/A","N/A","N/A","","Aer Lingus","N/A","Saver","44.837789, -0.57918","53.3493795, -6.2605593","1032.73","2025-03-27 15:25:00","2025-03-27 16:25:00","","126","Thursday","afternoon","court","cheap","4626084154802299132"
"2024-11-21","2025-03-27","BOD","DUB","Dublin","https://www.kayak.fr/flights/BOD-DUB/2025-03-27?sort=price_a","12:30","16:40","310","91.0","False","BOD","DUB","N/A","N/A","N/A","","Aer Lingus","N/A","Saver","44.837789, -0.57918","53.3493795, -6.2605593","1032.73","2025-03-27 12:30:00","2025-03-27 16:40:00","","126","Thursday","afternoon","moyen","cheap","3198270441750380720"
"2024-11-21","2025-03-27","BOD","DUB","Dublin","https://www.kayak.fr/flights/BOD-DUB/2025-03-27?sort=price_a","06:00","12:40","460","91.0","False","BOD","DUB","N/A","N/A","N/A","","Aer Lingus","N/A","Saver","44.837789, -0.57918","53.3493795, -6.2605593","1032.73","2025-03-27 06:00:00","2025-03-27 12:40:00","","126","Thursday","morning","long","cheap","7503325428852693268"
"2024-11-21","2025-03-27","BOD","DUB","Dublin","https://www.kayak.fr/flights/BOD-DUB/2025-03-27?sort=price_a","18:00","22:05","305","98.0","False","BOD","DUB","N/A","N/A","N/A","","Aer Lingus","N/A","N/A","44.837789, -0.57918","53.3493795, -6.2605593","1032.73","2025-03-27 18:00:00","2025-03-27 22:05:00","","126","Thursday","evening","moyen","cheap","6555272973867790237"
"2024-11-21","2025-03-27","BOD","DUB","Dublin","https://www.kayak.fr/flights/BOD-DUB/2025-03-27?sort=price_a","12:24","19:15","471","107.0","False","BOD","DUB","N/A","N/A","N/A","","SNCF","Transavia","N/A","44.837789, -0.57918","53.3493795, -6.2605593","1032.73","2025-03-27 12:24:00","2025-03-27 19:15:00","","126","Thursday","afternoon","long","cheap","3240052718016298057"
"2024-11-21","2025-03-27","BOD","DUB","Dublin","https://www.kayak.fr/flights/BOD-DUB/2025-03-27?sort=price_a","06:50","11:45","355","111.0","False","BOD","DUB","N/A","N/A","N/A","","Aer Lingus","N/A","N/A","44.837789, -0.57918","53.3493795, -6.2605593","1032.73","2025-03-27 06:50:00","2025-03-27 11:45:00","","126","Thursday","morning","moyen","cheap","2923198220399749083"
"2024-11-21","2025-03-27","BOD","DUB","Dublin","https://www.kayak.fr/flights/BOD-DUB/2025-03-27?sort=price_a","06:50","14:50","540","111.0","False","BOD","DUB","N/A","N/A","N/A","","easyJet","Ryanair","N/A","44.837789, -0.57918","53.3493795, -6.2605593","1032.73","2025-03-27 06:50:00","2025-03-27 14:50:00","","126","Thursday","morning","long","cheap","7995734018642226632"
"2024-11-21","2025-03-27","BOD","DUB","Dublin","https://www.kayak.fr/flights/BOD-DUB/2025-03-27?sort=price_a","13:35","20:15","460","117.0","False","BOD","DUB","N/A","N/A","N/A","","Vueling","Ryanair","N/A","44.837789, -0.57918","53.3493795, -6.2605593","1032.73","2025-03-27 13:35:00","2025-03-27 20:15:00","","126","Thursday","afternoon","long","standard","2922998858725881203"
"2024-11-21","2025-03-27","BOD","DUB","Dublin","https://www.kayak.fr/flights/BOD-DUB/2025-03-27?sort=price_a","07:45","13:30","405","128.0","False","BOD","DUB","N/A","N/A","AMS","100.0","KLM","N/A","Light","44.837789, -0.57918","53.3493795, -6.2605593","1032.73","2025-03-27 07:45:00","2025-03-27 13:30:00","305.0","126","Thursday","morning","long","standard","1650684486961227605"
"2024-11-21","2025-03-27","BOD","DUB","Dublin","https://www.kayak.fr/flights/BOD-DUB/2025-03-27?sort=price_a","09:25","15:25","420","128.0","False","BOD","DUB","N/A","N/A","AMS","100.0","KLM","N/A","Light","44.837789, -0.57918","53.3493795, -6.2605593","1032.73","2025-03-27 09:25:00","2025-03-27 15:25:00","320.0","126","Thursday","morning","long","standard","5657951609421543677"
"2024-11-21","2025-03-27","BOD","DUB","Dublin","https://www.kayak.fr/flights/BOD-DUB/2025-03-27?sort=price_a","18:30","22:50","320","130.0","False","BOD","DUB","N/A","N/A","AMS","100.0","KLM","N/A","Light","44.837789, -0.57918","53.3493795, -6.2605593","1032.73","2025-03-27 18:30:00","2025-03-27 22:50:00","220.0","126","Thursday","evening","moyen","standard","6914424430081584370"
"2024-11-21","2025-03-27","BOD","DUB","Dublin","https://www.kayak.fr/flights/BOD-DUB/2025-03-27?sort=price_a","13:35","21:20","525","134.0","False","BOD","DUB","N/A","N/A","AMS","100.0","KLM","N/A","N/A","44.837789, -0.57918","53.3493795, -6.2605593","1032.73","2025-03-27 13:35:00","2025-03-27 21:20:00","425.0","126","Thursday","afternoon","long","standard","1295425341379518093"
"2024-11-21","2025-03-27","BOD","DUB","Dublin","https://www.kayak.fr/flights/BOD-DUB/2025-03-27?sort=price_a","06:50","12:55","425","136.0","False","BOD","DUB","N/A","N/A","N/A","","easyJet","Ryanair","N/A","44.837789, -0.57918","53.3493795, -6.2605593","1032.73","2025-03-27 06:50:00","2025-03-27 12:55:00","","126","Thursday","morning","long","standard","6447208354003261580"
"2024-11-21","2025-03-27","BOD","DUB","Dublin","https://www.kayak.fr/flights/BOD-DUB/2025-03-27?sort=price_a","09:05","13:30","325","140.0","False","BOD","DUB","N/A","N/A","AMS","100.0","KLM","N/A","N/A","44.837789, -0.57918","53.3493795, -6.2605593","1032.73","2025-03-27 09:05:00","2025-03-27 13:30:00","225.0","126","Thursday","morning","moyen","standard","4770912087779907936"
"2024-11-21","2025-03-27","BOD","DUB","Dublin","https://www.kayak.fr/flights/BOD-DUB/2025-03-27?sort=price_a","09:25","16:35","490","142.0","False","BOD","DUB","N/A","N/A","N/A","","easyJet","Jet2","N/A","44.837789, -0.57918","53.3493795, -6.2605593","1032.73","2025-03-27 09:25:00","2025-03-27 16:35:00","","126","Thursday","morning","long","standard","1967282074094335280"
"2024-11-21","2025-03-28","BOD","DUB","Dublin","https://www.kayak.fr/flights/BOD-DUB/2025-03-28?sort=price_a","15:25","16:25","120","85.0","True","BOD","DUB","N/A","N/A","N/A","","Aer Lingus","N/A","Saver","44.837789, -0.57918","53.3493795, -6.2605593","1032.73","2025-03-28 15:25:00","2025-03-28 16:25:00","","127","Friday","afternoon","court","cheap","6855983528696129106"
"2024-11-21","2025-03-28","BOD","DUB","Dublin","https://www.kayak.fr/flights/BOD-DUB/2025-03-28?sort=price_a","18:05","22:05","300","92.0","False","BOD","DUB","N/A","N/A","N/A","","Aer Lingus","N/A","Saver","44.837789, -0.57918","53.3493795, -6.2605593","1032.73","2025-03-28 18:05:00","2025-03-28 22:05:00","","127","Friday","evening","moyen","cheap","4803722545001810942"
"2024-11-21","2025-03-28","BOD","DUB","Dublin","https://www.kayak.fr/flights/BOD-DUB/2025-03-28?sort=price_a","12:30","16:40","310","98.0","False","BOD","DUB","N/A","N/A","N/A","","Aer Lingus","N/A","Saver","44.837789, -0.57918","53.3493795, -6.2605593","1032.73","2025-03-28 12:30:00","2025-03-28 16:40:00","","127","Friday","afternoon","moyen","cheap","7372243049753176333"
"2024-11-21","2025-03-28","BOD","DUB","Dublin","https://www.kayak.fr/flights/BOD-DUB/2025-03-28?sort=price_a","13:35","20:05","450","111.0","False","BOD","DUB","N/A","N/A","N/A","","Aer Lingus","N/A","N/A","44.837789, -0.57918","53.3493795, -6.2605593","1032.73","2025-03-28 13:35:00","2025-03-28 20:05:00","","127","Friday","afternoon","long","cheap","8840134647556256107"
"2024-11-21","2025-03-28","BOD","DUB","Dublin","https://www.kayak.fr/flights/BOD-DUB/2025-03-28?sort=price_a","06:00","12:40","460","121.0","False","BOD","DUB","N/A","N/A","N/A","","KLM","N/A","N/A","44.837789, -0.57918","53.3493795, -6.2605593","1032.73","2025-03-28 06:00:00","2025-03-28 12:40:00","","127","Friday","morning","long","standard","2318756165075098023"
"2024-11-21","2025-03-28","BOD","DUB","Dublin","https://www.kayak.fr/flights/BOD-DUB/2025-03-28?sort=price_a","17:25","22:15","350","123.0","False","BOD","DUB","N/A","N/A","N/A","","Aer Lingus","N/A","N/A","44.837789, -0.57918","53.3493795, -6.2605593","1032.73","2025-03-28 17:25:00","2025-03-28 22:15:00","","127","Friday","evening","moyen","standard","1251493655646314415"
"2024-11-21","2025-03-28","BOD","DUB","Dublin","https://www.kayak.fr/flights/BOD-DUB/2025-03-28?sort=price_a","13:55","17:40","285","126.0","False","BOD","DUB","N/A","N/A","N/A","","easyJet","Ryanair","N/A","44.837789, -0.57918","53.3493795, -6.2605593","1032.73","2025-03-28 13:55:00","2025-03-28 17:40:00","","127","Friday","afternoon","moyen","standard","2223198935106105104"
"2024-11-21","2025-03-28","BOD","DUB","Dublin","https://www.kayak.fr/flights/BOD-DUB/2025-03-28?sort=price_a","13:55","19:50","415","132.0","False","BOD","DUB","N/A","N/A","N/A","","easyJet","British Airways","N/A","44.837789, -0.57918","53.3493795, -6.2605593","1032.73","2025-03-28 13:55:00","2025-03-28 19:50:00","","127","Friday","afternoon","long","standard","7993102435080735265"
"2024-11-21","2025-03-28","BOD","DUB","Dublin","https://www.kayak.fr/flights/BOD-DUB/2025-03-28?sort=price_a","13:55","21:25","510","136.0","False","BOD","DUB","N/A","N/A","AMS","90.0","KLM","N/A","Light","44.837789, -0.57918","53.3493795, -6.2605593","1032.73","2025-03-28 13:55:00","2025-03-28 21:25:00","420.0","127","Friday","afternoon","long","standard","3623309678025305453"
"2024-11-21","2025-03-28","BOD","DUB","Dublin","https://www.kayak.fr/flights/BOD-DUB/2025-03-28?sort=price_a","14:45","18:30","285","140.0","False","BOD","DUB","N/A","N/A","AMS","90.0","KLM","N/A","Light","44.837789, -0.57918","53.3493795, -6.2605593","1032.73","2025-03-28 14:45:00","2025-03-28 18:30:00","195.0","127","Friday","afternoon","moyen","standard","4432521417756504490"
"2024-11-21","2025-03-28","BOD","DUB","Dublin","https://www.kayak.fr/flights/BOD-DUB/2025-03-28?sort=price_a","13:35","20:30","475","140.0","False","BOD","DUB","N/A","N/A","AMS","90.0","KLM","N/A","Light","44.837789, -0.57918","53.3493795, -6.2605593","1032.73","2025-03-28 13:35:00","2025-03-28 20:30:00","385.0","127","Friday","afternoon","long","standard","4978622142789191026"
"2024-11-21","2025-03-28","BOD","DUB","Dublin","https://www.kayak.fr/flights/BOD-DUB/2025-03-28?sort=price_a","13:35","21:00","505","140.0","False","BOD","DUB","N/A","N/A","AMS","90.0","KLM","N/A","N/A","44.837789, -0.57918","53.3493795, -6.2605593","1032.73","2025-03-28 13:35:00","2025-03-28 21:00:00","415.0","127","Friday","afternoon","long","standard","8171286292765314150"
"2024-11-21","2025-03-28","BOD","DUB","Dublin","https://www.kayak.fr/flights/BOD-DUB/2025-03-28?sort=price_a","13:55","20:45","470","143.0","False","BOD","DUB","N/A","N/A","N/A","","easyJet","British Airways","N/A","44.837789, -0.57918","53.3493795, -6.2605593","1032.73","2025-03-28 13:55:00","2025-03-28 20:45:00","","127","Friday","afternoon","long","standard","4762586479278215570"
"2024-11-21","2025-03-28","BOD","DUB","Dublin","https://www.kayak.fr/flights/BOD-DUB/2025-03-28?sort=price_a","15:45","23:20","515","146.0","False","BOD","DUB","N/A","N/A","AMS","90.0","KLM","N/A","N/A","44.837789, -0.57918","53.3493795, -6.2605593","1032.73","2025-03-28 15:45:00","2025-03-28 23:20:00","425.0","127","Friday","afternoon","long","standard","1260072058228221156"
"2024-11-21","2025-03-28","BOD","DUB","Dublin","https://www.kayak.fr/flights/BOD-DUB/2025-03-28?sort=price_a","17:25","23:20","415","151.0","False","BOD","DUB","N/A","N/A","N/A","","easyJet","TAP AIR PORTUGAL","N/A","44.837789, -0.57918","53.3493795, -6.2605593","1032.73","2025-03-28 17:25:00","2025-03-28 23:20:00","","127","Friday","evening","long","standard","1141948452890638732"
"2024-11-21","2025-03-29","BOD","DUB","Dublin","https://www.kayak.fr/flights/BOD-DUB/2025-03-29?sort=price_a","07:00","23:50","1070","90.0","False","BOD","DUB","N/A","N/A","LGW","890.0","easyJet","Ryanair","Standard","44.837789, -0.57918","53.3493795, -6.2605593","1032.73","2025-03-29 07:00:00","2025-03-29 23:50:00","180.0","128","Saturday","morning","long","cheap","235891982492954111"
"2024-11-21","2025-03-29","BOD","DUB","Dublin","https://www.kayak.fr/flights/BOD-DUB/2025-03-29?sort=price_a","12:30","16:40","310","93.0","False","BOD","DUB","N/A","N/A","LGW","890.0","easyJet","Ryanair","Standard","44.837789, -0.57918","53.3493795, -6.2605593","1032.73","2025-03-29 12:30:00","2025-03-29 16:40:00","","128","Saturday","afternoon","moyen","cheap","8706527269824633783"
"2024-11-21","2025-03-29","BOD","DUB","Dublin","https://www.kayak.fr/flights/BOD-DUB/2025-03-29?sort=price_a","06:00","12:40","460","93.0","False","BOD","DUB","N/A","N/A","LGW","890.0","easyJet","Ryanair","Standard","44.837789, -0.57918","53.3493795, -6.2605593","1032.73","2025-03-29 06:00:00","2025-03-29 12:40:00","","128","Saturday","morning","long","cheap","4662395827149373102"
"2024-11-21","2025-03-29","BOD","DUB","Dublin","https://www.kayak.fr/flights/BOD-DUB/2025-03-29?sort=price_a","12:30","22:05","635","93.0","False","BOD","DUB","N/A","N/A","LGW","890.0","easyJet","Ryanair","N/A","44.837789, -0.57918","53.3493795, -6.2605593","1032.73","2025-03-29 12:30:00","2025-03-29 22:05:00","","128","Saturday","afternoon","long","cheap","6623380921221115298"
"2024-11-21","2025-03-29","BOD","DUB","Dublin","https://www.kayak.fr/flights/BOD-DUB/2025-03-29?sort=price_a","06:00","16:40","700","93.0","False","BOD","DUB","N/A","N/A","N/A","","KLM","N/A","N/A","44.837789, -0.57918","53.3493795, -6.2605593","1032.73","2025-03-29 06:00:00","2025-03-29 16:40:00","","128","Saturday","morning","long","cheap","9044566256932570814"
"2024-11-21","2025-03-29","BOD","DUB","Dublin","https://www.kayak.fr/flights/BOD-DUB/2025-03-29?sort=price_a","07:00","23:05","1025","100.0","False","BOD","DUB","N/A","N/A","LGW","890.0","easyJet","Ryanair","N/A","44.837789, -0.57918","53.3493795, -6.2605593","1032.73","2025-03-29 07:00:00","2025-03-29 23:05:00","135.0","128","Saturday","morning","long","cheap","8837454834237017527"
"2024-11-21","2025-03-29","BOD","DUB","Dublin","https://www.kayak.fr/flights/BOD-DUB/2025-03-29?sort=price_a","10:10","23:50","880","102.0","False","BOD","DUB","N/A","N/A","N/A","","British Airways","Ryanair","N/A","44.837789, -0.57918","53.3493795, -6.2605593","1032.73","2025-03-29 10:10:00","2025-03-29 23:50:00","","128","Saturday","morning","long","cheap","8482845200592700887"
"2024-11-21","2025-03-29","BOD","DUB","Dublin","https://www.kayak.fr/flights/BOD-DUB/2025-03-29?sort=price_a","21:45","07:50+1","605","106.0","False","BOD","DUB","N/A","N/A","N/A","","Vueling","N/A","N/A","44.837789, -0.57918","53.3493795, -6.2605593","1032.73","2025-03-29 21:45:00","2025-03-30 07:50:00","","128","Saturday","evening","long","cheap","7470415082439765752"
"2024-11-21","2025-03-29","BOD","DUB","Dublin","https://www.kayak.fr/flights/BOD-DUB/2025-03-29?sort=price_a","16:50","00:25+1","515","107.0","False","BOD","DUB","N/A","N/A","AMS","100.0","KLM","N/A","Light","44.837789, -0.57918","53.3493795, -6.2605593","1032.73","2025-03-29 16:50:00","2025-03-30 00:25:00","415.0","128","Saturday","afternoon","long","cheap","7799270423696231025"
"2024-11-21","2025-03-29","BOD","DUB","Dublin","https://www.kayak.fr/flights/BOD-DUB/2025-03-29?sort=price_a","07:00","17:00","660","110.0","False","BOD","DUB","N/A","N/A","AMS","100.0","KLM","N/A","Light","44.837789, -0.57918","53.3493795, -6.2605593","1032.73","2025-03-29 07:00:00","2025-03-29 17:00:00","560.0","128","Saturday","morning","long","cheap","4797630117707544835"
"2024-11-21","2025-03-29","BOD","DUB","Dublin","https://www.kayak.fr/flights/BOD-DUB/2025-03-29?sort=price_a","21:45","09:30+1","705","110.0","False","BOD","DUB","N/A","N/A","AMS","100.0","KLM","N/A","Light","44.837789, -0.57918","53.3493795, -6.2605593","1032.73","2025-03-29 21:45:00","2025-03-30 09:30:00","605.0","128","Saturday","evening","long","cheap","719497442443032024"
"2024-11-21","2025-03-29","BOD","DUB","Dublin","https://www.kayak.fr/flights/BOD-DUB/2025-03-29?sort=price_a","16:50","23:20","450","112.0","False","BOD","DUB","N/A","N/A","AMS","100.0","KLM","N/A","N/A","44.837789, -0.57918","53.3493795, -6.2605593","1032.73","2025-03-29 16:50:00","2025-03-29 23:20:00","350.0","128","Saturday","afternoon","long","standard","1729693355450144155"
"2024-11-21","2025-03-29","BOD","DUB","Dublin","https://www.kayak.fr/flights/BOD-DUB/2025-03-29?sort=price_a","10:10","23:05","835","112.0","False","BOD","DUB","N/A","N/A","N/A","","British Airways","Ryanair","N/A","44.837789, -0.57918","53.3493795, -6.2605593","1032.73","2025-03-29 10:10:00","2025-03-29 23:05:00","","128","Saturday","morning","long","standard","5486824079622733029"
"2024-11-21","2025-03-29","BOD","DUB","Dublin","https://www.kayak.fr/flights/BOD-DUB/2025-03-29?sort=price_a","14:40","07:55+1","1035","113.0","False","BOD","DUB","N/A","N/A","AMS","100.0","KLM","N/A","N/A","44.837789, -0.57918","53.3493795, -6.2605593","1032.73","2025-03-29 14:40:00","2025-03-30 07:55:00","935.0","128","Saturday","afternoon","long","standard","1537903053049045191"
"2024-11-21","2025-03-29","BOD","DUB","Dublin","https://www.kayak.fr/flights/BOD-DUB/2025-03-29?sort=price_a","07:00","18:55","775","118.0","False","BOD","DUB","N/A","N/A","N/A","","easyJet","Ryanair","N/A","44.837789, -0.57918","53.3493795, -6.2605593","1032.73","2025-03-29 07:00:00","2025-03-29 18:55:00","","128","Saturday","morning","long","standard","704407995122846219"
"2024-11-21","2025-03-30","BOD","DUB","Dublin","https://www.kayak.fr/flights/BOD-DUB/2025-03-30?sort=price_a","17:55","18:55","120","82.0","True","BOD","DUB","N/A","N/A","N/A","","Aer Lingus","N/A","Saver","44.837789, -0.57918","53.3493795, -6.2605593","1032.73","2025-03-30 17:55:00","2025-03-30 18:55:00","","129","Sunday","evening","court","cheap","210754476064647459"
"2024-11-21","2025-03-30","BOD","DUB","Dublin","https://www.kayak.fr/flights/BOD-DUB/2025-03-30?sort=price_a","17:10","20:15","245","91.0","False","BOD","DUB","N/A","N/A","N/A","","Aer Lingus","N/A","Saver","44.837789, -0.57918","53.3493795, -6.2605593","1032.73","2025-03-30 17:10:00","2025-03-30 20:15:00","","129","Sunday","evening","moyen","cheap","1810811936542294051"
"2024-11-21","2025-03-30","BOD","DUB","Dublin","https://www.kayak.fr/flights/BOD-DUB/2025-03-30?sort=price_a","07:00","14:05","485","96.0","False","BOD","DUB","N/A","N/A","N/A","","Aer Lingus","N/A","Saver","44.837789, -0.57918","53.3493795, -6.2605593","1032.73","2025-03-30 07:00:00","2025-03-30 14:05:00","","129","Sunday","morning","long","cheap","8336481579205300516"
"2024-11-21","2025-03-30","BOD","DUB","Dublin","https://www.kayak.fr/flights/BOD-DUB/2025-03-30?sort=price_a","17:10","22:25","375","98.0","False","BOD","DUB","N/A","N/A","N/A","","Aer Lingus","N/A","N/A","44.837789, -0.57918","53.3493795, -6.2605593","1032.73","2025-03-30 17:10:00","2025-03-30 22:25:00","","129","Sunday","evening","long","cheap","4395981506386546762"
"2024-11-21","2025-03-30","BOD","DUB","Dublin","https://www.kayak.fr/flights/BOD-DUB/2025-03-30?sort=price_a","07:00","11:15","315","104.0","False","BOD","DUB","N/A","N/A","N/A","","easyJet","Ryanair","N/A","44.837789, -0.57918","53.3493795, -6.2605593","1032.73","2025-03-30 07:00:00","2025-03-30 11:15:00","","129","Sunday","morning","moyen","cheap","7744900370670713248"
"2024-11-21","2025-03-30","BOD","DUB","Dublin","https://www.kayak.fr/flights/BOD-DUB/2025-03-30?sort=price_a","11:58","19:05","487","123.0","False","BOD","DUB","N/A","N/A","N/A","","Aer Lingus","N/A","N/A","44.837789, -0.57918","53.3493795, -6.2605593","1032.73","2025-03-30 11:58:00","2025-03-30 19:05:00","","129","Sunday","morning","long","standard","7184721700075080009"
"2024-11-21","2025-03-30","BOD","DUB","Dublin","https://www.kayak.fr/flights/BOD-DUB/2025-03-30?sort=price_a","07:00","13:35","455","128.0","False","BOD","DUB","N/A","N/A","N/A","","easyJet","Ryanair","N/A","44.837789, -0.57918","53.3493795, -6.2605593","1032.73","2025-03-30 07:00:00","2025-03-30 13:35:00","","129","Sunday","morning","long","standard","7567423025525157123"
"2024-11-21","2025-03-30","BOD","DUB","Dublin","https://www.kayak.fr/flights/BOD-DUB/2025-03-30?sort=price_a","12:55","21:05","550","131.0","False","BOD","DUB","N/A","N/A","N/A","","Vueling","Ryanair","N/A","44.837789, -0.57918","53.3493795, -6.2605593","1032.73","2025-03-30 12:55:00","2025-03-30 21:05:00","","129","Sunday","afternoon","long","standard","2374686820800779860"
"2024-11-21","2025-03-30","BOD","DUB","Dublin","https://www.kayak.fr/flights/BOD-DUB/2025-03-30?sort=price_a","06:30","12:35","425","134.0","False","BOD","DUB","N/A","N/A","AMS","40.0","KLM","N/A","Light","44.837789, -0.57918","53.3493795, -6.2605593","1032.73","2025-03-30 06:30:00","2025-03-30 12:35:00","385.0","129","Sunday","morning","long","standard","8223640682925791014"
"2024-11-21","2025-03-30","BOD","DUB","Dublin","https://www.kayak.fr/flights/BOD-DUB/2025-03-30?sort=price_a","15:40","22:50","490","135.0","False","BOD","DUB","N/A","N/A","AMS","40.0","KLM","N/A","Light","44.837789, -0.57918","53.3493795, -6.2605593","1032.73","2025-03-30 15:40:00","2025-03-30 22:50:00","450.0","129","Sunday","afternoon","long","standard","2852602799575658010"
"2024-11-21","2025-03-30","BOD","DUB","Dublin","https://www.kayak.fr/flights/BOD-DUB/2025-03-30?sort=price_a","14:20","21:05","465","137.0","False","BOD","DUB","N/A","N/A","AMS","40.0","KLM","N/A","Light","44.837789, -0.57918","53.3493795, -6.2605593","1032.73","2025-03-30 14:20:00","2025-03-30 21:05:00","425.0","129","Sunday","afternoon","long","standard","3834778838260769418"
"2024-11-21","2025-03-30","BOD","DUB","Dublin","https://www.kayak.fr/flights/BOD-DUB/2025-03-30?sort=price_a","14:20","21:35","495","139.0","False","BOD","DUB","N/A","N/A","AMS","40.0","KLM","N/A","N/A","44.837789, -0.57918","53.3493795, -6.2605593","1032.73","2025-03-30 14:20:00","2025-03-30 21:35:00","455.0","129","Sunday","afternoon","long","standard","6886313996472961604"
"2024-11-21","2025-03-30","BOD","DUB","Dublin","https://www.kayak.fr/flights/BOD-DUB/2025-03-30?sort=price_a","15:20","21:55","455","149.0","False","BOD","DUB","N/A","N/A","N/A","","Volotea","Aer Lingus","N/A","44.837789, -0.57918","53.3493795, -6.2605593","1032.73","2025-03-30 15:20:00","2025-03-30 21:55:00","","129","Sunday","afternoon","long","standard","7704310026357209493"
"2024-11-21","2025-03-30","BOD","DUB","Dublin","https://www.kayak.fr/flights/BOD-DUB/2025-03-30?sort=price_a","15:30","21:15","405","150.0","False","BOD","DUB","N/A","N/A","AMS","40.0","KLM","N/A","N/A","44.837789, -0.57918","53.3493795, -6.2605593","1032.73","2025-03-30 15:30:00","2025-03-30 21:15:00","365.0","129","Sunday","afternoon","long","standard","486085082391406842"
"2024-11-21","2025-03-30","BOD","DUB","Dublin","https://www.kayak.fr/flights/BOD-DUB/2025-03-30?sort=price_a","14:20","21:05","465","153.0","False","BOD","DUB","N/A","N/A","N/A","","Vueling","Ryanair","N/A","44.837789, -0.57918","53.3493795, -6.2605593","1032.73","2025-03-30 14:20:00","2025-03-30 21:05:00","","129","Sunday","afternoon","long","standard","1571251402157604300"
"2024-11-21","2025-03-31","BOD","DUB","Dublin","https://www.kayak.fr/flights/BOD-DUB/2025-03-31?sort=price_a","10:50","11:50","120","76.0","True","BOD","DUB","N/A","N/A","N/A","","Aer Lingus","N/A","Saver","44.837789, -0.57918","53.3493795, -6.2605593","1032.73","2025-03-31 10:50:00","2025-03-31 11:50:00","","130","Monday","morning","court","cheap","6272591706687234710"
"2024-11-21","2025-03-31","BOD","DUB","Dublin","https://www.kayak.fr/flights/BOD-DUB/2025-03-31?sort=price_a","07:00","14:05","485","89.0","False","BOD","DUB","N/A","N/A","N/A","","Aer Lingus","N/A","Saver","44.837789, -0.57918","53.3493795, -6.2605593","1032.73","2025-03-31 07:00:00","2025-03-31 14:05:00","","130","Monday","morning","long","cheap","7253692423215081413"
"2024-11-21","2025-03-31","BOD","DUB","Dublin","https://www.kayak.fr/flights/BOD-DUB/2025-03-31?sort=price_a","17:10","20:15","245","92.0","False","BOD","DUB","N/A","N/A","N/A","","Aer Lingus","N/A","Saver","44.837789, -0.57918","53.3493795, -6.2605593","1032.73","2025-03-31 17:10:00","2025-03-31 20:15:00","","130","Monday","evening","moyen","cheap","6835623707867667936"
"2024-11-21","2025-03-31","BOD","DUB","Dublin","https://www.kayak.fr/flights/BOD-DUB/2025-03-31?sort=price_a","06:30","10:25","295","92.0","False","BOD","DUB","N/A","N/A","N/A","","Aer Lingus","N/A","N/A","44.837789, -0.57918","53.3493795, -6.2605593","1032.73","2025-03-31 06:30:00","2025-03-31 10:25:00","","130","Monday","morning","moyen","cheap","6164884770606661989"
"2024-11-21","2025-03-31","BOD","DUB","Dublin","https://www.kayak.fr/flights/BOD-DUB/2025-03-31?sort=price_a","17:10","22:25","375","92.0","False","BOD","DUB","N/A","N/A","N/A","","KLM","N/A","N/A","44.837789, -0.57918","53.3493795, -6.2605593","1032.73","2025-03-31 17:10:00","2025-03-31 22:25:00","","130","Monday","evening","long","cheap","2113124187959416913"
"2024-11-21","2025-03-31","BOD","DUB","Dublin","https://www.kayak.fr/flights/BOD-DUB/2025-03-31?sort=price_a","06:30","12:35","425","92.0","False","BOD","DUB","N/A","N/A","N/A","","Aer Lingus","N/A","N/A","44.837789, -0.57918","53.3493795, -6.2605593","1032.73","2025-03-31 06:30:00","2025-03-31 12:35:00","","130","Monday","morning","long","cheap","4405795920877970641"
"2024-11-21","2025-03-31","BOD","DUB","Dublin","https://www.kayak.fr/flights/BOD-DUB/2025-03-31?sort=price_a","16:30","23:10","460","97.0","False","BOD","DUB","N/A","N/A","N/A","","easyJet","Ryanair","N/A","44.837789, -0.57918","53.3493795, -6.2605593","1032.73","2025-03-31 16:30:00","2025-03-31 23:10:00","","130","Monday","afternoon","long","cheap","3590878515383409915"
"2024-11-21","2025-03-31","BOD","DUB","Dublin","https://www.kayak.fr/flights/BOD-DUB/2025-03-31?sort=price_a","16:30","23:20","470","97.0","False","BOD","DUB","N/A","N/A","N/A","","easyJet","Ryanair","N/A","44.837789, -0.57918","53.3493795, -6.2605593","1032.73","2025-03-31 16:30:00","2025-03-31 23:20:00","","130","Monday","afternoon","long","cheap","4285288416810527193"
"2024-11-21","2025-03-31","BOD","DUB","Dublin","https://www.kayak.fr/flights/BOD-DUB/2025-03-31?sort=price_a","07:00","14:35","515","98.0","False","BOD","DUB","N/A","N/A","N/A","","easyJet","Ryanair","Standard","44.837789, -0.57918","53.3493795, -6.2605593","1032.73","2025-03-31 07:00:00","2025-03-31 14:35:00","","130","Monday","morning","long","cheap","7444770331189290901"
"2024-11-21","2025-03-31","BOD","DUB","Dublin","https://www.kayak.fr/flights/BOD-DUB/2025-03-31?sort=price_a","07:00","14:40","520","104.0","False","BOD","DUB","N/A","N/A","N/A","","easyJet","Ryanair","Standard","44.837789, -0.57918","53.3493795, -6.2605593","1032.73","2025-03-31 07:00:00","2025-03-31 14:40:00","","130","Monday","morning","long","cheap","2503452073970797107"
"2024-11-21","2025-03-31","BOD","DUB","Dublin","https://www.kayak.fr/flights/BOD-DUB/2025-03-31?sort=price_a","23:00","07:05+1","545","105.0","False","BOD","DUB","N/A","N/A","N/A","","easyJet","Ryanair","Standard","44.837789, -0.57918","53.3493795, -6.2605593","1032.73","2025-03-31 23:00:00","2025-04-01 07:05:00","","130","Monday","night","long","cheap","2982800718101690398"
"2024-11-21","2025-03-31","BOD","DUB","Dublin","https://www.kayak.fr/flights/BOD-DUB/2025-03-31?sort=price_a","14:00","22:05","545","106.0","False","BOD","DUB","N/A","N/A","N/A","","easyJet","Ryanair","N/A","44.837789, -0.57918","53.3493795, -6.2605593","1032.73","2025-03-31 14:00:00","2025-03-31 22:05:00","","130","Monday","afternoon","long","cheap","1397622234811017067"
"2024-11-21","2025-03-31","BOD","DUB","Dublin","https://www.kayak.fr/flights/BOD-DUB/2025-03-31?sort=price_a","12:50","21:05","555","113.0","False","BOD","DUB","N/A","N/A","N/A","","easyJet","Ryanair","N/A","44.837789, -0.57918","53.3493795, -6.2605593","1032.73","2025-03-31 12:50:00","2025-03-31 21:05:00","","130","Monday","afternoon","long","standard","3179928596178652795"
"2024-11-21","2025-03-31","BOD","DUB","Dublin","https://www.kayak.fr/flights/BOD-DUB/2025-03-31?sort=price_a","11:50","16:40","350","114.0","False","BOD","DUB","N/A","N/A","N/A","","easyJet","Ryanair","N/A","44.837789, -0.57918","53.3493795, -6.2605593","1032.73","2025-03-31 11:50:00","2025-03-31 16:40:00","","130","Monday","morning","moyen","standard","4621534119768892798"
"2024-11-21","2025-03-31","BOD","DUB","Dublin","https://www.kayak.fr/flights/BOD-DUB/2025-03-31?sort=price_a","16:30","22:55","445","116.0","False","BOD","DUB","N/A","N/A","N/A","","easyJet","Ryanair","N/A","44.837789, -0.57918","53.3493795, -6.2605593","1032.73","2025-03-31 16:30:00","2025-03-31 22:55:00","","130","Monday","afternoon","long","standard","5266879686323938591"
"2024-11-21","2025-04-01","BOD","DUB","Dublin","https://www.kayak.fr/flights/BOD-DUB/2025-04-01?sort=price_a","20:00","13:05+1","1085","94.0","False","BOD","DUB","N/A","N/A","BCN","845.0","Vueling","Ryanair","Économique","44.837789, -0.57918","53.3493795, -6.2605593","1032.73","2025-04-01 20:00:00","2025-04-02 13:05:00","240.0","131","Tuesday","evening","long","cheap","2447957295453151000"
"2024-11-21","2025-04-01","BOD","DUB","Dublin","https://www.kayak.fr/flights/BOD-DUB/2025-04-01?sort=price_a","07:00","13:35","455","96.0","False","BOD","DUB","N/A","N/A","BCN","845.0","Vueling","Ryanair","Économique","44.837789, -0.57918","53.3493795, -6.2605593","1032.73","2025-04-01 07:00:00","2025-04-01 13:35:00","","131","Tuesday","morning","long","cheap","928678781998939175"
"2024-11-21","2025-04-01","BOD","DUB","Dublin","https://www.kayak.fr/flights/BOD-DUB/2025-04-01?sort=price_a","07:00","14:25","505","96.0","False","BOD","DUB","N/A","N/A","BCN","845.0","Vueling","Ryanair","Économique","44.837789, -0.57918","53.3493795, -6.2605593","1032.73","2025-04-01 07:00:00","2025-04-01 14:25:00","","131","Tuesday","morning","long","cheap","277746825252756160"
"2024-11-21","2025-04-01","BOD","DUB","Dublin","https://www.kayak.fr/flights/BOD-DUB/2025-04-01?sort=price_a","07:00","16:05","605","96.0","False","BOD","DUB","N/A","N/A","BCN","845.0","Vueling","Ryanair","N/A","44.837789, -0.57918","53.3493795, -6.2605593","1032.73","2025-04-01 07:00:00","2025-04-01 16:05:00","","131","Tuesday","morning","long","cheap","1009037138701865714"
"2024-11-21","2025-04-01","BOD","DUB","Dublin","https://www.kayak.fr/flights/BOD-DUB/2025-04-01?sort=price_a","07:00","17:55","715","96.0","False","BOD","DUB","N/A","N/A","N/A","","easyJet","Ryanair","N/A","44.837789, -0.57918","53.3493795, -6.2605593","1032.73","2025-04-01 07:00:00","2025-04-01 17:55:00","","131","Tuesday","morning","long","cheap","4492319740686052326"
"2024-11-21","2025-04-01","BOD","DUB","Dublin","https://www.kayak.fr/flights/BOD-DUB/2025-04-01?sort=price_a","07:00","20:20","860","96.0","False","BOD","DUB","N/A","N/A","BCN","845.0","Vueling","Ryanair","N/A","44.837789, -0.57918","53.3493795, -6.2605593","1032.73","2025-04-01 07:00:00","2025-04-01 20:20:00","15.0","131","Tuesday","morning","long","cheap","3668915394453247104"
"2024-11-21","2025-04-01","BOD","DUB","Dublin","https://www.kayak.fr/flights/BOD-DUB/2025-04-01?sort=price_a","07:00","19:00","780","98.0","False","BOD","DUB","N/A","N/A","N/A","","easyJet","Ryanair","N/A","44.837789, -0.57918","53.3493795, -6.2605593","1032.73","2025-04-01 07:00:00","2025-04-01 19:00:00","","131","Tuesday","morning","long","cheap","9039269388289582921"
"2024-11-21","2025-04-01","BOD","DUB","Dublin","https://www.kayak.fr/flights/BOD-DUB/2025-04-01?sort=price_a","07:00","20:25","865","98.0","False","BOD","DUB","N/A","N/A","N/A","","easyJet","Ryanair","N/A","44.837789, -0.57918","53.3493795, -6.2605593","1032.73","2025-04-01 07:00:00","2025-04-01 20:25:00","","131","Tuesday","morning","long","cheap","3537115793090542813"
"2024-11-21","2025-04-01","BOD","DUB","Dublin","https://www.kayak.fr/flights/BOD-DUB/2025-04-01?sort=price_a","13:40","21:20","520","103.0","False","BOD","DUB","N/A","N/A","N/A","","easyJet","Ryanair","Standard","44.837789, -0.57918","53.3493795, -6.2605593","1032.73","2025-04-01 13:40:00","2025-04-01 21:20:00","","131","Tuesday","afternoon","long","cheap","2005802606011437677"
"2024-11-21","2025-04-01","BOD","DUB","Dublin","https://www.kayak.fr/flights/BOD-DUB/2025-04-01?sort=price_a","10:25","23:05","820","104.0","False","BOD","DUB","N/A","N/A","N/A","","easyJet","Ryanair","Standard","44.837789, -0.57918","53.3493795, -6.2605593","1032.73","2025-04-01 10:25:00","2025-04-01 23:05:00","","131","Tuesday","morning","long","cheap","4501016957730671322"
"2024-11-21","2025-04-01","BOD","DUB","Dublin","https://www.kayak.fr/flights/BOD-DUB/2025-04-01?sort=price_a","20:00","09:10+1","850","104.0","False","BOD","DUB","N/A","N/A","N/A","","easyJet","Ryanair","Standard","44.837789, -0.57918","53.3493795, -6.2605593","1032.73","2025-04-01 20:00:00","2025-04-02 09:10:00","","131","Tuesday","evening","long","cheap","3358903915427801249"
"2024-11-21","2025-04-01","BOD","DUB","Dublin","https://www.kayak.fr/flights/BOD-DUB/2025-04-01?sort=price_a","18:40","09:35+1","955","120.0","False","BOD","DUB","N/A","N/A","N/A","","easyJet","Ryanair","N/A","44.837789, -0.57918","53.3493795, -6.2605593","1032.73","2025-04-01 18:40:00","2025-04-02 09:35:00","","131","Tuesday","evening","long","standard","8743922727090766551"
"2024-11-21","2025-04-01","BOD","DUB","Dublin","https://www.kayak.fr/flights/BOD-DUB/2025-04-01?sort=price_a","07:00","14:35","515","121.0","False","BOD","DUB","N/A","N/A","N/A","","easyJet","British Airways","N/A","44.837789, -0.57918","53.3493795, -6.2605593","1032.73","2025-04-01 07:00:00","2025-04-01 14:35:00","","131","Tuesday","morning","long","standard","5192803083946773528"
"2024-11-21","2025-04-01","BOD","DUB","Dublin","https://www.kayak.fr/flights/BOD-DUB/2025-04-01?sort=price_a","13:40","22:45","605","121.0","False","BOD","DUB","N/A","N/A","N/A","","easyJet","Ryanair","N/A","44.837789, -0.57918","53.3493795, -6.2605593","1032.73","2025-04-01 13:40:00","2025-04-01 22:45:00","","131","Tuesday","afternoon","long","standard","736898438104250759"
"2024-11-21","2025-04-01","BOD","DUB","Dublin","https://www.kayak.fr/flights/BOD-DUB/2025-04-01?sort=price_a","13:40","23:55","675","121.0","False","BOD","DUB","N/A","N/A","N/A","","Vueling","Ryanair","N/A","44.837789, -0.57918","53.3493795, -6.2605593","1032.73","2025-04-01 13:40:00","2025-04-01 23:55:00","","131","Tuesday","afternoon","long","standard","7779480023246737013"
"2024-11-21","2025-04-02","BOD","DUB","Dublin","https://www.kayak.fr/flights/BOD-DUB/2025-04-02?sort=price_a","17:30","09:10+1","1000","55.0","False","BOD","DUB","N/A","N/A","BCN","755.0","Vueling","N/A","Économique","44.837789, -0.57918","53.3493795, -6.2605593","1032.73","2025-04-02 17:30:00","2025-04-03 09:10:00","245.0","132","Wednesday","evening","long","cheap","2146780932712613994"
"2024-11-21","2025-04-02","BOD","DUB","Dublin","https://www.kayak.fr/flights/BOD-DUB/2025-04-02?sort=price_a","17:30","00:45+1","495","79.0","False","BOD","DUB","N/A","N/A","BCN","755.0","Vueling","N/A","Économique","44.837789, -0.57918","53.3493795, -6.2605593","1032.73","2025-04-02 17:30:00","2025-04-03 00:45:00","","132","Wednesday","evening","long","cheap","3791724861739806993"
"2024-11-21","2025-04-02","BOD","DUB","Dublin","https://www.kayak.fr/flights/BOD-DUB/2025-04-02?sort=price_a","20:45","07:35+1","710","85.0","False","BOD","DUB","N/A","N/A","BCN","755.0","Vueling","N/A","Économique","44.837789, -0.57918","53.3493795, -6.2605593","1032.73","2025-04-02 20:45:00","2025-04-03 07:35:00","","132","Wednesday","evening","long","cheap","2939460857756856001"
"2024-11-21","2025-04-02","BOD","DUB","Dublin","https://www.kayak.fr/flights/BOD-DUB/2025-04-02?sort=price_a","10:50","11:50","120","92.0","True","BOD","DUB","N/A","N/A","N/A","","Vueling","N/A","N/A","44.837789, -0.57918","53.3493795, -6.2605593","1032.73","2025-04-02 10:50:00","2025-04-02 11:50:00","","132","Wednesday","morning","court","cheap","1917295150834517581"
"2024-11-21","2025-04-02","BOD","DUB","Dublin","https://www.kayak.fr/flights/BOD-DUB/2025-04-02?sort=price_a","07:00","14:15","495","97.0","False","BOD","DUB","N/A","N/A","N/A","","easyJet","Ryanair","N/A","44.837789, -0.57918","53.3493795, -6.2605593","1032.73","2025-04-02 07:00:00","2025-04-02 14:15:00","","132","Wednesday","morning","long","cheap","8360285555818767947"
"2024-11-21","2025-04-02","BOD","DUB","Dublin","https://www.kayak.fr/flights/BOD-DUB/2025-04-02?sort=price_a","07:00","14:35","515","97.0","False","BOD","DUB","N/A","N/A","BCN","755.0","Vueling","N/A","N/A","44.837789, -0.57918","53.3493795, -6.2605593","1032.73","2025-04-02 07:00:00","2025-04-02 14:35:00","","132","Wednesday","morning","long","cheap","415992947848592849"
"2024-11-21","2025-04-02","BOD","DUB","Dublin","https://www.kayak.fr/flights/BOD-DUB/2025-04-02?sort=price_a","17:10","20:15","245","98.0","False","BOD","DUB","N/A","N/A","N/A","","KLM","N/A","N/A","44.837789, -0.57918","53.3493795, -6.2605593","1032.73","2025-04-02 17:10:00","2025-04-02 20:15:00","","132","Wednesday","evening","moyen","cheap","4735814008851214770"
"2024-11-21","2025-04-02","BOD","DUB","Dublin","https://www.kayak.fr/flights/BOD-DUB/2025-04-02?sort=price_a","06:30","10:25","295","98.0","False","BOD","DUB","N/A","N/A","N/A","","KLM","N/A","N/A","44.837789, -0.57918","53.3493795, -6.2605593","1032.73","2025-04-02 06:30:00","2025-04-02 10:25:00","","132","Wednesday","morning","moyen","cheap","8404838421758076582"
"2024-11-21","2025-04-02","BOD","DUB","Dublin","https://www.kayak.fr/flights/BOD-DUB/2025-04-02?sort=price_a","11:50","16:40","350","98.0","False","BOD","DUB","N/A","N/A","BCN","260.0","Vueling","Aer Lingus","Économique","44.837789, -0.57918","53.3493795, -6.2605593","1032.73","2025-04-02 11:50:00","2025-04-02 16:40:00","90.0","132","Wednesday","morning","moyen","cheap","6977853749892613541"
"2024-11-21","2025-04-02","BOD","DUB","Dublin","https://www.kayak.fr/flights/BOD-DUB/2025-04-02?sort=price_a","17:10","22:25","375","98.0","False","BOD","DUB","N/A","N/A","BCN","260.0","Vueling","Aer Lingus","Économique","44.837789, -0.57918","53.3493795, -6.2605593","1032.73","2025-04-02 17:10:00","2025-04-02 22:25:00","115.0","132","Wednesday","evening","long","cheap","7759269483532704666"
"2024-11-21","2025-04-02","BOD","DUB","Dublin","https://www.kayak.fr/flights/BOD-DUB/2025-04-02?sort=price_a","06:30","12:35","425","98.0","False","BOD","DUB","N/A","N/A","BCN","260.0","Vueling","Aer Lingus","Économique","44.837789, -0.57918","53.3493795, -6.2605593","1032.73","2025-04-02 06:30:00","2025-04-02 12:35:00","165.0","132","Wednesday","morning","long","cheap","1949413964275096499"
"2024-11-21","2025-04-02","BOD","DUB","Dublin","https://www.kayak.fr/flights/BOD-DUB/2025-04-02?sort=price_a","18:20","23:50","390","102.0","False","BOD","DUB","N/A","N/A","BCN","260.0","Vueling","Aer Lingus","N/A","44.837789, -0.57918","53.3493795, -6.2605593","1032.73","2025-04-02 18:20:00","2025-04-02 23:50:00","130.0","132","Wednesday","evening","long","cheap","3686352350887454046"
"2024-11-21","2025-04-02","BOD","DUB","Dublin","https://www.kayak.fr/flights/BOD-DUB/2025-04-02?sort=price_a","17:30","00:30+1","480","111.0","False","BOD","DUB","N/A","N/A","N/A","","Vueling","Ryanair","N/A","44.837789, -0.57918","53.3493795, -6.2605593","1032.73","2025-04-02 17:30:00","2025-04-03 00:30:00","","132","Wednesday","evening","long","cheap","3040559464500127797"
"2024-11-21","2025-04-02","BOD","DUB","Dublin","https://www.kayak.fr/flights/BOD-DUB/2025-04-02?sort=price_a","07:00","11:10","310","117.0","False","BOD","DUB","N/A","N/A","BCN","260.0","Vueling","Aer Lingus","N/A","44.837789, -0.57918","53.3493795, -6.2605593","1032.73","2025-04-02 07:00:00","2025-04-02 11:10:00","50.0","132","Wednesday","morning","moyen","standard","4296162553464681637"
"2024-11-21","2025-04-02","BOD","DUB","Dublin","https://www.kayak.fr/flights/BOD-DUB/2025-04-02?sort=price_a","07:00","14:30","510","117.0","False","BOD","DUB","N/A","N/A","N/A","","easyJet","Ryanair","N/A","44.837789, -0.57918","53.3493795, -6.2605593","1032.73","2025-04-02 07:00:00","2025-04-02 14:30:00","","132","Wednesday","morning","long","standard","917242157232996243"
"2024-11-21","2025-04-03","BOD","DUB","Dublin","https://www.kayak.fr/flights/BOD-DUB/2025-04-03?sort=price_a","20:00","09:10+1","850","76.0","False","BOD","DUB","N/A","N/A","BCN","605.0","Vueling","N/A","Économique","44.837789, -0.57918","53.3493795, -6.2605593","1032.73","2025-04-03 20:00:00","2025-04-04 09:10:00","245.0","133","Thursday","evening","long","cheap","5738999257569939932"
"2024-11-21","2025-04-03","BOD","DUB","Dublin","https://www.kayak.fr/flights/BOD-DUB/2025-04-03?sort=price_a","20:45","07:25+1","700","89.0","False","BOD","DUB","N/A","N/A","BCN","605.0","Vueling","N/A","Économique","44.837789, -0.57918","53.3493795, -6.2605593","1032.73","2025-04-03 20:45:00","2025-04-04 07:25:00","95.0","133","Thursday","evening","long","cheap","4770061261305583178"
"2024-11-21","2025-04-03","BOD","DUB","Dublin","https://www.kayak.fr/flights/BOD-DUB/2025-04-03?sort=price_a","07:00","13:50","470","96.0","False","BOD","DUB","N/A","N/A","BCN","605.0","Vueling","N/A","Économique","44.837789, -0.57918","53.3493795, -6.2605593","1032.73","2025-04-03 07:00:00","2025-04-03 13:50:00","","133","Thursday","morning","long","cheap","3715035876859984253"
"2024-11-21","2025-04-03","BOD","DUB","Dublin","https://www.kayak.fr/flights/BOD-DUB/2025-04-03?sort=price_a","17:10","20:15","245","98.0","False","BOD","DUB","N/A","N/A","BCN","605.0","Vueling","N/A","N/A","44.837789, -0.57918","53.3493795, -6.2605593","1032.73","2025-04-03 17:10:00","2025-04-03 20:15:00","","133","Thursday","evening","moyen","cheap","7934662463549160246"
"2024-11-21","2025-04-03","BOD","DUB","Dublin","https://www.kayak.fr/flights/BOD-DUB/2025-04-03?sort=price_a","06:30","10:25","295","98.0","False","BOD","DUB","N/A","N/A","N/A","","KLM","N/A","N/A","44.837789, -0.57918","53.3493795, -6.2605593","1032.73","2025-04-03 06:30:00","2025-04-03 10:25:00","","133","Thursday","morning","moyen","cheap","5808544992121514629"
"2024-11-21","2025-04-03","BOD","DUB","Dublin","https://www.kayak.fr/flights/BOD-DUB/2025-04-03?sort=price_a","11:50","16:40","350","98.0","False","BOD","DUB","N/A","N/A","BCN","605.0","Vueling","N/A","N/A","44.837789, -0.57918","53.3493795, -6.2605593","1032.73","2025-04-03 11:50:00","2025-04-03 16:40:00","","133","Thursday","morning","moyen","cheap","2898535617306826645"
"2024-11-21","2025-04-03","BOD","DUB","Dublin","https://www.kayak.fr/flights/BOD-DUB/2025-04-03?sort=price_a","17:10","22:25","375","98.0","False","BOD","DUB","N/A","N/A","N/A","","KLM","N/A","N/A","44.837789, -0.57918","53.3493795, -6.2605593","1032.73","2025-04-03 17:10:00","2025-04-03 22:25:00","","133","Thursday","evening","long","cheap","8036170206988065269"
"2024-11-21","2025-04-03","BOD","DUB","Dublin","https://www.kayak.fr/flights/BOD-DUB/2025-04-03?sort=price_a","06:30","12:35","425","98.0","False","BOD","DUB","N/A","N/A","N/A","","KLM","N/A","N/A","44.837789, -0.57918","53.3493795, -6.2605593","1032.73","2025-04-03 06:30:00","2025-04-03 12:35:00","","133","Thursday","morning","long","cheap","8114152087617568747"
"2024-11-21","2025-04-03","BOD","DUB","Dublin","https://www.kayak.fr/flights/BOD-DUB/2025-04-03?sort=price_a","11:50","20:15","565","98.0","False","BOD","DUB","N/A","N/A","N/A","","SNCF","Vueling","Économique","44.837789, -0.57918","53.3493795, -6.2605593","1032.73","2025-04-03 11:50:00","2025-04-03 20:15:00","","133","Thursday","morning","long","cheap","5604167924458428671"
"2024-11-21","2025-04-03","BOD","DUB","Dublin","https://www.kayak.fr/flights/BOD-DUB/2025-04-03?sort=price_a","06:30","16:40","670","98.0","False","BOD","DUB","N/A","N/A","N/A","","SNCF","Vueling","Économique","44.837789, -0.57918","53.3493795, -6.2605593","1032.73","2025-04-03 06:30:00","2025-04-03 16:40:00","","133","Thursday","morning","long","cheap","5380801857388350913"
"2024-11-21","2025-04-03","BOD","DUB","Dublin","https://www.kayak.fr/flights/BOD-DUB/2025-04-03?sort=price_a","11:50","22:25","695","98.0","False","BOD","DUB","N/A","N/A","N/A","","SNCF","Vueling","Économique","44.837789, -0.57918","53.3493795, -6.2605593","1032.73","2025-04-03 11:50:00","2025-04-03 22:25:00","","133","Thursday","morning","long","cheap","3032251375323997458"
"2024-11-21","2025-04-03","BOD","DUB","Dublin","https://www.kayak.fr/flights/BOD-DUB/2025-04-03?sort=price_a","13:45","00:45+1","720","99.0","False","BOD","DUB","N/A","N/A","N/A","","SNCF","Vueling","N/A","44.837789, -0.57918","53.3493795, -6.2605593","1032.73","2025-04-03 13:45:00","2025-04-04 00:45:00","","133","Thursday","afternoon","long","cheap","296985112006928008"
"2024-11-21","2025-04-03","BOD","DUB","Dublin","https://www.kayak.fr/flights/BOD-DUB/2025-04-03?sort=price_a","07:00","18:10","730","100.0","False","BOD","DUB","N/A","N/A","N/A","","easyJet","Ryanair","N/A","44.837789, -0.57918","53.3493795, -6.2605593","1032.73","2025-04-03 07:00:00","2025-04-03 18:10:00","","133","Thursday","morning","long","cheap","6781731091279440552"
"2024-11-21","2025-04-03","BOD","DUB","Dublin","https://www.kayak.fr/flights/BOD-DUB/2025-04-03?sort=price_a","06:30","20:15","885","100.0","False","BOD","DUB","N/A","N/A","N/A","","SNCF","Vueling","N/A","44.837789, -0.57918","53.3493795, -6.2605593","1032.73","2025-04-03 06:30:00","2025-04-03 20:15:00","","133","Thursday","morning","long","cheap","7164343103571103189"
"2024-11-21","2025-04-03","BOD","DUB","Dublin","https://www.kayak.fr/flights/BOD-DUB/2025-04-03?sort=price_a","17:10","08:20+1","970","100.0","False","BOD","DUB","N/A","N/A","N/A","","KLM","N/A","N/A","44.837789, -0.57918","53.3493795, -6.2605593","1032.73","2025-04-03 17:10:00","2025-04-04 08:20:00","","133","Thursday","evening","long","cheap","3722364465302138783"
"2024-11-21","2025-04-04","BOD","DUB","Dublin","https://www.kayak.fr/flights/BOD-DUB/2025-04-04?sort=price_a","17:10","00:10+1","480","94.0","False","BOD","DUB","N/A","N/A","N/A","","easyJet","Ryanair","Standard","44.837789, -0.57918","53.3493795, -6.2605593","1032.73","2025-04-04 17:10:00","2025-04-05 00:10:00","","134","Friday","evening","long","cheap","4269938662367827302"
"2024-11-21","2025-04-04","BOD","DUB","Dublin","https://www.kayak.fr/flights/BOD-DUB/2025-04-04?sort=price_a","10:50","11:50","120","105.0","True","BOD","DUB","N/A","N/A","N/A","","easyJet","Ryanair","Standard","44.837789, -0.57918","53.3493795, -6.2605593","1032.73","2025-04-04 10:50:00","2025-04-04 11:50:00","","134","Friday","morning","court","cheap","8603775497866333235"
"2024-11-21","2025-04-04","BOD","DUB","Dublin","https://www.kayak.fr/flights/BOD-DUB/2025-04-04?sort=price_a","11:50","16:40","350","108.0","False","BOD","DUB","N/A","N/A","N/A","","easyJet","Ryanair","Standard","44.837789, -0.57918","53.3493795, -6.2605593","1032.73","2025-04-04 11:50:00","2025-04-04 16:40:00","","134","Friday","morning","moyen","cheap","6299344345002276837"
"2024-11-21","2025-04-04","BOD","DUB","Dublin","https://www.kayak.fr/flights/BOD-DUB/2025-04-04?sort=price_a","17:10","22:20","370","133.0","False","BOD","DUB","N/A","N/A","N/A","","easyJet","Ryanair","N/A","44.837789, -0.57918","53.3493795, -6.2605593","1032.73","2025-04-04 17:10:00","2025-04-04 22:20:00","","134","Friday","evening","long","standard","7531596125428791555"
"2024-11-21","2025-04-04","BOD","DUB","Dublin","https://www.kayak.fr/flights/BOD-DUB/2025-04-04?sort=price_a","14:15","20:05","410","140.0","False","BOD","DUB","N/A","N/A","N/A","","easyJet","Ryanair","N/A","44.837789, -0.57918","53.3493795, -6.2605593","1032.73","2025-04-04 14:15:00","2025-04-04 20:05:00","","134","Friday","afternoon","long","standard","2524185800506408196"
"2024-11-21","2025-04-04","BOD","DUB","Dublin","https://www.kayak.fr/flights/BOD-DUB/2025-04-04?sort=price_a","15:25","22:55","510","143.0","False","BOD","DUB","N/A","N/A","N/A","","easyJet","Ryanair","N/A","44.837789, -0.57918","53.3493795, -6.2605593","1032.73","2025-04-04 15:25:00","2025-04-04 22:55:00","","134","Friday","afternoon","long","standard","817676192403267794"
"2024-11-21","2025-04-04","BOD","DUB","Dublin","https://www.kayak.fr/flights/BOD-DUB/2025-04-04?sort=price_a","07:00","14:35","515","143.0","False","BOD","DUB","N/A","N/A","N/A","","easyJet","Ryanair","N/A","44.837789, -0.57918","53.3493795, -6.2605593","1032.73","2025-04-04 07:00:00","2025-04-04 14:35:00","","134","Friday","morning","long","standard","4341761517261221563"
"2024-11-21","2025-04-04","BOD","DUB","Dublin","https://www.kayak.fr/flights/BOD-DUB/2025-04-04?sort=price_a","07:10","14:20","490","147.0","False","BOD","DUB","N/A","N/A","N/A","","easyJet","Ryanair","N/A","44.837789, -0.57918","53.3493795, -6.2605593","1032.73","2025-04-04 07:10:00","2025-04-04 14:20:00","","134","Friday","morning","long","standard","7277334726773474067"
"2024-11-21","2025-04-04","BOD","DUB","Dublin","https://www.kayak.fr/flights/BOD-DUB/2025-04-04?sort=price_a","07:00","15:15","555","152.0","False","BOD","DUB","N/A","N/A","N/A","","Aer Lingus","N/A","Saver","44.837789, -0.57918","53.3493795, -6.2605593","1032.73","2025-04-04 07:00:00","2025-04-04 15:15:00","","134","Friday","morning","long","standard","4379234969055844877"
"2024-11-21","2025-04-04","BOD","DUB","Dublin","https://www.kayak.fr/flights/BOD-DUB/2025-04-04?sort=price_a","12:30","18:05","395","154.0","False","BOD","DUB","N/A","N/A","N/A","","Aer Lingus","N/A","Saver","44.837789, -0.57918","53.3493795, -6.2605593","1032.73","2025-04-04 12:30:00","2025-04-04 18:05:00","","134","Friday","afternoon","long","standard","3494450878366444388"
"2024-11-21","2025-04-04","BOD","DUB","Dublin","https://www.kayak.fr/flights/BOD-DUB/2025-04-04?sort=price_a","09:05","16:55","530","157.0","False","BOD","DUB","N/A","N/A","N/A","","Aer Lingus","N/A","Saver","44.837789, -0.57918","53.3493795, -6.2605593","1032.73","2025-04-04 09:05:00","2025-04-04 16:55:00","","134","Friday","morning","long","high","6007563645100354097"
"2024-11-21","2025-04-04","BOD","DUB","Dublin","https://www.kayak.fr/flights/BOD-DUB/2025-04-04?sort=price_a","17:10","00:55+1","525","158.0","False","BOD","DUB","N/A","N/A","N/A","","Aer Lingus","N/A","N/A","44.837789, -0.57918","53.3493795, -6.2605593","1032.73","2025-04-04 17:10:00","2025-04-05 00:55:00","","134","Friday","evening","long","high","4151135987521014441"
"2024-11-21","2025-04-04","BOD","DUB","Dublin","https://www.kayak.fr/flights/BOD-DUB/2025-04-04?sort=price_a","07:00","13:25","445","159.0","False","BOD","DUB","N/A","N/A","N/A","","easyJet","Aer Lingus","N/A","44.837789, -0.57918","53.3493795, -6.2605593","1032.73","2025-04-04 07:00:00","2025-04-04 13:25:00","","134","Friday","morning","long","high","1147650959753303183"
"2024-11-21","2025-04-04","BOD","DUB","Dublin","https://www.kayak.fr/flights/BOD-DUB/2025-04-04?sort=price_a","07:00","14:50","530","159.0","False","BOD","DUB","N/A","N/A","N/A","","Aer Lingus","N/A","N/A","44.837789, -0.57918","53.3493795, -6.2605593","1032.73","2025-04-04 07:00:00","2025-04-04 14:50:00","","134","Friday","morning","long","high","6778028060804574563"
"2024-11-21","2025-04-04","BOD","DUB","Dublin","https://www.kayak.fr/flights/BOD-DUB/2025-04-04?sort=price_a","17:10","00:55+1","525","161.0","False","BOD","DUB","N/A","N/A","N/A","","easyJet","British Airways","N/A","44.837789, -0.57918","53.3493795, -6.2605593","1032.73","2025-04-04 17:10:00","2025-04-05 00:55:00","","134","Friday","evening","long","high","7422993752956079413"
"2024-11-21","2025-04-05","BOD","DUB","Dublin","https://www.kayak.fr/flights/BOD-DUB/2025-04-05?sort=price_a","17:10","22:25","375","98.0","False","BOD","DUB","N/A","N/A","AMS","170.0","KLM","N/A","Light","44.837789, -0.57918","53.3493795, -6.2605593","1032.73","2025-04-05 17:10:00","2025-04-05 22:25:00","205.0","135","Saturday","evening","long","cheap","6639439187389075601"
"2024-11-21","2025-04-05","BOD","DUB","Dublin","https://www.kayak.fr/flights/BOD-DUB/2025-04-05?sort=price_a","11:50","16:40","350","99.0","False","BOD","DUB","N/A","N/A","AMS","170.0","KLM","N/A","Light","44.837789, -0.57918","53.3493795, -6.2605593","1032.73","2025-04-05 11:50:00","2025-04-05 16:40:00","180.0","135","Saturday","morning","moyen","cheap","6034741301478111708"
"2024-11-21","2025-04-05","BOD","DUB","Dublin","https://www.kayak.fr/flights/BOD-DUB/2025-04-05?sort=price_a","06:30","16:40","670","100.0","False","BOD","DUB","N/A","N/A","AMS","170.0","KLM","N/A","Light","44.837789, -0.57918","53.3493795, -6.2605593","1032.73","2025-04-05 06:30:00","2025-04-05 16:40:00","500.0","135","Saturday","morning","long","cheap","2478636968865525608"
"2024-11-21","2025-04-05","BOD","DUB","Dublin","https://www.kayak.fr/flights/BOD-DUB/2025-04-05?sort=price_a","06:30","10:25","295","104.0","False","BOD","DUB","N/A","N/A","AMS","170.0","KLM","N/A","N/A","44.837789, -0.57918","53.3493795, -6.2605593","1032.73","2025-04-05 06:30:00","2025-04-05 10:25:00","125.0","135","Saturday","morning","moyen","cheap","3755037815468716563"
"2024-11-21","2025-04-05","BOD","DUB","Dublin","https://www.kayak.fr/flights/BOD-DUB/2025-04-05?sort=price_a","10:55","16:55","420","104.0","False","BOD","DUB","N/A","N/A","N/A","","Lufthansa","N/A","N/A","44.837789, -0.57918","53.3493795, -6.2605593","1032.73","2025-04-05 10:55:00","2025-04-05 16:55:00","","135","Saturday","morning","long","cheap","214312321964842113"
"2024-11-21","2025-04-05","BOD","DUB","Dublin","https://www.kayak.fr/flights/BOD-DUB/2025-04-05?sort=price_a","10:50","11:50","120","105.0","True","BOD","DUB","N/A","N/A","N/A","","KLM","N/A","N/A","44.837789, -0.57918","53.3493795, -6.2605593","1032.73","2025-04-05 10:50:00","2025-04-05 11:50:00","","135","Saturday","morning","court","cheap","2045146993824008998"
"2024-11-21","2025-04-05","BOD","DUB","Dublin","https://www.kayak.fr/flights/BOD-DUB/2025-04-05?sort=price_a","06:30","12:35","425","108.0","False","BOD","DUB","N/A","N/A","N/A","","KLM","N/A","N/A","44.837789, -0.57918","53.3493795, -6.2605593","1032.73","2025-04-05 06:30:00","2025-04-05 12:35:00","","135","Saturday","morning","long","cheap","5158302474182106592"
"2024-11-21","2025-04-05","BOD","DUB","Dublin","https://www.kayak.fr/flights/BOD-DUB/2025-04-05?sort=price_a","14:00","21:20","500","136.0","False","BOD","DUB","N/A","N/A","N/A","","Vueling","Ryanair","N/A","44.837789, -0.57918","53.3493795, -6.2605593","1032.73","2025-04-05 14:00:00","2025-04-05 21:20:00","","135","Saturday","afternoon","long","standard","4555355708509873405"
"2024-11-21","2025-04-05","BOD","DUB","Dublin","https://www.kayak.fr/flights/BOD-DUB/2025-04-05?sort=price_a","13:55","18:05","310","154.0","False","BOD","DUB","N/A","N/A","AMS","140.0","KLM","N/A","Light","44.837789, -0.57918","53.3493795, -6.2605593","1032.73","2025-04-05 13:55:00","2025-04-05 18:05:00","170.0","135","Saturday","afternoon","moyen","standard","2783204089567967529"
"2024-11-21","2025-04-05","BOD","DUB","Dublin","https://www.kayak.fr/flights/BOD-DUB/2025-04-05?sort=price_a","10:30","16:55","445","157.0","False","BOD","DUB","N/A","N/A","AMS","140.0","KLM","N/A","Light","44.837789, -0.57918","53.3493795, -6.2605593","1032.73","2025-04-05 10:30:00","2025-04-05 16:55:00","305.0","135","Saturday","morning","long","high","1588044166730902964"
"2024-11-21","2025-04-05","BOD","DUB","Dublin","https://www.kayak.fr/flights/BOD-DUB/2025-04-05?sort=price_a","06:35","14:35","540","175.0","False","BOD","DUB","N/A","N/A","AMS","140.0","KLM","N/A","Light","44.837789, -0.57918","53.3493795, -6.2605593","1032.73","2025-04-05 06:35:00","2025-04-05 14:35:00","400.0","135","Saturday","morning","long","high","802389096796809270"
"2024-11-21","2025-04-05","BOD","DUB","Dublin","https://www.kayak.fr/flights/BOD-DUB/2025-04-05?sort=price_a","06:35","13:45","490","182.0","False","BOD","DUB","N/A","N/A","AMS","140.0","KLM","N/A","N/A","44.837789, -0.57918","53.3493795, -6.2605593","1032.73","2025-04-05 06:35:00","2025-04-05 13:45:00","350.0","135","Saturday","morning","long","high","7182656367109771048"
"2024-11-21","2025-04-05","BOD","DUB","Dublin","https://www.kayak.fr/flights/BOD-DUB/2025-04-05?sort=price_a","08:05","15:00","475","184.0","False","BOD","DUB","N/A","N/A","N/A","","easyJet","Ryanair","N/A","44.837789, -0.57918","53.3493795, -6.2605593","1032.73","2025-04-05 08:05:00","2025-04-05 15:00:00","","135","Saturday","morning","long","high","3386819818418953525"
"2024-11-21","2025-04-05","BOD","DUB","Dublin","https://www.kayak.fr/flights/BOD-DUB/2025-04-05?sort=price_a","17:55","22:40","345","202.0","False","BOD","DUB","N/A","N/A","AMS","140.0","KLM","N/A","N/A","44.837789, -0.57918","53.3493795, -6.2605593","1032.73","2025-04-05 17:55:00","2025-04-05 22:40:00","205.0","135","Saturday","evening","moyen","high","7036942754012745375"
"2024-11-21","2025-04-05","BOD","DUB","Dublin","https://www.kayak.fr/flights/BOD-DUB/2025-04-05?sort=price_a","09:05","13:35","330","205.0","False","BOD","DUB","N/A","N/A","N/A","","Iberia","Ryanair","N/A","44.837789, -0.57918","53.3493795, -6.2605593","1032.73","2025-04-05 09:05:00","2025-04-05 13:35:00","","135","Saturday","morning","moyen","high","4932045543890172937"
"2024-11-21","2025-04-06","BOD","DUB","Dublin","https://www.kayak.fr/flights/BOD-DUB/2025-04-06?sort=price_a","17:55","18:55","120","103.0","True","BOD","DUB","N/A","N/A","N/A","","Aer Lingus","N/A","Saver","44.837789, -0.57918","53.3493795, -6.2605593","1032.73","2025-04-06 17:55:00","2025-04-06 18:55:00","","136","Sunday","evening","court","cheap","4612629266656399358"
"2024-11-21","2025-04-06","BOD","DUB","Dublin","https://www.kayak.fr/flights/BOD-DUB/2025-04-06?sort=price_a","17:10","20:15","245","120.0","False","BOD","DUB","N/A","N/A","N/A","","Aer Lingus","N/A","Saver","44.837789, -0.57918","53.3493795, -6.2605593","1032.73","2025-04-06 17:10:00","2025-04-06 20:15:00","","136","Sunday","evening","moyen","standard","1481052923422770699"
"2024-11-21","2025-04-06","BOD","DUB","Dublin","https://www.kayak.fr/flights/BOD-DUB/2025-04-06?sort=price_a","17:10","22:25","375","120.0","False","BOD","DUB","N/A","N/A","N/A","","Aer Lingus","N/A","Saver","44.837789, -0.57918","53.3493795, -6.2605593","1032.73","2025-04-06 17:10:00","2025-04-06 22:25:00","","136","Sunday","evening","long","standard","6866169498879295448"
"2024-11-21","2025-04-06","BOD","DUB","Dublin","https://www.kayak.fr/flights/BOD-DUB/2025-04-06?sort=price_a","14:10","18:25","315","145.0","False","BOD","DUB","N/A","N/A","N/A","","Aer Lingus","N/A","N/A","44.837789, -0.57918","53.3493795, -6.2605593","1032.73","2025-04-06 14:10:00","2025-04-06 18:25:00","","136","Sunday","afternoon","moyen","standard","5303316335730523470"
"2024-11-21","2025-04-06","BOD","DUB","Dublin","https://www.kayak.fr/flights/BOD-DUB/2025-04-06?sort=price_a","07:00","14:05","485","145.0","False","BOD","DUB","N/A","N/A","N/A","","easyJet","Ryanair","N/A","44.837789, -0.57918","53.3493795, -6.2605593","1032.73","2025-04-06 07:00:00","2025-04-06 14:05:00","","136","Sunday","morning","long","standard","8158746408302048493"
"2024-11-21","2025-04-06","BOD","DUB","Dublin","https://www.kayak.fr/flights/BOD-DUB/2025-04-06?sort=price_a","11:58","19:05","487","149.0","False","BOD","DUB","N/A","N/A","N/A","","Aer Lingus","N/A","N/A","44.837789, -0.57918","53.3493795, -6.2605593","1032.73","2025-04-06 11:58:00","2025-04-06 19:05:00","","136","Sunday","morning","long","standard","4890296791927440960"
"2024-11-21","2025-04-06","BOD","DUB","Dublin","https://www.kayak.fr/flights/BOD-DUB/2025-04-06?sort=price_a","06:30","12:35","425","166.0","False","BOD","DUB","N/A","N/A","N/A","","KLM","N/A","N/A","44.837789, -0.57918","53.3493795, -6.2605593","1032.73","2025-04-06 06:30:00","2025-04-06 12:35:00","","136","Sunday","morning","long","high","8679423358682449891"
"2024-11-21","2025-04-06","BOD","DUB","Dublin","https://www.kayak.fr/flights/BOD-DUB/2025-04-06?sort=price_a","14:20","22:25","545","171.0","False","BOD","DUB","N/A","N/A","N/A","","Vueling","Ryanair","N/A","44.837789, -0.57918","53.3493795, -6.2605593","1032.73","2025-04-06 14:20:00","2025-04-06 22:25:00","","136","Sunday","afternoon","long","high","469007208380269149"
"2024-11-21","2025-04-06","BOD","DUB","Dublin","https://www.kayak.fr/flights/BOD-DUB/2025-04-06?sort=price_a","10:30","16:55","445","173.0","False","BOD","DUB","N/A","N/A","AMS","40.0","KLM","N/A","Light","44.837789, -0.57918","53.3493795, -6.2605593","1032.73","2025-04-06 10:30:00","2025-04-06 16:55:00","405.0","136","Sunday","morning","long","high","1494259556698655804"
"2024-11-21","2025-04-06","BOD","DUB","Dublin","https://www.kayak.fr/flights/BOD-DUB/2025-04-06?sort=price_a","07:00","13:35","455","173.0","False","BOD","DUB","N/A","N/A","AMS","40.0","KLM","N/A","Light","44.837789, -0.57918","53.3493795, -6.2605593","1032.73","2025-04-06 07:00:00","2025-04-06 13:35:00","415.0","136","Sunday","morning","long","high","7787138603300499475"
"2024-11-21","2025-04-06","BOD","DUB","Dublin","https://www.kayak.fr/flights/BOD-DUB/2025-04-06?sort=price_a","14:10","22:10","540","177.0","False","BOD","DUB","N/A","N/A","AMS","40.0","KLM","N/A","Light","44.837789, -0.57918","53.3493795, -6.2605593","1032.73","2025-04-06 14:10:00","2025-04-06 22:10:00","500.0","136","Sunday","afternoon","long","high","3059257358830179975"
"2024-11-21","2025-04-06","BOD","DUB","Dublin","https://www.kayak.fr/flights/BOD-DUB/2025-04-06?sort=price_a","13:20","21:00","520","178.0","False","BOD","DUB","N/A","N/A","AMS","40.0","KLM","N/A","N/A","44.837789, -0.57918","53.3493795, -6.2605593","1032.73","2025-04-06 13:20:00","2025-04-06 21:00:00","480.0","136","Sunday","afternoon","long","high","3938752310377094474"
"2024-11-21","2025-04-06","BOD","DUB","Dublin","https://www.kayak.fr/flights/BOD-DUB/2025-04-06?sort=price_a","07:00","11:15","315","181.0","False","BOD","DUB","N/A","N/A","N/A","","easyJet","Ryanair","N/A","44.837789, -0.57918","53.3493795, -6.2605593","1032.73","2025-04-06 07:00:00","2025-04-06 11:15:00","","136","Sunday","morning","moyen","high","7417022685520417023"
"2024-11-21","2025-04-06","BOD","DUB","Dublin","https://www.kayak.fr/flights/BOD-DUB/2025-04-06?sort=price_a","09:00","16:55","535","183.0","False","BOD","DUB","N/A","N/A","AMS","40.0","KLM","N/A","N/A","44.837789, -0.57918","53.3493795, -6.2605593","1032.73","2025-04-06 09:00:00","2025-04-06 16:55:00","495.0","136","Sunday","morning","long","high","6083691620145272228"
"2024-11-21","2025-04-06","BOD","DUB","Dublin","https://www.kayak.fr/flights/BOD-DUB/2025-04-06?sort=price_a","15:30","21:15","405","184.0","False","BOD","DUB","N/A","N/A","N/A","","Transavia France","Aer Lingus","N/A","44.837789, -0.57918","53.3493795, -6.2605593","1032.73","2025-04-06 15:30:00","2025-04-06 21:15:00","","136","Sunday","afternoon","long","high","3366228690627207999"
"2024-11-21","2025-04-07","BOD","DUB","Dublin","https://www.kayak.fr/flights/BOD-DUB/2025-04-07?sort=price_a","18:15","09:10+1","955","56.0","False","BOD","DUB","N/A","N/A","BCN","710.0","Vueling","N/A","Économique","44.837789, -0.57918","53.3493795, -6.2605593","1032.73","2025-04-07 18:15:00","2025-04-08 09:10:00","245.0","137","Monday","evening","long","cheap","3125063773831416664"
"2024-11-21","2025-04-07","BOD","DUB","Dublin","https://www.kayak.fr/flights/BOD-DUB/2025-04-07?sort=price_a","23:00","07:05+1","545","86.0","False","BOD","DUB","N/A","N/A","BCN","710.0","Vueling","N/A","Économique","44.837789, -0.57918","53.3493795, -6.2605593","1032.73","2025-04-07 23:00:00","2025-04-08 07:05:00","","137","Monday","night","long","cheap","1116268124815956048"
"2024-11-21","2025-04-07","BOD","DUB","Dublin","https://www.kayak.fr/flights/BOD-DUB/2025-04-07?sort=price_a","10:55","16:55","420","104.0","False","BOD","DUB","N/A","N/A","BCN","710.0","Vueling","N/A","Économique","44.837789, -0.57918","53.3493795, -6.2605593","1032.73","2025-04-07 10:55:00","2025-04-07 16:55:00","","137","Monday","morning","long","cheap","4423740900358332870"
"2024-11-21","2025-04-07","BOD","DUB","Dublin","https://www.kayak.fr/flights/BOD-DUB/2025-04-07?sort=price_a","14:00","22:05","545","109.0","False","BOD","DUB","N/A","N/A","BCN","710.0","Vueling","N/A","N/A","44.837789, -0.57918","53.3493795, -6.2605593","1032.73","2025-04-07 14:00:00","2025-04-07 22:05:00","","137","Monday","afternoon","long","cheap","7586474204890667111"
"2024-11-21","2025-04-07","BOD","DUB","Dublin","https://www.kayak.fr/flights/BOD-DUB/2025-04-07?sort=price_a","16:30","23:10","460","111.0","False","BOD","DUB","N/A","N/A","N/A","","easyJet","Ryanair","N/A","44.837789, -0.57918","53.3493795, -6.2605593","1032.73","2025-04-07 16:30:00","2025-04-07 23:10:00","","137","Monday","afternoon","long","cheap","8353560699471368755"
"2024-11-21","2025-04-07","BOD","DUB","Dublin","https://www.kayak.fr/flights/BOD-DUB/2025-04-07?sort=price_a","16:30","22:05","395","117.0","False","BOD","DUB","N/A","N/A","BCN","710.0","Vueling","N/A","N/A","44.837789, -0.57918","53.3493795, -6.2605593","1032.73","2025-04-07 16:30:00","2025-04-07 22:05:00","","137","Monday","afternoon","long","standard","6118587833924557308"
"2024-11-21","2025-04-07","BOD","DUB","Dublin","https://www.kayak.fr/flights/BOD-DUB/2025-04-07?sort=price_a","15:30","22:55","505","122.0","False","BOD","DUB","N/A","N/A","N/A","","easyJet","Wizz Air Malta","N/A","44.837789, -0.57918","53.3493795, -6.2605593","1032.73","2025-04-07 15:30:00","2025-04-07 22:55:00","","137","Monday","afternoon","long","standard","2227104547446836458"
"2024-11-21","2025-04-07","BOD","DUB","Dublin","https://www.kayak.fr/flights/BOD-DUB/2025-04-07?sort=price_a","16:30","22:55","445","123.0","False","BOD","DUB","N/A","N/A","N/A","","easyJet","Ryanair","N/A","44.837789, -0.57918","53.3493795, -6.2605593","1032.73","2025-04-07 16:30:00","2025-04-07 22:55:00","","137","Monday","afternoon","long","standard","4295083857056666070"
"2024-11-21","2025-04-07","BOD","DUB","Dublin","https://www.kayak.fr/flights/BOD-DUB/2025-04-07?sort=price_a","16:30","23:20","470","124.0","False","BOD","DUB","N/A","N/A","BRS","380.0","easyJet","Ryanair","Standard","44.837789, -0.57918","53.3493795, -6.2605593","1032.73","2025-04-07 16:30:00","2025-04-07 23:20:00","90.0","137","Monday","afternoon","long","standard","8780897045560675658"
"2024-11-21","2025-04-07","BOD","DUB","Dublin","https://www.kayak.fr/flights/BOD-DUB/2025-04-07?sort=price_a","17:10","20:15","245","131.0","False","BOD","DUB","N/A","N/A","BRS","380.0","easyJet","Ryanair","Standard","44.837789, -0.57918","53.3493795, -6.2605593","1032.73","2025-04-07 17:10:00","2025-04-07 20:15:00","","137","Monday","evening","moyen","standard","1984907739647601633"
"2024-11-21","2025-04-07","BOD","DUB","Dublin","https://www.kayak.fr/flights/BOD-DUB/2025-04-07?sort=price_a","17:10","22:25","375","131.0","False","BOD","DUB","N/A","N/A","BRS","380.0","easyJet","Ryanair","Standard","44.837789, -0.57918","53.3493795, -6.2605593","1032.73","2025-04-07 17:10:00","2025-04-07 22:25:00","","137","Monday","evening","long","standard","2797317737367093058"
"2024-11-21","2025-04-07","BOD","DUB","Dublin","https://www.kayak.fr/flights/BOD-DUB/2025-04-07?sort=price_a","18:15","00:05+1","410","133.0","False","BOD","DUB","N/A","N/A","BRS","380.0","easyJet","Ryanair","N/A","44.837789, -0.57918","53.3493795, -6.2605593","1032.73","2025-04-07 18:15:00","2025-04-08 00:05:00","30.0","137","Monday","evening","long","standard","3299433232622504186"
"2024-11-21","2025-04-07","BOD","DUB","Dublin","https://www.kayak.fr/flights/BOD-DUB/2025-04-07?sort=price_a","14:00","19:00","360","137.0","False","BOD","DUB","N/A","N/A","N/A","","easyJet","Ryanair","N/A","44.837789, -0.57918","53.3493795, -6.2605593","1032.73","2025-04-07 14:00:00","2025-04-07 19:00:00","","137","Monday","afternoon","moyen","standard","8279760242785545247"
"2024-11-21","2025-04-07","BOD","DUB","Dublin","https://www.kayak.fr/flights/BOD-DUB/2025-04-07?sort=price_a","07:00","11:10","310","140.0","False","BOD","DUB","N/A","N/A","BRS","380.0","easyJet","Ryanair","N/A","44.837789, -0.57918","53.3493795, -6.2605593","1032.73","2025-04-07 07:00:00","2025-04-07 11:10:00","","137","Monday","morning","moyen","standard","414683491900332259"
"2024-11-21","2025-04-07","BOD","DUB","Dublin","https://www.kayak.fr/flights/BOD-DUB/2025-04-07?sort=price_a","13:15","18:05","350","142.0","False","BOD","DUB","N/A","N/A","N/A","","easyJet","Aer Lingus","N/A","44.837789, -0.57918","53.3493795, -6.2605593","1032.73","2025-04-07 13:15:00","2025-04-07 18:05:00","","137","Monday","afternoon","moyen","standard","3039566879520562297"
"2024-11-21","2025-04-08","BOD","DUB","Dublin","https://www.kayak.fr/flights/BOD-DUB/2025-04-08?sort=price_a","20:00","09:10+1","850","68.0","False","BOD","DUB","N/A","N/A","BCN","605.0","Vueling","N/A","Économique","44.837789, -0.57918","53.3493795, -6.2605593","1032.73","2025-04-08 20:00:00","2025-04-09 09:10:00","245.0","138","Tuesday","evening","long","cheap","5184688315461037673"
"2024-11-21","2025-04-08","BOD","DUB","Dublin","https://www.kayak.fr/flights/BOD-DUB/2025-04-08?sort=price_a","17:10","20:15","245","98.0","False","BOD","DUB","N/A","N/A","BCN","605.0","Vueling","N/A","Économique","44.837789, -0.57918","53.3493795, -6.2605593","1032.73","2025-04-08 17:10:00","2025-04-08 20:15:00","","138","Tuesday","evening","moyen","cheap","6094157301200783096"
"2024-11-21","2025-04-08","BOD","DUB","Dublin","https://www.kayak.fr/flights/BOD-DUB/2025-04-08?sort=price_a","11:50","16:40","350","98.0","False","BOD","DUB","N/A","N/A","BCN","605.0","Vueling","N/A","Économique","44.837789, -0.57918","53.3493795, -6.2605593","1032.73","2025-04-08 11:50:00","2025-04-08 16:40:00","","138","Tuesday","morning","moyen","cheap","6187804199324940314"
"2024-11-21","2025-04-08","BOD","DUB","Dublin","https://www.kayak.fr/flights/BOD-DUB/2025-04-08?sort=price_a","17:10","22:25","375","98.0","False","BOD","DUB","N/A","N/A","BCN","605.0","Vueling","N/A","N/A","44.837789, -0.57918","53.3493795, -6.2605593","1032.73","2025-04-08 17:10:00","2025-04-08 22:25:00","","138","Tuesday","evening","long","cheap","3576035132993406100"
"2024-11-21","2025-04-08","BOD","DUB","Dublin","https://www.kayak.fr/flights/BOD-DUB/2025-04-08?sort=price_a","11:50","20:15","565","98.0","False","BOD","DUB","N/A","N/A","N/A","","KLM","N/A","N/A","44.837789, -0.57918","53.3493795, -6.2605593","1032.73","2025-04-08 11:50:00","2025-04-08 20:15:00","","138","Tuesday","morning","long","cheap","7188619354812613181"
"2024-11-21","2025-04-08","BOD","DUB","Dublin","https://www.kayak.fr/flights/BOD-DUB/2025-04-08?sort=price_a","11:50","22:25","695","98.0","False","BOD","DUB","N/A","N/A","BCN","605.0","Vueling","N/A","N/A","44.837789, -0.57918","53.3493795, -6.2605593","1032.73","2025-04-08 11:50:00","2025-04-08 22:25:00","90.0","138","Tuesday","morning","long","cheap","7676018769691384036"
"2024-11-21","2025-04-08","BOD","DUB","Dublin","https://www.kayak.fr/flights/BOD-DUB/2025-04-08?sort=price_a","17:10","08:20+1","970","100.0","False","BOD","DUB","N/A","N/A","N/A","","KLM","N/A","N/A","44.837789, -0.57918","53.3493795, -6.2605593","1032.73","2025-04-08 17:10:00","2025-04-09 08:20:00","","138","Tuesday","evening","long","cheap","5683088326795310716"
"2024-11-21","2025-04-08","BOD","DUB","Dublin","https://www.kayak.fr/flights/BOD-DUB/2025-04-08?sort=price_a","06:30","20:15","885","106.0","False","BOD","DUB","N/A","N/A","N/A","","KLM","N/A","N/A","44.837789, -0.57918","53.3493795, -6.2605593","1032.73","2025-04-08 06:30:00","2025-04-08 20:15:00","","138","Tuesday","morning","long","cheap","4938733551012055652"
"2024-11-21","2025-04-08","BOD","DUB","Dublin","https://www.kayak.fr/flights/BOD-DUB/2025-04-08?sort=price_a","06:30","16:40","670","108.0","False","BOD","DUB","N/A","N/A","AMS","40.0","KLM","N/A","Light","44.837789, -0.57918","53.3493795, -6.2605593","1032.73","2025-04-08 06:30:00","2025-04-08 16:40:00","630.0","138","Tuesday","morning","long","cheap","2481522132309615410"
"2024-11-21","2025-04-08","BOD","DUB","Dublin","https://www.kayak.fr/flights/BOD-DUB/2025-04-08?sort=price_a","07:00","16:05","605","110.0","False","BOD","DUB","N/A","N/A","AMS","40.0","KLM","N/A","Light","44.837789, -0.57918","53.3493795, -6.2605593","1032.73","2025-04-08 07:00:00","2025-04-08 16:05:00","565.0","138","Tuesday","morning","long","cheap","423143432704526524"
"2024-11-21","2025-04-08","BOD","DUB","Dublin","https://www.kayak.fr/flights/BOD-DUB/2025-04-08?sort=price_a","07:00","17:55","715","110.0","False","BOD","DUB","N/A","N/A","AMS","40.0","KLM","N/A","Light","44.837789, -0.57918","53.3493795, -6.2605593","1032.73","2025-04-08 07:00:00","2025-04-08 17:55:00","675.0","138","Tuesday","morning","long","cheap","1491308505117783658"
"2024-11-21","2025-04-08","BOD","DUB","Dublin","https://www.kayak.fr/flights/BOD-DUB/2025-04-08?sort=price_a","07:00","14:35","515","113.0","False","BOD","DUB","N/A","N/A","AMS","40.0","KLM","N/A","N/A","44.837789, -0.57918","53.3493795, -6.2605593","1032.73","2025-04-08 07:00:00","2025-04-08 14:35:00","475.0","138","Tuesday","morning","long","standard","8434990061424289619"
"2024-11-21","2025-04-08","BOD","DUB","Dublin","https://www.kayak.fr/flights/BOD-DUB/2025-04-08?sort=price_a","07:00","19:00","780","113.0","False","BOD","DUB","N/A","N/A","N/A","","easyJet","Ryanair","N/A","44.837789, -0.57918","53.3493795, -6.2605593","1032.73","2025-04-08 07:00:00","2025-04-08 19:00:00","","138","Tuesday","morning","long","standard","5986891082144177076"
"2024-11-21","2025-04-08","BOD","DUB","Dublin","https://www.kayak.fr/flights/BOD-DUB/2025-04-08?sort=price_a","07:00","21:20","920","113.0","False","BOD","DUB","N/A","N/A","AMS","40.0","KLM","N/A","N/A","44.837789, -0.57918","53.3493795, -6.2605593","1032.73","2025-04-08 07:00:00","2025-04-08 21:20:00","880.0","138","Tuesday","morning","long","standard","1285952600454449830"
"2024-11-21","2025-04-08","BOD","DUB","Dublin","https://www.kayak.fr/flights/BOD-DUB/2025-04-08?sort=price_a","13:40","23:05","625","114.0","False","BOD","DUB","N/A","N/A","N/A","","Vueling","easyJet","N/A","44.837789, -0.57918","53.3493795, -6.2605593","1032.73","2025-04-08 13:40:00","2025-04-08 23:05:00","","138","Tuesday","afternoon","long","standard","1114002028062337889"
"2024-11-21","2025-04-09","BOD","DUB","Dublin","https://www.kayak.fr/flights/BOD-DUB/2025-04-09?sort=price_a","17:30","09:10+1","1000","57.0","False","BOD","DUB","N/A","N/A","BCN","755.0","Vueling","N/A","Économique","44.837789, -0.57918","53.3493795, -6.2605593","1032.73","2025-04-09 17:30:00","2025-04-10 09:10:00","245.0","139","Wednesday","evening","long","cheap","1712876506494309112"
"2024-11-21","2025-04-09","BOD","DUB","Dublin","https://www.kayak.fr/flights/BOD-DUB/2025-04-09?sort=price_a","17:30","00:45+1","495","83.0","False","BOD","DUB","N/A","N/A","BCN","755.0","Vueling","N/A","Économique","44.837789, -0.57918","53.3493795, -6.2605593","1032.73","2025-04-09 17:30:00","2025-04-10 00:45:00","","139","Wednesday","evening","long","cheap","3631939670972159204"
"2024-11-21","2025-04-09","BOD","DUB","Dublin","https://www.kayak.fr/flights/BOD-DUB/2025-04-09?sort=price_a","11:58","18:20","442","90.0","False","BOD","DUB","N/A","N/A","BCN","755.0","Vueling","N/A","Économique","44.837789, -0.57918","53.3493795, -6.2605593","1032.73","2025-04-09 11:58:00","2025-04-09 18:20:00","","139","Wednesday","morning","long","cheap","7987050231478863108"
"2024-11-21","2025-04-09","BOD","DUB","Dublin","https://www.kayak.fr/flights/BOD-DUB/2025-04-09?sort=price_a","10:25","18:20","535","90.0","False","BOD","DUB","N/A","N/A","BCN","755.0","Vueling","N/A","N/A","44.837789, -0.57918","53.3493795, -6.2605593","1032.73","2025-04-09 10:25:00","2025-04-09 18:20:00","","139","Wednesday","morning","long","cheap","2044442464268527029"
"2024-11-21","2025-04-09","BOD","DUB","Dublin","https://www.kayak.fr/flights/BOD-DUB/2025-04-09?sort=price_a","10:50","11:50","120","92.0","True","BOD","DUB","N/A","N/A","N/A","","Aer Lingus","N/A","N/A","44.837789, -0.57918","53.3493795, -6.2605593","1032.73","2025-04-09 10:50:00","2025-04-09 11:50:00","","139","Wednesday","morning","court","cheap","3566089210485497883"
"2024-11-21","2025-04-09","BOD","DUB","Dublin","https://www.kayak.fr/flights/BOD-DUB/2025-04-09?sort=price_a","17:10","20:15","245","98.0","False","BOD","DUB","N/A","N/A","BCN","755.0","Vueling","N/A","N/A","44.837789, -0.57918","53.3493795, -6.2605593","1032.73","2025-04-09 17:10:00","2025-04-09 20:15:00","","139","Wednesday","evening","moyen","cheap","8246323202930359235"
"2024-11-21","2025-04-09","BOD","DUB","Dublin","https://www.kayak.fr/flights/BOD-DUB/2025-04-09?sort=price_a","11:50","16:40","350","98.0","False","BOD","DUB","N/A","N/A","N/A","","KLM","N/A","N/A","44.837789, -0.57918","53.3493795, -6.2605593","1032.73","2025-04-09 11:50:00","2025-04-09 16:40:00","","139","Wednesday","morning","moyen","cheap","8302775570434352511"
"2024-11-21","2025-04-09","BOD","DUB","Dublin","https://www.kayak.fr/flights/BOD-DUB/2025-04-09?sort=price_a","17:10","22:25","375","98.0","False","BOD","DUB","N/A","N/A","N/A","","KLM","N/A","N/A","44.837789, -0.57918","53.3493795, -6.2605593","1032.73","2025-04-09 17:10:00","2025-04-09 22:25:00","","139","Wednesday","evening","long","cheap","4280102345164878264"
"2024-11-21","2025-04-09","BOD","DUB","Dublin","https://www.kayak.fr/flights/BOD-DUB/2025-04-09?sort=price_a","06:30","12:35","425","98.0","False","BOD","DUB","N/A","N/A","BCN","260.0","Vueling","Aer Lingus","Économique","44.837789, -0.57918","53.3493795, -6.2605593","1032.73","2025-04-09 06:30:00","2025-04-09 12:35:00","165.0","139","Wednesday","morning","long","cheap","9087906542702028107"
"2024-11-21","2025-04-09","BOD","DUB","Dublin","https://www.kayak.fr/flights/BOD-DUB/2025-04-09?sort=price_a","07:00","14:35","515","112.0","False","BOD","DUB","N/A","N/A","BCN","260.0","Vueling","Aer Lingus","Économique","44.837789, -0.57918","53.3493795, -6.2605593","1032.73","2025-04-09 07:00:00","2025-04-09 14:35:00","255.0","139","Wednesday","morning","long","standard","4634782068964403914"
"2024-11-21","2025-04-09","BOD","DUB","Dublin","https://www.kayak.fr/flights/BOD-DUB/2025-04-09?sort=price_a","17:30","00:30+1","480","113.0","False","BOD","DUB","N/A","N/A","BCN","260.0","Vueling","Aer Lingus","Économique","44.837789, -0.57918","53.3493795, -6.2605593","1032.73","2025-04-09 17:30:00","2025-04-10 00:30:00","220.0","139","Wednesday","evening","long","standard","8851762207275785507"
"2024-11-21","2025-04-09","BOD","DUB","Dublin","https://www.kayak.fr/flights/BOD-DUB/2025-04-09?sort=price_a","06:30","10:25","295","116.0","False","BOD","DUB","N/A","N/A","BCN","260.0","Vueling","Aer Lingus","N/A","44.837789, -0.57918","53.3493795, -6.2605593","1032.73","2025-04-09 06:30:00","2025-04-09 10:25:00","35.0","139","Wednesday","morning","moyen","standard","1481897057708363473"
"2024-11-21","2025-04-09","BOD","DUB","Dublin","https://www.kayak.fr/flights/BOD-DUB/2025-04-09?sort=price_a","07:00","11:10","310","124.0","False","BOD","DUB","N/A","N/A","N/A","","easyJet","Ryanair","N/A","44.837789, -0.57918","53.3493795, -6.2605593","1032.73","2025-04-09 07:00:00","2025-04-09 11:10:00","","139","Wednesday","morning","moyen","standard","535965047312550804"
"2024-11-21","2025-04-09","BOD","DUB","Dublin","https://www.kayak.fr/flights/BOD-DUB/2025-04-09?sort=price_a","07:00","14:30","510","124.0","False","BOD","DUB","N/A","N/A","BCN","260.0","Vueling","Aer Lingus","N/A","44.837789, -0.57918","53.3493795, -6.2605593","1032.73","2025-04-09 07:00:00","2025-04-09 14:30:00","250.0","139","Wednesday","morning","long","standard","7993850541820690201"
"2024-11-21","2025-04-09","BOD","DUB","Dublin","https://www.kayak.fr/flights/BOD-DUB/2025-04-09?sort=price_a","07:00","14:15","495","130.0","False","BOD","DUB","N/A","N/A","N/A","","easyJet","Ryanair","N/A","44.837789, -0.57918","53.3493795, -6.2605593","1032.73","2025-04-09 07:00:00","2025-04-09 14:15:00","","139","Wednesday","morning","long","standard","8494433824834775690"
"2024-11-21","2025-04-10","BOD","DUB","Dublin","https://www.kayak.fr/flights/BOD-DUB/2025-04-10?sort=price_a","20:00","09:10+1","850","88.0","False","BOD","DUB","N/A","N/A","BCN","605.0","Vueling","N/A","Économique","44.837789, -0.57918","53.3493795, -6.2605593","1032.73","2025-04-10 20:00:00","2025-04-11 09:10:00","245.0","140","Thursday","evening","long","cheap","6403993325202091542"
"2024-11-21","2025-04-10","BOD","DUB","Dublin","https://www.kayak.fr/flights/BOD-DUB/2025-04-10?sort=price_a","16:54","07:25+1","931","88.0","False","BOD","DUB","N/A","N/A","BCN","605.0","Vueling","N/A","Économique","44.837789, -0.57918","53.3493795, -6.2605593","1032.73","2025-04-10 16:54:00","2025-04-11 07:25:00","326.0","140","Thursday","afternoon","long","cheap","37502947415567803"
"2024-11-21","2025-04-10","BOD","DUB","Dublin","https://www.kayak.fr/flights/BOD-DUB/2025-04-10?sort=price_a","13:45","00:45+1","720","89.0","False","BOD","DUB","N/A","N/A","BCN","605.0","Vueling","N/A","Économique","44.837789, -0.57918","53.3493795, -6.2605593","1032.73","2025-04-10 13:45:00","2025-04-11 00:45:00","115.0","140","Thursday","afternoon","long","cheap","6601979478049669926"
"2024-11-21","2025-04-10","BOD","DUB","Dublin","https://www.kayak.fr/flights/BOD-DUB/2025-04-10?sort=price_a","07:00","14:30","510","96.0","False","BOD","DUB","N/A","N/A","BCN","605.0","Vueling","N/A","N/A","44.837789, -0.57918","53.3493795, -6.2605593","1032.73","2025-04-10 07:00:00","2025-04-10 14:30:00","","140","Thursday","morning","long","cheap","5775747475283294148"
"2024-11-21","2025-04-10","BOD","DUB","Dublin","https://www.kayak.fr/flights/BOD-DUB/2025-04-10?sort=price_a","11:50","20:15","565","98.0","False","BOD","DUB","N/A","N/A","N/A","","KLM","N/A","N/A","44.837789, -0.57918","53.3493795, -6.2605593","1032.73","2025-04-10 11:50:00","2025-04-10 20:15:00","","140","Thursday","morning","long","cheap","8429364229579702839"
"2024-11-21","2025-04-10","BOD","DUB","Dublin","https://www.kayak.fr/flights/BOD-DUB/2025-04-10?sort=price_a","17:10","20:15","245","99.0","False","BOD","DUB","N/A","N/A","BCN","605.0","Vueling","N/A","N/A","44.837789, -0.57918","53.3493795, -6.2605593","1032.73","2025-04-10 17:10:00","2025-04-10 20:15:00","","140","Thursday","evening","moyen","cheap","8897028748735486819"
"2024-11-21","2025-04-10","BOD","DUB","Dublin","https://www.kayak.fr/flights/BOD-DUB/2025-04-10?sort=price_a","07:00","18:10","730","100.0","False","BOD","DUB","N/A","N/A","N/A","","easyJet","Ryanair","N/A","44.837789, -0.57918","53.3493795, -6.2605593","1032.73","2025-04-10 07:00:00","2025-04-10 18:10:00","","140","Thursday","morning","long","cheap","4047856043723118761"
"2024-11-21","2025-04-10","BOD","DUB","Dublin","https://www.kayak.fr/flights/BOD-DUB/2025-04-10?sort=price_a","06:30","20:15","885","100.0","False","BOD","DUB","N/A","N/A","N/A","","KLM","N/A","N/A","44.837789, -0.57918","53.3493795, -6.2605593","1032.73","2025-04-10 06:30:00","2025-04-10 20:15:00","","140","Thursday","morning","long","cheap","1347385111417145559"
"2024-11-21","2025-04-10","BOD","DUB","Dublin","https://www.kayak.fr/flights/BOD-DUB/2025-04-10?sort=price_a","07:00","18:55","775","103.0","False","BOD","DUB","N/A","N/A","N/A","","SNCF","Vueling","Économique","44.837789, -0.57918","53.3493795, -6.2605593","1032.73","2025-04-10 07:00:00","2025-04-10 18:55:00","","140","Thursday","morning","long","cheap","5348684596305317609"
"2024-11-21","2025-04-10","BOD","DUB","Dublin","https://www.kayak.fr/flights/BOD-DUB/2025-04-10?sort=price_a","11:50","16:40","350","116.0","False","BOD","DUB","N/A","N/A","N/A","","SNCF","Vueling","Économique","44.837789, -0.57918","53.3493795, -6.2605593","1032.73","2025-04-10 11:50:00","2025-04-10 16:40:00","","140","Thursday","morning","moyen","standard","6003662580615273262"
"2024-11-21","2025-04-10","BOD","DUB","Dublin","https://www.kayak.fr/flights/BOD-DUB/2025-04-10?sort=price_a","07:00","16:15","615","116.0","False","BOD","DUB","N/A","N/A","N/A","","SNCF","Vueling","Économique","44.837789, -0.57918","53.3493795, -6.2605593","1032.73","2025-04-10 07:00:00","2025-04-10 16:15:00","","140","Thursday","morning","long","standard","2451802544220419945"
"2024-11-21","2025-04-10","BOD","DUB","Dublin","https://www.kayak.fr/flights/BOD-DUB/2025-04-10?sort=price_a","07:00","13:50","470","119.0","False","BOD","DUB","N/A","N/A","N/A","","SNCF","Vueling","N/A","44.837789, -0.57918","53.3493795, -6.2605593","1032.73","2025-04-10 07:00:00","2025-04-10 13:50:00","","140","Thursday","morning","long","standard","4159474282174901748"
"2024-11-21","2025-04-10","BOD","DUB","Dublin","https://www.kayak.fr/flights/BOD-DUB/2025-04-10?sort=price_a","07:00","19:10","790","119.0","False","BOD","DUB","N/A","N/A","N/A","","easyJet","Ryanair","N/A","44.837789, -0.57918","53.3493795, -6.2605593","1032.73","2025-04-10 07:00:00","2025-04-10 19:10:00","","140","Thursday","morning","long","standard","6799193494498493180"
"2024-11-21","2025-04-10","BOD","DUB","Dublin","https://www.kayak.fr/flights/BOD-DUB/2025-04-10?sort=price_a","13:45","22:45","600","120.0","False","BOD","DUB","N/A","N/A","N/A","","SNCF","Vueling","N/A","44.837789, -0.57918","53.3493795, -6.2605593","1032.73","2025-04-10 13:45:00","2025-04-10 22:45:00","","140","Thursday","afternoon","long","standard","529603040675728776"
"2024-11-21","2025-04-10","BOD","DUB","Dublin","https://www.kayak.fr/flights/BOD-DUB/2025-04-10?sort=price_a","06:30","16:40","670","120.0","False","BOD","DUB","N/A","N/A","N/A","","KLM","N/A","N/A","44.837789, -0.57918","53.3493795, -6.2605593","1032.73","2025-04-10 06:30:00","2025-04-10 16:40:00","","140","Thursday","morning","long","standard","8780850094774644171"
"2024-11-21","2025-04-11","BOD","DUB","Dublin","https://www.kayak.fr/flights/BOD-DUB/2025-04-11?sort=price_a","17:10","00:10+1","480","85.0","False","BOD","DUB","N/A","N/A","N/A","","easyJet","Ryanair","Standard","44.837789, -0.57918","53.3493795, -6.2605593","1032.73","2025-04-11 17:10:00","2025-04-12 00:10:00","","141","Friday","evening","long","cheap","5428850247539519080"
"2024-11-21","2025-04-11","BOD","DUB","Dublin","https://www.kayak.fr/flights/BOD-DUB/2025-04-11?sort=price_a","10:50","11:50","120","103.0","True","BOD","DUB","N/A","N/A","N/A","","easyJet","Ryanair","Standard","44.837789, -0.57918","53.3493795, -6.2605593","1032.73","2025-04-11 10:50:00","2025-04-11 11:50:00","","141","Friday","morning","court","cheap","9106686556107965951"
"2024-11-21","2025-04-11","BOD","DUB","Dublin","https://www.kayak.fr/flights/BOD-DUB/2025-04-11?sort=price_a","17:10","22:20","370","104.0","False","BOD","DUB","N/A","N/A","N/A","","easyJet","Ryanair","Standard","44.837789, -0.57918","53.3493795, -6.2605593","1032.73","2025-04-11 17:10:00","2025-04-11 22:20:00","","141","Friday","evening","long","cheap","2159153786366923155"
"2024-11-21","2025-04-11","BOD","DUB","Dublin","https://www.kayak.fr/flights/BOD-DUB/2025-04-11?sort=price_a","11:58","19:15","497","136.0","False","BOD","DUB","N/A","N/A","N/A","","easyJet","Ryanair","N/A","44.837789, -0.57918","53.3493795, -6.2605593","1032.73","2025-04-11 11:58:00","2025-04-11 19:15:00","","141","Friday","morning","long","standard","8934098881944181172"
"2024-11-21","2025-04-11","BOD","DUB","Dublin","https://www.kayak.fr/flights/BOD-DUB/2025-04-11?sort=price_a","07:00","15:15","555","145.0","False","BOD","DUB","N/A","N/A","N/A","","easyJet","Ryanair","N/A","44.837789, -0.57918","53.3493795, -6.2605593","1032.73","2025-04-11 07:00:00","2025-04-11 15:15:00","","141","Friday","morning","long","standard","5862271125818195092"
"2024-11-21","2025-04-11","BOD","DUB","Dublin","https://www.kayak.fr/flights/BOD-DUB/2025-04-11?sort=price_a","17:10","00:55+1","525","148.0","False","BOD","DUB","N/A","N/A","N/A","","easyJet","Ryanair","N/A","44.837789, -0.57918","53.3493795, -6.2605593","1032.73","2025-04-11 17:10:00","2025-04-12 00:55:00","","141","Friday","evening","long","standard","3289974454070735990"
"2024-11-21","2025-04-11","BOD","DUB","Dublin","https://www.kayak.fr/flights/BOD-DUB/2025-04-11?sort=price_a","12:30","18:05","395","153.0","False","BOD","DUB","N/A","N/A","N/A","","easyJet","Aer Lingus","N/A","44.837789, -0.57918","53.3493795, -6.2605593","1032.73","2025-04-11 12:30:00","2025-04-11 18:05:00","","141","Friday","afternoon","long","standard","5828047947491136226"
"2024-11-21","2025-04-11","BOD","DUB","Dublin","https://www.kayak.fr/flights/BOD-DUB/2025-04-11?sort=price_a","17:10","00:55+1","525","156.0","False","BOD","DUB","N/A","N/A","N/A","","easyJet","British Airways","N/A","44.837789, -0.57918","53.3493795, -6.2605593","1032.73","2025-04-11 17:10:00","2025-04-12 00:55:00","","141","Friday","evening","long","high","3289974454070735990"
"2024-11-21","2025-04-11","BOD","DUB","Dublin","https://www.kayak.fr/flights/BOD-DUB/2025-04-11?sort=price_a","09:05","16:55","530","157.0","False","BOD","DUB","N/A","N/A","N/A","","Aer Lingus","N/A","Saver","44.837789, -0.57918","53.3493795, -6.2605593","1032.73","2025-04-11 09:05:00","2025-04-11 16:55:00","","141","Friday","morning","long","high","8466681496921155965"
"2024-11-21","2025-04-11","BOD","DUB","Dublin","https://www.kayak.fr/flights/BOD-DUB/2025-04-11?sort=price_a","07:00","13:45","465","160.0","False","BOD","DUB","N/A","N/A","N/A","","Aer Lingus","N/A","Saver","44.837789, -0.57918","53.3493795, -6.2605593","1032.73","2025-04-11 07:00:00","2025-04-11 13:45:00","","141","Friday","morning","long","high","3761476154005316329"
"2024-11-21","2025-04-11","BOD","DUB","Dublin","https://www.kayak.fr/flights/BOD-DUB/2025-04-11?sort=price_a","14:15","20:05","410","161.0","False","BOD","DUB","N/A","N/A","N/A","","Aer Lingus","N/A","Saver","44.837789, -0.57918","53.3493795, -6.2605593","1032.73","2025-04-11 14:15:00","2025-04-11 20:05:00","","141","Friday","afternoon","long","high","9206793563096000366"
"2024-11-21","2025-04-11","BOD","DUB","Dublin","https://www.kayak.fr/flights/BOD-DUB/2025-04-11?sort=price_a","15:25","22:55","510","166.0","False","BOD","DUB","N/A","N/A","N/A","","Aer Lingus","N/A","N/A","44.837789, -0.57918","53.3493795, -6.2605593","1032.73","2025-04-11 15:25:00","2025-04-11 22:55:00","","141","Friday","afternoon","long","high","886128715498376393"
"2024-11-21","2025-04-11","BOD","DUB","Dublin","https://www.kayak.fr/flights/BOD-DUB/2025-04-11?sort=price_a","11:50","18:00","430","169.0","False","BOD","DUB","N/A","N/A","N/A","","easyJet","SWISS","N/A","44.837789, -0.57918","53.3493795, -6.2605593","1032.73","2025-04-11 11:50:00","2025-04-11 18:00:00","","141","Friday","morning","long","high","3154066086323704214"
"2024-11-21","2025-04-11","BOD","DUB","Dublin","https://www.kayak.fr/flights/BOD-DUB/2025-04-11?sort=price_a","17:10","23:30","440","169.0","False","BOD","DUB","N/A","N/A","N/A","","Aer Lingus","N/A","N/A","44.837789, -0.57918","53.3493795, -6.2605593","1032.73","2025-04-11 17:10:00","2025-04-11 23:30:00","","141","Friday","evening","long","high","2997290630765460689"
"2024-11-21","2025-04-11","BOD","DUB","Dublin","https://www.kayak.fr/flights/BOD-DUB/2025-04-11?sort=price_a","11:50","19:35","525","172.0","False","BOD","DUB","N/A","N/A","N/A","","easyJet","Ryanair","N/A","44.837789, -0.57918","53.3493795, -6.2605593","1032.73","2025-04-11 11:50:00","2025-04-11 19:35:00","","141","Friday","morning","long","high","5629582493514301758"
"2024-11-21","2025-04-12","BOD","DUB","Dublin","https://www.kayak.fr/flights/BOD-DUB/2025-04-12?sort=price_a","17:10","22:25","375","98.0","False","BOD","DUB","N/A","N/A","AMS","170.0","KLM","N/A","Light","44.837789, -0.57918","53.3493795, -6.2605593","1032.73","2025-04-12 17:10:00","2025-04-12 22:25:00","205.0","142","Saturday","evening","long","cheap","2527248211276155904"
"2024-11-21","2025-04-12","BOD","DUB","Dublin","https://www.kayak.fr/flights/BOD-DUB/2025-04-12?sort=price_a","17:10","08:20+1","970","100.0","False","BOD","DUB","N/A","N/A","AMS","170.0","KLM","N/A","Light","44.837789, -0.57918","53.3493795, -6.2605593","1032.73","2025-04-12 17:10:00","2025-04-13 08:20:00","800.0","142","Saturday","evening","long","cheap","7696854506305420991"
"2024-11-21","2025-04-12","BOD","DUB","Dublin","https://www.kayak.fr/flights/BOD-DUB/2025-04-12?sort=price_a","10:50","11:50","120","103.0","True","BOD","DUB","N/A","N/A","N/A","","KLM","N/A","Light","44.837789, -0.57918","53.3493795, -6.2605593","1032.73","2025-04-12 10:50:00","2025-04-12 11:50:00","","142","Saturday","morning","court","cheap","5511112650499999802"
"2024-11-21","2025-04-12","BOD","DUB","Dublin","https://www.kayak.fr/flights/BOD-DUB/2025-04-12?sort=price_a","06:30","12:35","425","127.0","False","BOD","DUB","N/A","N/A","AMS","170.0","KLM","N/A","N/A","44.837789, -0.57918","53.3493795, -6.2605593","1032.73","2025-04-12 06:30:00","2025-04-12 12:35:00","255.0","142","Saturday","morning","long","standard","4529456133289283709"
"2024-11-21","2025-04-12","BOD","DUB","Dublin","https://www.kayak.fr/flights/BOD-DUB/2025-04-12?sort=price_a","16:00","22:40","460","145.0","False","BOD","DUB","N/A","N/A","N/A","","Air France","N/A","N/A","44.837789, -0.57918","53.3493795, -6.2605593","1032.73","2025-04-12 16:00:00","2025-04-12 22:40:00","","142","Saturday","afternoon","long","standard","4470127146269694426"
"2024-11-21","2025-04-12","BOD","DUB","Dublin","https://www.kayak.fr/flights/BOD-DUB/2025-04-12?sort=price_a","13:55","18:05","310","154.0","False","BOD","DUB","N/A","N/A","AMS","170.0","KLM","N/A","N/A","44.837789, -0.57918","53.3493795, -6.2605593","1032.73","2025-04-12 13:55:00","2025-04-12 18:05:00","140.0","142","Saturday","afternoon","moyen","standard","8985552635521024734"
"2024-11-21","2025-04-12","BOD","DUB","Dublin","https://www.kayak.fr/flights/BOD-DUB/2025-04-12?sort=price_a","10:40","00:05+1","865","155.0","False","BOD","DUB","N/A","N/A","N/A","","SNCF","TAP AIR PORTUGAL","N/A","44.837789, -0.57918","53.3493795, -6.2605593","1032.73","2025-04-12 10:40:00","2025-04-13 00:05:00","","142","Saturday","morning","long","high","5757428186049822264"
"2024-11-21","2025-04-12","BOD","DUB","Dublin","https://www.kayak.fr/flights/BOD-DUB/2025-04-12?sort=price_a","06:30","10:25","295","170.0","False","BOD","DUB","N/A","N/A","N/A","","KLM","N/A","N/A","44.837789, -0.57918","53.3493795, -6.2605593","1032.73","2025-04-12 06:30:00","2025-04-12 10:25:00","","142","Saturday","morning","moyen","high","197082133014858445"
"2024-11-21","2025-04-12","BOD","DUB","Dublin","https://www.kayak.fr/flights/BOD-DUB/2025-04-12?sort=price_a","10:30","16:55","445","176.0","False","BOD","DUB","N/A","N/A","AMS","765.0","KLM","N/A","Light","44.837789, -0.57918","53.3493795, -6.2605593","1032.73","2025-04-12 10:30:00","2025-04-12 16:55:00","","142","Saturday","morning","long","high","6587906442699237306"
"2024-11-21","2025-04-12","BOD","DUB","Dublin","https://www.kayak.fr/flights/BOD-DUB/2025-04-12?sort=price_a","17:55","22:40","345","178.0","False","BOD","DUB","N/A","N/A","AMS","765.0","KLM","N/A","Light","44.837789, -0.57918","53.3493795, -6.2605593","1032.73","2025-04-12 17:55:00","2025-04-12 22:40:00","","142","Saturday","evening","moyen","high","7114967090547575516"
"2024-11-21","2025-04-12","BOD","DUB","Dublin","https://www.kayak.fr/flights/BOD-DUB/2025-04-12?sort=price_a","06:35","14:35","540","178.0","False","BOD","DUB","N/A","N/A","AMS","765.0","KLM","N/A","Light","44.837789, -0.57918","53.3493795, -6.2605593","1032.73","2025-04-12 06:35:00","2025-04-12 14:35:00","","142","Saturday","morning","long","high","8827707904985121239"
"2024-11-21","2025-04-12","BOD","DUB","Dublin","https://www.kayak.fr/flights/BOD-DUB/2025-04-12?sort=price_a","06:35","13:45","490","182.0","False","BOD","DUB","N/A","N/A","AMS","765.0","KLM","N/A","N/A","44.837789, -0.57918","53.3493795, -6.2605593","1032.73","2025-04-12 06:35:00","2025-04-12 13:45:00","","142","Saturday","morning","long","high","9200484857697329663"
"2024-11-21","2025-04-12","BOD","DUB","Dublin","https://www.kayak.fr/flights/BOD-DUB/2025-04-12?sort=price_a","11:50","16:40","350","195.0","False","BOD","DUB","N/A","N/A","N/A","","KLM","N/A","N/A","44.837789, -0.57918","53.3493795, -6.2605593","1032.73","2025-04-12 11:50:00","2025-04-12 16:40:00","","142","Saturday","morning","moyen","high","1396520117595316684"
"2024-11-21","2025-04-12","BOD","DUB","Dublin","https://www.kayak.fr/flights/BOD-DUB/2025-04-12?sort=price_a","16:00","22:25","445","198.0","False","BOD","DUB","N/A","N/A","AMS","765.0","KLM","N/A","N/A","44.837789, -0.57918","53.3493795, -6.2605593","1032.73","2025-04-12 16:00:00","2025-04-12 22:25:00","","142","Saturday","afternoon","long","high","400277584252874528"
"2024-11-21","2025-04-12","BOD","DUB","Dublin","https://www.kayak.fr/flights/BOD-DUB/2025-04-12?sort=price_a","12:10","16:55","345","202.0","False","BOD","DUB","N/A","N/A","N/A","","Air France","N/A","N/A","44.837789, -0.57918","53.3493795, -6.2605593","1032.73","2025-04-12 12:10:00","2025-04-12 16:55:00","","142","Saturday","afternoon","moyen","high","7572533288692644531"
"2024-11-21","2025-04-13","BOD","DUB","Dublin","https://www.kayak.fr/flights/BOD-DUB/2025-04-13?sort=price_a","17:55","18:55","120","103.0","True","BOD","DUB","N/A","N/A","N/A","","Aer Lingus","N/A","Saver","44.837789, -0.57918","53.3493795, -6.2605593","1032.73","2025-04-13 17:55:00","2025-04-13 18:55:00","","143","Sunday","evening","court","cheap","3434788411701018935"
"2024-11-21","2025-04-13","BOD","DUB","Dublin","https://www.kayak.fr/flights/BOD-DUB/2025-04-13?sort=price_a","20:00","09:10+1","850","103.0","False","BOD","DUB","N/A","N/A","N/A","","Aer Lingus","N/A","Saver","44.837789, -0.57918","53.3493795, -6.2605593","1032.73","2025-04-13 20:00:00","2025-04-14 09:10:00","","143","Sunday","evening","long","cheap","4241786987863408635"
"2024-11-21","2025-04-13","BOD","DUB","Dublin","https://www.kayak.fr/flights/BOD-DUB/2025-04-13?sort=price_a","07:00","14:05","485","133.0","False","BOD","DUB","N/A","N/A","N/A","","Aer Lingus","N/A","Saver","44.837789, -0.57918","53.3493795, -6.2605593","1032.73","2025-04-13 07:00:00","2025-04-13 14:05:00","","143","Sunday","morning","long","standard","188984103400916421"
"2024-11-21","2025-04-13","BOD","DUB","Dublin","https://www.kayak.fr/flights/BOD-DUB/2025-04-13?sort=price_a","08:38","19:05","687","138.0","False","BOD","DUB","N/A","N/A","N/A","","Aer Lingus","N/A","N/A","44.837789, -0.57918","53.3493795, -6.2605593","1032.73","2025-04-13 08:38:00","2025-04-13 19:05:00","","143","Sunday","morning","long","standard","8416058097706766596"
"2024-11-21","2025-04-13","BOD","DUB","Dublin","https://www.kayak.fr/flights/BOD-DUB/2025-04-13?sort=price_a","16:25","00:05+1","520","153.0","False","BOD","DUB","N/A","N/A","N/A","","easyJet","TAP AIR PORTUGAL","N/A","44.837789, -0.57918","53.3493795, -6.2605593","1032.73","2025-04-13 16:25:00","2025-04-14 00:05:00","","143","Sunday","afternoon","long","standard","8232244336754902532"
"2024-11-21","2025-04-13","BOD","DUB","Dublin","https://www.kayak.fr/flights/BOD-DUB/2025-04-13?sort=price_a","10:30","16:55","445","157.0","False","BOD","DUB","N/A","N/A","N/A","","Aer Lingus","N/A","N/A","44.837789, -0.57918","53.3493795, -6.2605593","1032.73","2025-04-13 10:30:00","2025-04-13 16:55:00","","143","Sunday","morning","long","high","762937652731992274"
"2024-11-21","2025-04-13","BOD","DUB","Dublin","https://www.kayak.fr/flights/BOD-DUB/2025-04-13?sort=price_a","12:55","21:00","545","157.0","False","BOD","DUB","N/A","N/A","N/A","","Vueling","easyJet","N/A","44.837789, -0.57918","53.3493795, -6.2605593","1032.73","2025-04-13 12:55:00","2025-04-13 21:00:00","","143","Sunday","afternoon","long","high","4848712804259533088"
"2024-11-21","2025-04-13","BOD","DUB","Dublin","https://www.kayak.fr/flights/BOD-DUB/2025-04-13?sort=price_a","07:00","11:15","315","158.0","False","BOD","DUB","N/A","N/A","N/A","","easyJet","Ryanair","N/A","44.837789, -0.57918","53.3493795, -6.2605593","1032.73","2025-04-13 07:00:00","2025-04-13 11:15:00","","143","Sunday","morning","moyen","high","1890297675937574532"
"2024-11-21","2025-04-13","BOD","DUB","Dublin","https://www.kayak.fr/flights/BOD-DUB/2025-04-13?sort=price_a","07:00","13:35","455","160.0","False","BOD","DUB","N/A","N/A","BCN","605.0","Vueling","N/A","Économique","44.837789, -0.57918","53.3493795, -6.2605593","1032.73","2025-04-13 07:00:00","2025-04-13 13:35:00","","143","Sunday","morning","long","high","1264538998332185228"
"2024-11-21","2025-04-13","BOD","DUB","Dublin","https://www.kayak.fr/flights/BOD-DUB/2025-04-13?sort=price_a","15:40","22:50","490","166.0","False","BOD","DUB","N/A","N/A","BCN","605.0","Vueling","N/A","Économique","44.837789, -0.57918","53.3493795, -6.2605593","1032.73","2025-04-13 15:40:00","2025-04-13 22:50:00","","143","Sunday","afternoon","long","high","1339247669290702336"
"2024-11-21","2025-04-13","BOD","DUB","Dublin","https://www.kayak.fr/flights/BOD-DUB/2025-04-13?sort=price_a","17:10","22:25","375","170.0","False","BOD","DUB","N/A","N/A","BCN","605.0","Vueling","N/A","Économique","44.837789, -0.57918","53.3493795, -6.2605593","1032.73","2025-04-13 17:10:00","2025-04-13 22:25:00","","143","Sunday","evening","long","high","8877697997953083260"
"2024-11-21","2025-04-13","BOD","DUB","Dublin","https://www.kayak.fr/flights/BOD-DUB/2025-04-13?sort=price_a","06:55","12:25","390","170.0","False","BOD","DUB","N/A","N/A","BCN","605.0","Vueling","N/A","N/A","44.837789, -0.57918","53.3493795, -6.2605593","1032.73","2025-04-13 06:55:00","2025-04-13 12:25:00","","143","Sunday","morning","long","high","3082657101100922285"
"2024-11-21","2025-04-13","BOD","DUB","Dublin","https://www.kayak.fr/flights/BOD-DUB/2025-04-13?sort=price_a","07:00","14:50","530","171.0","False","BOD","DUB","N/A","N/A","N/A","","easyJet","Aer Lingus","N/A","44.837789, -0.57918","53.3493795, -6.2605593","1032.73","2025-04-13 07:00:00","2025-04-13 14:50:00","","143","Sunday","morning","long","high","8384750981088996567"
"2024-11-21","2025-04-13","BOD","DUB","Dublin","https://www.kayak.fr/flights/BOD-DUB/2025-04-13?sort=price_a","19:25","00:45+1","380","179.0","False","BOD","DUB","N/A","N/A","BCN","605.0","Vueling","N/A","N/A","44.837789, -0.57918","53.3493795, -6.2605593","1032.73","2025-04-13 19:25:00","2025-04-14 00:45:00","","143","Sunday","evening","long","high","164791218607458177"
"2024-11-21","2025-04-13","BOD","DUB","Dublin","https://www.kayak.fr/flights/BOD-DUB/2025-04-13?sort=price_a","14:10","22:10","540","179.0","False","BOD","DUB","N/A","N/A","N/A","","easyJet","Lufthansa","N/A","44.837789, -0.57918","53.3493795, -6.2605593","1032.73","2025-04-13 14:10:00","2025-04-13 22:10:00","","143","Sunday","afternoon","long","high","4204228020317506565"
"2024-11-21","2025-04-14","BOD","DUB","Dublin","https://www.kayak.fr/flights/BOD-DUB/2025-04-14?sort=price_a","18:15","09:10+1","955","76.0","False","BOD","DUB","N/A","N/A","BCN","710.0","Vueling","N/A","Économique","44.837789, -0.57918","53.3493795, -6.2605593","1032.73","2025-04-14 18:15:00","2025-04-15 09:10:00","245.0","144","Monday","evening","long","cheap","3435659619200210149"
"2024-11-21","2025-04-14","BOD","DUB","Dublin","https://www.kayak.fr/flights/BOD-DUB/2025-04-14?sort=price_a","06:30","12:35","425","104.0","False","BOD","DUB","N/A","N/A","BCN","710.0","Vueling","N/A","Économique","44.837789, -0.57918","53.3493795, -6.2605593","1032.73","2025-04-14 06:30:00","2025-04-14 12:35:00","","144","Monday","morning","long","cheap","4244382017575968396"
"2024-11-21","2025-04-14","BOD","DUB","Dublin","https://www.kayak.fr/flights/BOD-DUB/2025-04-14?sort=price_a","07:00","11:10","310","107.0","False","BOD","DUB","N/A","N/A","BCN","710.0","Vueling","N/A","Économique","44.837789, -0.57918","53.3493795, -6.2605593","1032.73","2025-04-14 07:00:00","2025-04-14 11:10:00","","144","Monday","morning","moyen","cheap","6908705592643462622"
"2024-11-21","2025-04-14","BOD","DUB","Dublin","https://www.kayak.fr/flights/BOD-DUB/2025-04-14?sort=price_a","06:30","10:25","295","108.0","False","BOD","DUB","N/A","N/A","BCN","710.0","Vueling","N/A","N/A","44.837789, -0.57918","53.3493795, -6.2605593","1032.73","2025-04-14 06:30:00","2025-04-14 10:25:00","","144","Monday","morning","moyen","cheap","4322999778628384728"
"2024-11-21","2025-04-14","BOD","DUB","Dublin","https://www.kayak.fr/flights/BOD-DUB/2025-04-14?sort=price_a","16:30","22:05","395","115.0","False","BOD","DUB","N/A","N/A","N/A","","easyJet","Ryanair","N/A","44.837789, -0.57918","53.3493795, -6.2605593","1032.73","2025-04-14 16:30:00","2025-04-14 22:05:00","","144","Monday","afternoon","long","standard","3900808259756566997"
"2024-11-21","2025-04-14","BOD","DUB","Dublin","https://www.kayak.fr/flights/BOD-DUB/2025-04-14?sort=price_a","13:35","20:50","495","115.0","False","BOD","DUB","N/A","N/A","BCN","710.0","Vueling","N/A","N/A","44.837789, -0.57918","53.3493795, -6.2605593","1032.73","2025-04-14 13:35:00","2025-04-14 20:50:00","","144","Monday","afternoon","long","standard","512184367472225853"
"2024-11-21","2025-04-14","BOD","DUB","Dublin","https://www.kayak.fr/flights/BOD-DUB/2025-04-14?sort=price_a","17:10","20:15","245","116.0","False","BOD","DUB","N/A","N/A","N/A","","KLM","N/A","N/A","44.837789, -0.57918","53.3493795, -6.2605593","1032.73","2025-04-14 17:10:00","2025-04-14 20:15:00","","144","Monday","evening","moyen","standard","9005290200227880313"
"2024-11-21","2025-04-14","BOD","DUB","Dublin","https://www.kayak.fr/flights/BOD-DUB/2025-04-14?sort=price_a","16:30","23:10","460","116.0","False","BOD","DUB","N/A","N/A","N/A","","easyJet","Ryanair","N/A","44.837789, -0.57918","53.3493795, -6.2605593","1032.73","2025-04-14 16:30:00","2025-04-14 23:10:00","","144","Monday","afternoon","long","standard","3289544535235126620"
"2024-11-21","2025-04-14","BOD","DUB","Dublin","https://www.kayak.fr/flights/BOD-DUB/2025-04-14?sort=price_a","16:30","23:20","470","116.0","False","BOD","DUB","N/A","N/A","AMS","220.0","KLM","N/A","Light","44.837789, -0.57918","53.3493795, -6.2605593","1032.73","2025-04-14 16:30:00","2025-04-14 23:20:00","250.0","144","Monday","afternoon","long","standard","2906488679505458950"
"2024-11-21","2025-04-14","BOD","DUB","Dublin","https://www.kayak.fr/flights/BOD-DUB/2025-04-14?sort=price_a","07:00","14:40","520","117.0","False","BOD","DUB","N/A","N/A","AMS","220.0","KLM","N/A","Light","44.837789, -0.57918","53.3493795, -6.2605593","1032.73","2025-04-14 07:00:00","2025-04-14 14:40:00","300.0","144","Monday","morning","long","standard","7082600388176835527"
"2024-11-21","2025-04-14","BOD","DUB","Dublin","https://www.kayak.fr/flights/BOD-DUB/2025-04-14?sort=price_a","11:50","16:40","350","120.0","False","BOD","DUB","N/A","N/A","AMS","220.0","KLM","N/A","Light","44.837789, -0.57918","53.3493795, -6.2605593","1032.73","2025-04-14 11:50:00","2025-04-14 16:40:00","130.0","144","Monday","morning","moyen","standard","8425897987116383909"
"2024-11-21","2025-04-14","BOD","DUB","Dublin","https://www.kayak.fr/flights/BOD-DUB/2025-04-14?sort=price_a","17:10","22:25","375","120.0","False","BOD","DUB","N/A","N/A","AMS","220.0","KLM","N/A","N/A","44.837789, -0.57918","53.3493795, -6.2605593","1032.73","2025-04-14 17:10:00","2025-04-14 22:25:00","155.0","144","Monday","evening","long","standard","915511514830532968"
"2024-11-21","2025-04-14","BOD","DUB","Dublin","https://www.kayak.fr/flights/BOD-DUB/2025-04-14?sort=price_a","07:00","14:05","485","124.0","False","BOD","DUB","N/A","N/A","N/A","","easyJet","Ryanair","N/A","44.837789, -0.57918","53.3493795, -6.2605593","1032.73","2025-04-14 07:00:00","2025-04-14 14:05:00","","144","Monday","morning","long","standard","2560452123003257679"
"2024-11-21","2025-04-14","BOD","DUB","Dublin","https://www.kayak.fr/flights/BOD-DUB/2025-04-14?sort=price_a","16:30","22:55","445","128.0","False","BOD","DUB","N/A","N/A","AMS","220.0","KLM","N/A","N/A","44.837789, -0.57918","53.3493795, -6.2605593","1032.73","2025-04-14 16:30:00","2025-04-14 22:55:00","225.0","144","Monday","afternoon","long","standard","3066322768389021043"
"2024-11-21","2025-04-14","BOD","DUB","Dublin","https://www.kayak.fr/flights/BOD-DUB/2025-04-14?sort=price_a","23:00","07:05+1","545","130.0","False","BOD","DUB","N/A","N/A","N/A","","easyJet","Ryanair","N/A","44.837789, -0.57918","53.3493795, -6.2605593","1032.73","2025-04-14 23:00:00","2025-04-15 07:05:00","","144","Monday","night","long","standard","7343060832948005882"
"2024-11-21","2025-04-15","BOD","DUB","Dublin","https://www.kayak.fr/flights/BOD-DUB/2025-04-15?sort=price_a","20:00","09:10+1","850","89.0","False","BOD","DUB","N/A","N/A","BCN","605.0","Vueling","N/A","Économique","44.837789, -0.57918","53.3493795, -6.2605593","1032.73","2025-04-15 20:00:00","2025-04-16 09:10:00","245.0","145","Tuesday","evening","long","cheap","5315137259551836447"
"2024-11-21","2025-04-15","BOD","DUB","Dublin","https://www.kayak.fr/flights/BOD-DUB/2025-04-15?sort=price_a","07:00","13:35","455","96.0","False","BOD","DUB","N/A","N/A","BCN","605.0","Vueling","N/A","Économique","44.837789, -0.57918","53.3493795, -6.2605593","1032.73","2025-04-15 07:00:00","2025-04-15 13:35:00","","145","Tuesday","morning","long","cheap","1076116900115744473"
"2024-11-21","2025-04-15","BOD","DUB","Dublin","https://www.kayak.fr/flights/BOD-DUB/2025-04-15?sort=price_a","07:00","14:25","505","96.0","False","BOD","DUB","N/A","N/A","BCN","605.0","Vueling","N/A","Économique","44.837789, -0.57918","53.3493795, -6.2605593","1032.73","2025-04-15 07:00:00","2025-04-15 14:25:00","","145","Tuesday","morning","long","cheap","6059616803046377144"
"2024-11-21","2025-04-15","BOD","DUB","Dublin","https://www.kayak.fr/flights/BOD-DUB/2025-04-15?sort=price_a","07:00","16:05","605","96.0","False","BOD","DUB","N/A","N/A","BCN","605.0","Vueling","N/A","N/A","44.837789, -0.57918","53.3493795, -6.2605593","1032.73","2025-04-15 07:00:00","2025-04-15 16:05:00","0.0","145","Tuesday","morning","long","cheap","6880436874437753903"
"2024-11-21","2025-04-15","BOD","DUB","Dublin","https://www.kayak.fr/flights/BOD-DUB/2025-04-15?sort=price_a","07:00","17:55","715","96.0","False","BOD","DUB","N/A","N/A","N/A","","easyJet","Ryanair","N/A","44.837789, -0.57918","53.3493795, -6.2605593","1032.73","2025-04-15 07:00:00","2025-04-15 17:55:00","","145","Tuesday","morning","long","cheap","1989858625833799161"
"2024-11-21","2025-04-15","BOD","DUB","Dublin","https://www.kayak.fr/flights/BOD-DUB/2025-04-15?sort=price_a","07:00","20:20","860","96.0","False","BOD","DUB","N/A","N/A","BCN","605.0","Vueling","N/A","N/A","44.837789, -0.57918","53.3493795, -6.2605593","1032.73","2025-04-15 07:00:00","2025-04-15 20:20:00","255.0","145","Tuesday","morning","long","cheap","6023093378924017856"
"2024-11-21","2025-04-15","BOD","DUB","Dublin","https://www.kayak.fr/flights/BOD-DUB/2025-04-15?sort=price_a","07:00","11:05","305","98.0","False","BOD","DUB","N/A","N/A","N/A","","easyJet","Ryanair","N/A","44.837789, -0.57918","53.3493795, -6.2605593","1032.73","2025-04-15 07:00:00","2025-04-15 11:05:00","","145","Tuesday","morning","moyen","cheap","2163497227015742596"
"2024-11-21","2025-04-15","BOD","DUB","Dublin","https://www.kayak.fr/flights/BOD-DUB/2025-04-15?sort=price_a","07:00","20:25","865","98.0","False","BOD","DUB","N/A","N/A","N/A","","easyJet","Ryanair","N/A","44.837789, -0.57918","53.3493795, -6.2605593","1032.73","2025-04-15 07:00:00","2025-04-15 20:25:00","","145","Tuesday","morning","long","cheap","2373456728968349984"
"2024-11-21","2025-04-15","BOD","DUB","Dublin","https://www.kayak.fr/flights/BOD-DUB/2025-04-15?sort=price_a","07:00","21:20","920","98.0","False","BOD","DUB","N/A","N/A","N/A","","easyJet","Ryanair","Standard","44.837789, -0.57918","53.3493795, -6.2605593","1032.73","2025-04-15 07:00:00","2025-04-15 21:20:00","","145","Tuesday","morning","long","cheap","5898520860778747599"
"2024-11-21","2025-04-15","BOD","DUB","Dublin","https://www.kayak.fr/flights/BOD-DUB/2025-04-15?sort=price_a","07:00","14:35","515","116.0","False","BOD","DUB","N/A","N/A","N/A","","easyJet","Ryanair","Standard","44.837789, -0.57918","53.3493795, -6.2605593","1032.73","2025-04-15 07:00:00","2025-04-15 14:35:00","","145","Tuesday","morning","long","standard","926696719807395937"
"2024-11-21","2025-04-15","BOD","DUB","Dublin","https://www.kayak.fr/flights/BOD-DUB/2025-04-15?sort=price_a","07:15","19:05","770","116.0","False","BOD","DUB","N/A","N/A","N/A","","easyJet","Ryanair","Standard","44.837789, -0.57918","53.3493795, -6.2605593","1032.73","2025-04-15 07:15:00","2025-04-15 19:05:00","","145","Tuesday","morning","long","standard","3697217032928433302"
"2024-11-21","2025-04-15","BOD","DUB","Dublin","https://www.kayak.fr/flights/BOD-DUB/2025-04-15?sort=price_a","07:00","19:00","780","116.0","False","BOD","DUB","N/A","N/A","N/A","","easyJet","Ryanair","N/A","44.837789, -0.57918","53.3493795, -6.2605593","1032.73","2025-04-15 07:00:00","2025-04-15 19:00:00","","145","Tuesday","morning","long","standard","6510234336136581346"
"2024-11-21","2025-04-15","BOD","DUB","Dublin","https://www.kayak.fr/flights/BOD-DUB/2025-04-15?sort=price_a","17:10","08:20+1","970","121.0","False","BOD","DUB","N/A","N/A","N/A","","KLM","N/A","N/A","44.837789, -0.57918","53.3493795, -6.2605593","1032.73","2025-04-15 17:10:00","2025-04-16 08:20:00","","145","Tuesday","evening","long","standard","3983814412914890811"
"2024-11-21","2025-04-15","BOD","DUB","Dublin","https://www.kayak.fr/flights/BOD-DUB/2025-04-15?sort=price_a","17:10","20:15","245","122.0","False","BOD","DUB","N/A","N/A","N/A","","easyJet","Ryanair","N/A","44.837789, -0.57918","53.3493795, -6.2605593","1032.73","2025-04-15 17:10:00","2025-04-15 20:15:00","","145","Tuesday","evening","moyen","standard","5553332512903888750"
"2024-11-21","2025-04-15","BOD","DUB","Dublin","https://www.kayak.fr/flights/BOD-DUB/2025-04-15?sort=price_a","18:50","08:10+1","860","122.0","False","BOD","DUB","N/A","N/A","N/A","","Lufthansa","N/A","N/A","44.837789, -0.57918","53.3493795, -6.2605593","1032.73","2025-04-15 18:50:00","2025-04-16 08:10:00","","145","Tuesday","evening","long","standard","3808540692246352131"
"2024-11-21","2025-04-16","BOD","DUB","Dublin","https://www.kayak.fr/flights/BOD-DUB/2025-04-16?sort=price_a","10:50","11:50","120","92.0","True","BOD","DUB","N/A","N/A","N/A","","Aer Lingus","N/A","Saver","44.837789, -0.57918","53.3493795, -6.2605593","1032.73","2025-04-16 10:50:00","2025-04-16 11:50:00","","146","Wednesday","morning","court","cheap","5906068634796551015"
"2024-11-21","2025-04-16","BOD","DUB","Dublin","https://www.kayak.fr/flights/BOD-DUB/2025-04-16?sort=price_a","17:10","20:15","245","98.0","False","BOD","DUB","N/A","N/A","N/A","","Aer Lingus","N/A","Saver","44.837789, -0.57918","53.3493795, -6.2605593","1032.73","2025-04-16 17:10:00","2025-04-16 20:15:00","","146","Wednesday","evening","moyen","cheap","5471144604426198473"
"2024-11-21","2025-04-16","BOD","DUB","Dublin","https://www.kayak.fr/flights/BOD-DUB/2025-04-16?sort=price_a","11:58","18:20","442","100.0","False","BOD","DUB","N/A","N/A","N/A","","Aer Lingus","N/A","Saver","44.837789, -0.57918","53.3493795, -6.2605593","1032.73","2025-04-16 11:58:00","2025-04-16 18:20:00","","146","Wednesday","morning","long","cheap","6905021646120329900"
"2024-11-21","2025-04-16","BOD","DUB","Dublin","https://www.kayak.fr/flights/BOD-DUB/2025-04-16?sort=price_a","10:55","16:55","420","104.0","False","BOD","DUB","N/A","N/A","N/A","","Aer Lingus","N/A","N/A","44.837789, -0.57918","53.3493795, -6.2605593","1032.73","2025-04-16 10:55:00","2025-04-16 16:55:00","","146","Wednesday","morning","long","cheap","7847183092561920216"
"2024-11-21","2025-04-16","BOD","DUB","Dublin","https://www.kayak.fr/flights/BOD-DUB/2025-04-16?sort=price_a","17:10","22:25","375","120.0","False","BOD","DUB","N/A","N/A","N/A","","KLM","N/A","N/A","44.837789, -0.57918","53.3493795, -6.2605593","1032.73","2025-04-16 17:10:00","2025-04-16 22:25:00","","146","Wednesday","evening","long","standard","3179825194122179745"
"2024-11-21","2025-04-16","BOD","DUB","Dublin","https://www.kayak.fr/flights/BOD-DUB/2025-04-16?sort=price_a","07:00","14:35","515","122.0","False","BOD","DUB","N/A","N/A","N/A","","Aer Lingus","N/A","N/A","44.837789, -0.57918","53.3493795, -6.2605593","1032.73","2025-04-16 07:00:00","2025-04-16 14:35:00","","146","Wednesday","morning","long","standard","6048731747885560348"
"2024-11-21","2025-04-16","BOD","DUB","Dublin","https://www.kayak.fr/flights/BOD-DUB/2025-04-16?sort=price_a","07:00","14:15","495","132.0","False","BOD","DUB","N/A","N/A","N/A","","easyJet","Ryanair","N/A","44.837789, -0.57918","53.3493795, -6.2605593","1032.73","2025-04-16 07:00:00","2025-04-16 14:15:00","","146","Wednesday","morning","long","standard","1374888117623954374"
"2024-11-21","2025-04-16","BOD","DUB","Dublin","https://www.kayak.fr/flights/BOD-DUB/2025-04-16?sort=price_a","11:25","18:05","460","142.0","False","BOD","DUB","N/A","N/A","N/A","","easyJet","Aer Lingus","N/A","44.837789, -0.57918","53.3493795, -6.2605593","1032.73","2025-04-16 11:25:00","2025-04-16 18:05:00","","146","Wednesday","morning","long","standard","4576618014439420799"
"2024-11-21","2025-04-16","BOD","DUB","Dublin","https://www.kayak.fr/flights/BOD-DUB/2025-04-16?sort=price_a","07:00","13:25","445","146.0","False","BOD","DUB","N/A","N/A","AMS","40.0","KLM","N/A","Light","44.837789, -0.57918","53.3493795, -6.2605593","1032.73","2025-04-16 07:00:00","2025-04-16 13:25:00","405.0","146","Wednesday","morning","long","standard","1989849849208293975"
"2024-11-21","2025-04-16","BOD","DUB","Dublin","https://www.kayak.fr/flights/BOD-DUB/2025-04-16?sort=price_a","07:00","15:00","540","146.0","False","BOD","DUB","N/A","N/A","AMS","40.0","KLM","N/A","Light","44.837789, -0.57918","53.3493795, -6.2605593","1032.73","2025-04-16 07:00:00","2025-04-16 15:00:00","500.0","146","Wednesday","morning","long","standard","2821613238005622107"
"2024-11-21","2025-04-16","BOD","DUB","Dublin","https://www.kayak.fr/flights/BOD-DUB/2025-04-16?sort=price_a","07:00","11:10","310","147.0","False","BOD","DUB","N/A","N/A","AMS","40.0","KLM","N/A","Light","44.837789, -0.57918","53.3493795, -6.2605593","1032.73","2025-04-16 07:00:00","2025-04-16 11:10:00","270.0","146","Wednesday","morning","moyen","standard","8807079863816709428"
"2024-11-21","2025-04-16","BOD","DUB","Dublin","https://www.kayak.fr/flights/BOD-DUB/2025-04-16?sort=price_a","07:00","14:45","525","151.0","False","BOD","DUB","N/A","N/A","AMS","40.0","KLM","N/A","N/A","44.837789, -0.57918","53.3493795, -6.2605593","1032.73","2025-04-16 07:00:00","2025-04-16 14:45:00","485.0","146","Wednesday","morning","long","standard","4584299360372087730"
"2024-11-21","2025-04-16","BOD","DUB","Dublin","https://www.kayak.fr/flights/BOD-DUB/2025-04-16?sort=price_a","08:50","16:55","545","157.0","False","BOD","DUB","N/A","N/A","N/A","","easyJet","Lufthansa","N/A","44.837789, -0.57918","53.3493795, -6.2605593","1032.73","2025-04-16 08:50:00","2025-04-16 16:55:00","","146","Wednesday","morning","long","high","8439484854996947979"
"2024-11-21","2025-04-16","BOD","DUB","Dublin","https://www.kayak.fr/flights/BOD-DUB/2025-04-16?sort=price_a","07:00","15:15","555","158.0","False","BOD","DUB","N/A","N/A","AMS","40.0","KLM","N/A","N/A","44.837789, -0.57918","53.3493795, -6.2605593","1032.73","2025-04-16 07:00:00","2025-04-16 15:15:00","515.0","146","Wednesday","morning","long","high","1764261418513400228"
"2024-11-21","2025-04-16","BOD","DUB","Dublin","https://www.kayak.fr/flights/BOD-DUB/2025-04-16?sort=price_a","07:00","14:50","530","159.0","False","BOD","DUB","N/A","N/A","N/A","","easyJet","Aer Lingus","N/A","44.837789, -0.57918","53.3493795, -6.2605593","1032.73","2025-04-16 07:00:00","2025-04-16 14:50:00","","146","Wednesday","morning","long","high","7870849118897944148"
"2024-11-21","2025-04-17","BOD","DUB","Dublin","https://www.kayak.fr/flights/BOD-DUB/2025-04-17?sort=price_a","20:00","09:10+1","850","109.0","False","BOD","DUB","N/A","N/A","BCN","605.0","Vueling","N/A","Économique","44.837789, -0.57918","53.3493795, -6.2605593","1032.73","2025-04-17 20:00:00","2025-04-18 09:10:00","245.0","147","Thursday","evening","long","cheap","1141733948460510897"
"2024-11-21","2025-04-17","BOD","DUB","Dublin","https://www.kayak.fr/flights/BOD-DUB/2025-04-17?sort=price_a","16:54","07:25+1","931","116.0","False","BOD","DUB","N/A","N/A","BCN","605.0","Vueling","N/A","Économique","44.837789, -0.57918","53.3493795, -6.2605593","1032.73","2025-04-17 16:54:00","2025-04-18 07:25:00","326.0","147","Thursday","afternoon","long","standard","9084804316054090509"
"2024-11-21","2025-04-17","BOD","DUB","Dublin","https://www.kayak.fr/flights/BOD-DUB/2025-04-17?sort=price_a","13:45","00:05+1","680","126.0","False","BOD","DUB","N/A","N/A","BCN","605.0","Vueling","N/A","Économique","44.837789, -0.57918","53.3493795, -6.2605593","1032.73","2025-04-17 13:45:00","2025-04-18 00:05:00","75.0","147","Thursday","afternoon","long","standard","5578760597245524574"
"2024-11-21","2025-04-17","BOD","DUB","Dublin","https://www.kayak.fr/flights/BOD-DUB/2025-04-17?sort=price_a","13:35","20:05","450","135.0","False","BOD","DUB","N/A","N/A","BCN","605.0","Vueling","N/A","N/A","44.837789, -0.57918","53.3493795, -6.2605593","1032.73","2025-04-17 13:35:00","2025-04-17 20:05:00","","147","Thursday","afternoon","long","standard","288562413058651395"
"2024-11-21","2025-04-17","BOD","DUB","Dublin","https://www.kayak.fr/flights/BOD-DUB/2025-04-17?sort=price_a","07:00","16:10","610","139.0","False","BOD","DUB","N/A","N/A","N/A","","easyJet","Ryanair","N/A","44.837789, -0.57918","53.3493795, -6.2605593","1032.73","2025-04-17 07:00:00","2025-04-17 16:10:00","","147","Thursday","morning","long","standard","2589417301162876101"
"2024-11-21","2025-04-17","BOD","DUB","Dublin","https://www.kayak.fr/flights/BOD-DUB/2025-04-17?sort=price_a","07:00","18:10","730","139.0","False","BOD","DUB","N/A","N/A","BCN","605.0","Vueling","N/A","N/A","44.837789, -0.57918","53.3493795, -6.2605593","1032.73","2025-04-17 07:00:00","2025-04-17 18:10:00","125.0","147","Thursday","morning","long","standard","431384451859474083"
"2024-11-21","2025-04-17","BOD","DUB","Dublin","https://www.kayak.fr/flights/BOD-DUB/2025-04-17?sort=price_a","07:00","13:50","470","149.0","False","BOD","DUB","N/A","N/A","N/A","","easyJet","Ryanair","N/A","44.837789, -0.57918","53.3493795, -6.2605593","1032.73","2025-04-17 07:00:00","2025-04-17 13:50:00","","147","Thursday","morning","long","standard","406183906291455642"
"2024-11-21","2025-04-17","BOD","DUB","Dublin","https://www.kayak.fr/flights/BOD-DUB/2025-04-17?sort=price_a","08:00","12:40","340","154.0","False","BOD","DUB","N/A","N/A","N/A","","easyJet","Ryanair","N/A","44.837789, -0.57918","53.3493795, -6.2605593","1032.73","2025-04-17 08:00:00","2025-04-17 12:40:00","","147","Thursday","morning","moyen","standard","5609345911377160418"
"2024-11-21","2025-04-17","BOD","DUB","Dublin","https://www.kayak.fr/flights/BOD-DUB/2025-04-17?sort=price_a","08:00","17:05","605","154.0","False","BOD","DUB","N/A","N/A","N/A","","SNCF","Vueling","Économique","44.837789, -0.57918","53.3493795, -6.2605593","1032.73","2025-04-17 08:00:00","2025-04-17 17:05:00","","147","Thursday","morning","long","standard","2049278329958957736"
"2024-11-21","2025-04-17","BOD","DUB","Dublin","https://www.kayak.fr/flights/BOD-DUB/2025-04-17?sort=price_a","22:10","08:00+1","650","154.0","False","BOD","DUB","N/A","N/A","N/A","","SNCF","Vueling","Économique","44.837789, -0.57918","53.3493795, -6.2605593","1032.73","2025-04-17 22:10:00","2025-04-18 08:00:00","","147","Thursday","night","long","standard","474319343995171492"
"2024-11-21","2025-04-17","BOD","DUB","Dublin","https://www.kayak.fr/flights/BOD-DUB/2025-04-17?sort=price_a","07:00","19:10","790","161.0","False","BOD","DUB","N/A","N/A","N/A","","SNCF","Vueling","Économique","44.837789, -0.57918","53.3493795, -6.2605593","1032.73","2025-04-17 07:00:00","2025-04-17 19:10:00","","147","Thursday","morning","long","high","1325586716148063917"
"2024-11-21","2025-04-17","BOD","DUB","Dublin","https://www.kayak.fr/flights/BOD-DUB/2025-04-17?sort=price_a","07:00","14:30","510","162.0","False","BOD","DUB","N/A","N/A","N/A","","SNCF","Vueling","N/A","44.837789, -0.57918","53.3493795, -6.2605593","1032.73","2025-04-17 07:00:00","2025-04-17 14:30:00","","147","Thursday","morning","long","high","3587813989864299502"
"2024-11-21","2025-04-17","BOD","DUB","Dublin","https://www.kayak.fr/flights/BOD-DUB/2025-04-17?sort=price_a","07:05","18:05","720","164.0","False","BOD","DUB","N/A","N/A","N/A","","easyJet","Aer Lingus","N/A","44.837789, -0.57918","53.3493795, -6.2605593","1032.73","2025-04-17 07:05:00","2025-04-17 18:05:00","","147","Thursday","morning","long","high","7778663629342300535"
"2024-11-21","2025-04-17","BOD","DUB","Dublin","https://www.kayak.fr/flights/BOD-DUB/2025-04-17?sort=price_a","22:10","09:35+1","745","165.0","False","BOD","DUB","N/A","N/A","N/A","","SNCF","Vueling","N/A","44.837789, -0.57918","53.3493795, -6.2605593","1032.73","2025-04-17 22:10:00","2025-04-18 09:35:00","","147","Thursday","night","long","high","2325097011920460705"
"2024-11-21","2025-04-17","BOD","DUB","Dublin","https://www.kayak.fr/flights/BOD-DUB/2025-04-17?sort=price_a","13:45","22:25","580","166.0","False","BOD","DUB","N/A","N/A","N/A","","Vueling","easyJet","N/A","44.837789, -0.57918","53.3493795, -6.2605593","1032.73","2025-04-17 13:45:00","2025-04-17 22:25:00","","147","Thursday","afternoon","long","high","1435436281901124144"
"2024-11-21","2025-04-18","BOD","DUB","Dublin","https://www.kayak.fr/flights/BOD-DUB/2025-04-18?sort=price_a","23:15","07:40+1","565","73.0","False","BOD","DUB","N/A","N/A","BCN","320.0","Vueling","N/A","Économique","44.837789, -0.57918","53.3493795, -6.2605593","1032.73","2025-04-18 23:15:00","2025-04-19 07:40:00","245.0","148","Friday","night","long","cheap","3239950627245024029"
"2024-11-21","2025-04-18","BOD","DUB","Dublin","https://www.kayak.fr/flights/BOD-DUB/2025-04-18?sort=price_a","10:50","11:50","120","103.0","True","BOD","DUB","N/A","N/A","N/A","","Vueling","N/A","Économique","44.837789, -0.57918","53.3493795, -6.2605593","1032.73","2025-04-18 10:50:00","2025-04-18 11:50:00","","148","Friday","morning","court","cheap","5597394081427290548"
"2024-11-21","2025-04-18","BOD","DUB","Dublin","https://www.kayak.fr/flights/BOD-DUB/2025-04-18?sort=price_a","17:10","00:10+1","480","151.0","False","BOD","DUB","N/A","N/A","BCN","320.0","Vueling","N/A","Économique","44.837789, -0.57918","53.3493795, -6.2605593","1032.73","2025-04-18 17:10:00","2025-04-19 00:10:00","160.0","148","Friday","evening","long","standard","1533839104617348120"
"2024-11-21","2025-04-18","BOD","DUB","Dublin","https://www.kayak.fr/flights/BOD-DUB/2025-04-18?sort=price_a","07:00","14:35","515","165.0","False","BOD","DUB","N/A","N/A","BCN","320.0","Vueling","N/A","N/A","44.837789, -0.57918","53.3493795, -6.2605593","1032.73","2025-04-18 07:00:00","2025-04-18 14:35:00","195.0","148","Friday","morning","long","high","7374451703853760278"
"2024-11-21","2025-04-18","BOD","DUB","Dublin","https://www.kayak.fr/flights/BOD-DUB/2025-04-18?sort=price_a","17:10","22:20","370","168.0","False","BOD","DUB","N/A","N/A","N/A","","easyJet","Ryanair","N/A","44.837789, -0.57918","53.3493795, -6.2605593","1032.73","2025-04-18 17:10:00","2025-04-18 22:20:00","","148","Friday","evening","long","high","5871356724028502328"
"2024-11-21","2025-04-18","BOD","DUB","Dublin","https://www.kayak.fr/flights/BOD-DUB/2025-04-18?sort=price_a","15:25","22:55","510","178.0","False","BOD","DUB","N/A","N/A","BCN","320.0","Vueling","N/A","N/A","44.837789, -0.57918","53.3493795, -6.2605593","1032.73","2025-04-18 15:25:00","2025-04-18 22:55:00","190.0","148","Friday","afternoon","long","high","6830081608971154603"
"2024-11-21","2025-04-18","BOD","DUB","Dublin","https://www.kayak.fr/flights/BOD-DUB/2025-04-18?sort=price_a","07:00","13:25","445","189.0","False","BOD","DUB","N/A","N/A","N/A","","easyJet","Aer Lingus","N/A","44.837789, -0.57918","53.3493795, -6.2605593","1032.73","2025-04-18 07:00:00","2025-04-18 13:25:00","","148","Friday","morning","long","high","2367953422528850163"
"2024-11-21","2025-04-18","BOD","DUB","Dublin","https://www.kayak.fr/flights/BOD-DUB/2025-04-18?sort=price_a","07:00","13:45","465","189.0","False","BOD","DUB","N/A","N/A","N/A","","easyJet","Ryanair","N/A","44.837789, -0.57918","53.3493795, -6.2605593","1032.73","2025-04-18 07:00:00","2025-04-18 13:45:00","","148","Friday","morning","long","high","4472493800878983076"
"2024-11-21","2025-04-18","BOD","DUB","Dublin","https://www.kayak.fr/flights/BOD-DUB/2025-04-18?sort=price_a","07:00","14:50","530","189.0","False","BOD","DUB","N/A","N/A","N/A","","Aer Lingus","N/A","Saver","44.837789, -0.57918","53.3493795, -6.2605593","1032.73","2025-04-18 07:00:00","2025-04-18 14:50:00","","148","Friday","morning","long","high","9181435946169726187"
"2024-11-21","2025-04-18","BOD","DUB","Dublin","https://www.kayak.fr/flights/BOD-DUB/2025-04-18?sort=price_a","17:10","22:25","375","195.0","False","BOD","DUB","N/A","N/A","N/A","","Aer Lingus","N/A","Saver","44.837789, -0.57918","53.3493795, -6.2605593","1032.73","2025-04-18 17:10:00","2025-04-18 22:25:00","","148","Friday","evening","long","high","8716803758337489087"
"2024-11-21","2025-04-18","BOD","DUB","Dublin","https://www.kayak.fr/flights/BOD-DUB/2025-04-18?sort=price_a","07:00","11:15","315","196.0","False","BOD","DUB","N/A","N/A","N/A","","Aer Lingus","N/A","Saver","44.837789, -0.57918","53.3493795, -6.2605593","1032.73","2025-04-18 07:00:00","2025-04-18 11:15:00","","148","Friday","morning","moyen","high","6299337841185570614"
"2024-11-21","2025-04-18","BOD","DUB","Dublin","https://www.kayak.fr/flights/BOD-DUB/2025-04-18?sort=price_a","07:00","14:45","525","196.0","False","BOD","DUB","N/A","N/A","N/A","","Aer Lingus","N/A","N/A","44.837789, -0.57918","53.3493795, -6.2605593","1032.73","2025-04-18 07:00:00","2025-04-18 14:45:00","","148","Friday","morning","long","high","3185070974129978971"
"2024-11-21","2025-04-18","BOD","DUB","Dublin","https://www.kayak.fr/flights/BOD-DUB/2025-04-18?sort=price_a","07:10","12:35","385","200.0","False","BOD","DUB","N/A","N/A","N/A","","easyJet","Norwegian","N/A","44.837789, -0.57918","53.3493795, -6.2605593","1032.73","2025-04-18 07:10:00","2025-04-18 12:35:00","","148","Friday","morning","long","high","850450679361996397"
"2024-11-21","2025-04-18","BOD","DUB","Dublin","https://www.kayak.fr/flights/BOD-DUB/2025-04-18?sort=price_a","07:10","14:20","490","211.0","False","BOD","DUB","N/A","N/A","N/A","","Aer Lingus","N/A","N/A","44.837789, -0.57918","53.3493795, -6.2605593","1032.73","2025-04-18 07:10:00","2025-04-18 14:20:00","","148","Friday","morning","long","high","7441936651634126826"
"2024-11-21","2025-04-18","BOD","DUB","Dublin","https://www.kayak.fr/flights/BOD-DUB/2025-04-18?sort=price_a","17:10","20:15","245","213.0","False","BOD","DUB","N/A","N/A","N/A","","KLM","N/A","N/A","44.837789, -0.57918","53.3493795, -6.2605593","1032.73","2025-04-18 17:10:00","2025-04-18 20:15:00","","148","Friday","evening","moyen","high","5647551269318854974"
"2024-11-21","2025-04-19","BOD","DUB","Dublin","https://www.kayak.fr/flights/BOD-DUB/2025-04-19?sort=price_a","10:50","11:50","120","170.0","True","BOD","DUB","N/A","N/A","N/A","","Aer Lingus","N/A","Plus","44.837789, -0.57918","53.3493795, -6.2605593","1032.73","2025-04-19 10:50:00","2025-04-19 11:50:00","","149","Saturday","morning","court","high","3362002607908772327"
"2024-11-21","2025-04-19","BOD","DUB","Dublin","https://www.kayak.fr/flights/BOD-DUB/2025-04-19?sort=price_a","17:10","08:20+1","970","256.0","False","BOD","DUB","N/A","N/A","N/A","","Aer Lingus","N/A","Plus","44.837789, -0.57918","53.3493795, -6.2605593","1032.73","2025-04-19 17:10:00","2025-04-20 08:20:00","","149","Saturday","evening","long","high","326439415597004711"
"2024-11-21","2025-04-19","BOD","DUB","Dublin","https://www.kayak.fr/flights/BOD-DUB/2025-04-19?sort=price_a","17:10","22:25","375","289.0","False","BOD","DUB","N/A","N/A","N/A","","Aer Lingus","N/A","Plus","44.837789, -0.57918","53.3493795, -6.2605593","1032.73","2025-04-19 17:10:00","2025-04-19 22:25:00","","149","Saturday","evening","long","high","8288860495648291693"
"2024-11-21","2025-04-19","BOD","DUB","Dublin","https://www.kayak.fr/flights/BOD-DUB/2025-04-19?sort=price_a","06:30","16:40","670","330.0","False","BOD","DUB","N/A","N/A","N/A","","Aer Lingus","N/A","N/A","44.837789, -0.57918","53.3493795, -6.2605593","1032.73","2025-04-19 06:30:00","2025-04-19 16:40:00","","149","Saturday","morning","long","high","4210977979821529925"
"2024-11-21","2025-04-19","BOD","DUB","Dublin","https://www.kayak.fr/flights/BOD-DUB/2025-04-19?sort=price_a","11:50","22:25","695","342.0","False","BOD","DUB","N/A","N/A","N/A","","KLM","N/A","N/A","44.837789, -0.57918","53.3493795, -6.2605593","1032.73","2025-04-19 11:50:00","2025-04-19 22:25:00","","149","Saturday","morning","long","high","5873411355074162955"
"2024-11-21","2025-04-19","BOD","DUB","Dublin","https://www.kayak.fr/flights/BOD-DUB/2025-04-19?sort=price_a","11:50","16:40","350","345.0","False","BOD","DUB","N/A","N/A","N/A","","Aer Lingus","N/A","N/A","44.837789, -0.57918","53.3493795, -6.2605593","1032.73","2025-04-19 11:50:00","2025-04-19 16:40:00","","149","Saturday","morning","moyen","high","2202369161251774082"
"2024-11-21","2025-04-19","BOD","DUB","Dublin","https://www.kayak.fr/flights/BOD-DUB/2025-04-19?sort=price_a","06:30","10:25","295","351.0","False","BOD","DUB","N/A","N/A","N/A","","KLM","N/A","N/A","44.837789, -0.57918","53.3493795, -6.2605593","1032.73","2025-04-19 06:30:00","2025-04-19 10:25:00","","149","Saturday","morning","moyen","high","1214737991746599134"
"2024-11-21","2025-04-19","BOD","DUB","Dublin","https://www.kayak.fr/flights/BOD-DUB/2025-04-19?sort=price_a","06:30","12:35","425","470.0","False","BOD","DUB","N/A","N/A","N/A","","KLM","N/A","N/A","44.837789, -0.57918","53.3493795, -6.2605593","1032.73","2025-04-19 06:30:00","2025-04-19 12:35:00","","149","Saturday","morning","long","high","785753105933716255"
"2024-11-21","2025-04-20","BOD","DUB","Dublin","https://www.kayak.fr/flights/BOD-DUB/2025-04-20?sort=price_a","17:55","18:55","120","103.0","True","BOD","DUB","N/A","N/A","N/A","","Aer Lingus","N/A","Saver","44.837789, -0.57918","53.3493795, -6.2605593","1032.73","2025-04-20 17:55:00","2025-04-20 18:55:00","","150","Sunday","evening","court","cheap","5731003834231542613"
"2024-11-21","2025-04-20","BOD","DUB","Dublin","https://www.kayak.fr/flights/BOD-DUB/2025-04-20?sort=price_a","15:40","22:50","490","174.0","False","BOD","DUB","N/A","N/A","N/A","","Aer Lingus","N/A","Saver","44.837789, -0.57918","53.3493795, -6.2605593","1032.73","2025-04-20 15:40:00","2025-04-20 22:50:00","","150","Sunday","afternoon","long","high","348421819998054654"
"2024-11-21","2025-04-20","BOD","DUB","Dublin","https://www.kayak.fr/flights/BOD-DUB/2025-04-20?sort=price_a","11:58","19:05","487","185.0","False","BOD","DUB","N/A","N/A","N/A","","Aer Lingus","N/A","Saver","44.837789, -0.57918","53.3493795, -6.2605593","1032.73","2025-04-20 11:58:00","2025-04-20 19:05:00","","150","Sunday","morning","long","high","578145457362442850"
"2024-11-21","2025-04-20","BOD","DUB","Dublin","https://www.kayak.fr/flights/BOD-DUB/2025-04-20?sort=price_a","07:00","14:05","485","186.0","False","BOD","DUB","N/A","N/A","N/A","","Aer Lingus","N/A","N/A","44.837789, -0.57918","53.3493795, -6.2605593","1032.73","2025-04-20 07:00:00","2025-04-20 14:05:00","","150","Sunday","morning","long","high","3908865847384268966"
"2024-11-21","2025-04-20","BOD","DUB","Dublin","https://www.kayak.fr/flights/BOD-DUB/2025-04-20?sort=price_a","07:00","11:15","315","189.0","False","BOD","DUB","N/A","N/A","N/A","","easyJet","Ryanair","N/A","44.837789, -0.57918","53.3493795, -6.2605593","1032.73","2025-04-20 07:00:00","2025-04-20 11:15:00","","150","Sunday","morning","moyen","high","7613547509266835153"
"2024-11-21","2025-04-20","BOD","DUB","Dublin","https://www.kayak.fr/flights/BOD-DUB/2025-04-20?sort=price_a","17:10","20:15","245","199.0","False","BOD","DUB","N/A","N/A","N/A","","Aer Lingus","N/A","N/A","44.837789, -0.57918","53.3493795, -6.2605593","1032.73","2025-04-20 17:10:00","2025-04-20 20:15:00","","150","Sunday","evening","moyen","high","5223178466933080923"
"2024-11-21","2025-04-20","BOD","DUB","Dublin","https://www.kayak.fr/flights/BOD-DUB/2025-04-20?sort=price_a","17:10","22:25","375","199.0","False","BOD","DUB","N/A","N/A","N/A","","KLM","N/A","N/A","44.837789, -0.57918","53.3493795, -6.2605593","1032.73","2025-04-20 17:10:00","2025-04-20 22:25:00","","150","Sunday","evening","long","high","8620263774040531635"
"2024-11-21","2025-04-20","BOD","DUB","Dublin","https://www.kayak.fr/flights/BOD-DUB/2025-04-20?sort=price_a","07:00","13:35","455","199.0","False","BOD","DUB","N/A","N/A","N/A","","easyJet","Ryanair","N/A","44.837789, -0.57918","53.3493795, -6.2605593","1032.73","2025-04-20 07:00:00","2025-04-20 13:35:00","","150","Sunday","morning","long","high","4500374543159269135"
"2024-11-21","2025-04-20","BOD","DUB","Dublin","https://www.kayak.fr/flights/BOD-DUB/2025-04-20?sort=price_a","14:10","18:25","315","200.0","False","BOD","DUB","N/A","N/A","NCE","250.0","easyJet","Ryanair","Standard","44.837789, -0.57918","53.3493795, -6.2605593","1032.73","2025-04-20 14:10:00","2025-04-20 18:25:00","65.0","150","Sunday","afternoon","moyen","high","9049747181008163213"
"2024-11-21","2025-04-20","BOD","DUB","Dublin","https://www.kayak.fr/flights/BOD-DUB/2025-04-20?sort=price_a","14:20","21:05","465","211.0","False","BOD","DUB","N/A","N/A","NCE","250.0","easyJet","Ryanair","Standard","44.837789, -0.57918","53.3493795, -6.2605593","1032.73","2025-04-20 14:20:00","2025-04-20 21:05:00","215.0","150","Sunday","afternoon","long","high","5663282550815936138"
"2024-11-21","2025-04-20","BOD","DUB","Dublin","https://www.kayak.fr/flights/BOD-DUB/2025-04-20?sort=price_a","12:55","20:05","490","219.0","False","BOD","DUB","N/A","N/A","NCE","250.0","easyJet","Ryanair","Standard","44.837789, -0.57918","53.3493795, -6.2605593","1032.73","2025-04-20 12:55:00","2025-04-20 20:05:00","240.0","150","Sunday","afternoon","long","high","3769197418100063779"
"2024-11-21","2025-04-20","BOD","DUB","Dublin","https://www.kayak.fr/flights/BOD-DUB/2025-04-20?sort=price_a","12:55","21:05","550","222.0","False","BOD","DUB","N/A","N/A","NCE","250.0","easyJet","Ryanair","N/A","44.837789, -0.57918","53.3493795, -6.2605593","1032.73","2025-04-20 12:55:00","2025-04-20 21:05:00","300.0","150","Sunday","afternoon","long","high","2615243229392088333"
"2024-11-21","2025-04-20","BOD","DUB","Dublin","https://www.kayak.fr/flights/BOD-DUB/2025-04-20?sort=price_a","11:00","18:55","535","224.0","False","BOD","DUB","N/A","N/A","N/A","","easyJet","Ryanair","N/A","44.837789, -0.57918","53.3493795, -6.2605593","1032.73","2025-04-20 11:00:00","2025-04-20 18:55:00","","150","Sunday","morning","long","high","6843472363373560130"
"2024-11-21","2025-04-20","BOD","DUB","Dublin","https://www.kayak.fr/flights/BOD-DUB/2025-04-20?sort=price_a","13:20","21:00","520","227.0","False","BOD","DUB","N/A","N/A","NCE","250.0","easyJet","Ryanair","N/A","44.837789, -0.57918","53.3493795, -6.2605593","1032.73","2025-04-20 13:20:00","2025-04-20 21:00:00","270.0","150","Sunday","afternoon","long","high","5371356339156508317"
"2024-11-21","2025-04-20","BOD","DUB","Dublin","https://www.kayak.fr/flights/BOD-DUB/2025-04-20?sort=price_a","19:25","00:45+1","380","232.0","False","BOD","DUB","N/A","N/A","N/A","","easyJet","Ryanair","N/A","44.837789, -0.57918","53.3493795, -6.2605593","1032.73","2025-04-20 19:25:00","2025-04-21 00:45:00","","150","Sunday","evening","long","high","8902267216254245054"
"2024-11-21","2025-04-21","BOD","DUB","Dublin","https://www.kayak.fr/flights/BOD-DUB/2025-04-21?sort=price_a","10:50","11:50","120","103.0","True","BOD","DUB","N/A","N/A","N/A","","Aer Lingus","N/A","Saver","44.837789, -0.57918","53.3493795, -6.2605593","1032.73","2025-04-21 10:50:00","2025-04-21 11:50:00","","151","Monday","morning","court","cheap","676239255643524933"
"2024-11-21","2025-04-21","BOD","DUB","Dublin","https://www.kayak.fr/flights/BOD-DUB/2025-04-21?sort=price_a","07:00","14:05","485","163.0","False","BOD","DUB","N/A","N/A","N/A","","Aer Lingus","N/A","Saver","44.837789, -0.57918","53.3493795, -6.2605593","1032.73","2025-04-21 07:00:00","2025-04-21 14:05:00","","151","Monday","morning","long","high","2520520861279552203"
"2024-11-21","2025-04-21","BOD","DUB","Dublin","https://www.kayak.fr/flights/BOD-DUB/2025-04-21?sort=price_a","07:00","11:10","310","173.0","False","BOD","DUB","N/A","N/A","N/A","","Aer Lingus","N/A","Saver","44.837789, -0.57918","53.3493795, -6.2605593","1032.73","2025-04-21 07:00:00","2025-04-21 11:10:00","","151","Monday","morning","moyen","high","6405834189229136527"
"2024-11-21","2025-04-21","BOD","DUB","Dublin","https://www.kayak.fr/flights/BOD-DUB/2025-04-21?sort=price_a","16:30","23:20","470","180.0","False","BOD","DUB","N/A","N/A","N/A","","Aer Lingus","N/A","N/A","44.837789, -0.57918","53.3493795, -6.2605593","1032.73","2025-04-21 16:30:00","2025-04-21 23:20:00","","151","Monday","afternoon","long","high","2141796187310747701"
"2024-11-21","2025-04-21","BOD","DUB","Dublin","https://www.kayak.fr/flights/BOD-DUB/2025-04-21?sort=price_a","23:00","07:05+1","545","180.0","False","BOD","DUB","N/A","N/A","N/A","","easyJet","Ryanair","N/A","44.837789, -0.57918","53.3493795, -6.2605593","1032.73","2025-04-21 23:00:00","2025-04-22 07:05:00","","151","Monday","night","long","high","7337926128389843821"
"2024-11-21","2025-04-21","BOD","DUB","Dublin","https://www.kayak.fr/flights/BOD-DUB/2025-04-21?sort=price_a","16:30","23:10","460","189.0","False","BOD","DUB","N/A","N/A","N/A","","Aer Lingus","N/A","N/A","44.837789, -0.57918","53.3493795, -6.2605593","1032.73","2025-04-21 16:30:00","2025-04-21 23:10:00","","151","Monday","afternoon","long","high","4262832160184585742"
"2024-11-21","2025-04-21","BOD","DUB","Dublin","https://www.kayak.fr/flights/BOD-DUB/2025-04-21?sort=price_a","07:00","14:40","520","190.0","False","BOD","DUB","N/A","N/A","N/A","","easyJet","Ryanair","N/A","44.837789, -0.57918","53.3493795, -6.2605593","1032.73","2025-04-21 07:00:00","2025-04-21 14:40:00","","151","Monday","morning","long","high","6849482166423060058"
"2024-11-21","2025-04-21","BOD","DUB","Dublin","https://www.kayak.fr/flights/BOD-DUB/2025-04-21?sort=price_a","07:00","14:35","515","199.0","False","BOD","DUB","N/A","N/A","N/A","","easyJet","Ryanair","N/A","44.837789, -0.57918","53.3493795, -6.2605593","1032.73","2025-04-21 07:00:00","2025-04-21 14:35:00","","151","Monday","morning","long","high","9018494865191430821"
"2024-11-21","2025-04-21","BOD","DUB","Dublin","https://www.kayak.fr/flights/BOD-DUB/2025-04-21?sort=price_a","16:30","20:15","285","201.0","False","BOD","DUB","N/A","N/A","N/A","","easyJet","Ryanair","Standard","44.837789, -0.57918","53.3493795, -6.2605593","1032.73","2025-04-21 16:30:00","2025-04-21 20:15:00","","151","Monday","afternoon","moyen","high","5970102195580783702"
"2024-11-21","2025-04-21","BOD","DUB","Dublin","https://www.kayak.fr/flights/BOD-DUB/2025-04-21?sort=price_a","08:55","13:15","320","201.0","False","BOD","DUB","N/A","N/A","N/A","","easyJet","Ryanair","Standard","44.837789, -0.57918","53.3493795, -6.2605593","1032.73","2025-04-21 08:55:00","2025-04-21 13:15:00","","151","Monday","morning","moyen","high","6581510795596508993"
"2024-11-21","2025-04-21","BOD","DUB","Dublin","https://www.kayak.fr/flights/BOD-DUB/2025-04-21?sort=price_a","16:30","22:05","395","201.0","False","BOD","DUB","N/A","N/A","N/A","","easyJet","Ryanair","Standard","44.837789, -0.57918","53.3493795, -6.2605593","1032.73","2025-04-21 16:30:00","2025-04-21 22:05:00","","151","Monday","afternoon","long","high","2371669162716514086"
"2024-11-21","2025-04-21","BOD","DUB","Dublin","https://www.kayak.fr/flights/BOD-DUB/2025-04-21?sort=price_a","07:00","13:25","445","201.0","False","BOD","DUB","N/A","N/A","N/A","","easyJet","Ryanair","N/A","44.837789, -0.57918","53.3493795, -6.2605593","1032.73","2025-04-21 07:00:00","2025-04-21 13:25:00","","151","Monday","morning","long","high","1627249389837439535"
"2024-11-21","2025-04-21","BOD","DUB","Dublin","https://www.kayak.fr/flights/BOD-DUB/2025-04-21?sort=price_a","16:30","22:55","445","201.0","False","BOD","DUB","N/A","N/A","N/A","","easyJet","Ryanair","N/A","44.837789, -0.57918","53.3493795, -6.2605593","1032.73","2025-04-21 16:30:00","2025-04-21 22:55:00","","151","Monday","afternoon","long","high","3568861669638779223"
"2024-11-21","2025-04-21","BOD","DUB","Dublin","https://www.kayak.fr/flights/BOD-DUB/2025-04-21?sort=price_a","07:00","14:50","530","201.0","False","BOD","DUB","N/A","N/A","N/A","","easyJet","Ryanair","N/A","44.837789, -0.57918","53.3493795, -6.2605593","1032.73","2025-04-21 07:00:00","2025-04-21 14:50:00","","151","Monday","morning","long","high","882712682163184481"
"2024-11-21","2025-04-21","BOD","DUB","Dublin","https://www.kayak.fr/flights/BOD-DUB/2025-04-21?sort=price_a","18:15","00:05+1","410","215.0","False","BOD","DUB","N/A","N/A","N/A","","Vueling","Ryanair","N/A","44.837789, -0.57918","53.3493795, -6.2605593","1032.73","2025-04-21 18:15:00","2025-04-22 00:05:00","","151","Monday","evening","long","high","210013266658039976"
"2024-11-21","2025-04-22","BOD","DUB","Dublin","https://www.kayak.fr/flights/BOD-DUB/2025-04-22?sort=price_a","20:00","09:10+1","850","126.0","False","BOD","DUB","N/A","N/A","BCN","605.0","Vueling","N/A","Économique","44.837789, -0.57918","53.3493795, -6.2605593","1032.73","2025-04-22 20:00:00","2025-04-23 09:10:00","245.0","152","Tuesday","evening","long","standard","5684487706165499604"
"2024-11-21","2025-04-22","BOD","DUB","Dublin","https://www.kayak.fr/flights/BOD-DUB/2025-04-22?sort=price_a","19:50","09:30+1","880","128.0","False","BOD","DUB","N/A","N/A","BCN","605.0","Vueling","N/A","Économique","44.837789, -0.57918","53.3493795, -6.2605593","1032.73","2025-04-22 19:50:00","2025-04-23 09:30:00","275.0","152","Tuesday","evening","long","standard","3970326480077311472"
"2024-11-21","2025-04-22","BOD","DUB","Dublin","https://www.kayak.fr/flights/BOD-DUB/2025-04-22?sort=price_a","18:40","09:35+1","955","140.0","False","BOD","DUB","N/A","N/A","BCN","605.0","Vueling","N/A","Économique","44.837789, -0.57918","53.3493795, -6.2605593","1032.73","2025-04-22 18:40:00","2025-04-23 09:35:00","350.0","152","Tuesday","evening","long","standard","8494777808181086268"
"2024-11-21","2025-04-22","BOD","DUB","Dublin","https://www.kayak.fr/flights/BOD-DUB/2025-04-22?sort=price_a","18:40","08:20+1","880","153.0","False","BOD","DUB","N/A","N/A","BCN","605.0","Vueling","N/A","N/A","44.837789, -0.57918","53.3493795, -6.2605593","1032.73","2025-04-22 18:40:00","2025-04-23 08:20:00","275.0","152","Tuesday","evening","long","standard","720905688325476790"
"2024-11-21","2025-04-22","BOD","DUB","Dublin","https://www.kayak.fr/flights/BOD-DUB/2025-04-22?sort=price_a","18:40","23:00","320","156.0","False","BOD","DUB","N/A","N/A","N/A","","British Airways","Ryanair","N/A","44.837789, -0.57918","53.3493795, -6.2605593","1032.73","2025-04-22 18:40:00","2025-04-22 23:00:00","","152","Tuesday","evening","moyen","high","1587165297898651130"
"2024-11-21","2025-04-22","BOD","DUB","Dublin","https://www.kayak.fr/flights/BOD-DUB/2025-04-22?sort=price_a","17:10","08:20+1","970","156.0","False","BOD","DUB","N/A","N/A","BCN","605.0","Vueling","N/A","N/A","44.837789, -0.57918","53.3493795, -6.2605593","1032.73","2025-04-22 17:10:00","2025-04-23 08:20:00","365.0","152","Tuesday","evening","long","high","3777166043772585322"
"2024-11-21","2025-04-22","BOD","DUB","Dublin","https://www.kayak.fr/flights/BOD-DUB/2025-04-22?sort=price_a","07:00","13:35","455","172.0","False","BOD","DUB","N/A","N/A","N/A","","easyJet","Ryanair","N/A","44.837789, -0.57918","53.3493795, -6.2605593","1032.73","2025-04-22 07:00:00","2025-04-22 13:35:00","","152","Tuesday","morning","long","high","8141476909046584091"
"2024-11-21","2025-04-22","BOD","DUB","Dublin","https://www.kayak.fr/flights/BOD-DUB/2025-04-22?sort=price_a","07:00","16:05","605","172.0","False","BOD","DUB","N/A","N/A","N/A","","easyJet","Ryanair","N/A","44.837789, -0.57918","53.3493795, -6.2605593","1032.73","2025-04-22 07:00:00","2025-04-22 16:05:00","","152","Tuesday","morning","long","high","7798938471988945583"
"2024-11-21","2025-04-22","BOD","DUB","Dublin","https://www.kayak.fr/flights/BOD-DUB/2025-04-22?sort=price_a","07:00","14:25","505","173.0","False","BOD","DUB","N/A","N/A","MRS","660.0","easyJet","Ryanair","Standard","44.837789, -0.57918","53.3493795, -6.2605593","1032.73","2025-04-22 07:00:00","2025-04-22 14:25:00","","152","Tuesday","morning","long","high","962392127256086233"
"2024-11-21","2025-04-22","BOD","DUB","Dublin","https://www.kayak.fr/flights/BOD-DUB/2025-04-22?sort=price_a","07:00","17:55","715","177.0","False","BOD","DUB","N/A","N/A","MRS","660.0","easyJet","Ryanair","Standard","44.837789, -0.57918","53.3493795, -6.2605593","1032.73","2025-04-22 07:00:00","2025-04-22 17:55:00","55.0","152","Tuesday","morning","long","high","5843769796996263779"
"2024-11-21","2025-04-22","BOD","DUB","Dublin","https://www.kayak.fr/flights/BOD-DUB/2025-04-22?sort=price_a","18:40","08:05+1","865","177.0","False","BOD","DUB","N/A","N/A","MRS","660.0","easyJet","Ryanair","Standard","44.837789, -0.57918","53.3493795, -6.2605593","1032.73","2025-04-22 18:40:00","2025-04-23 08:05:00","205.0","152","Tuesday","evening","long","high","8179312888308670194"
"2024-11-21","2025-04-22","BOD","DUB","Dublin","https://www.kayak.fr/flights/BOD-DUB/2025-04-22?sort=price_a","21:15","11:05+1","890","178.0","False","BOD","DUB","N/A","N/A","MRS","660.0","easyJet","Ryanair","N/A","44.837789, -0.57918","53.3493795, -6.2605593","1032.73","2025-04-22 21:15:00","2025-04-23 11:05:00","230.0","152","Tuesday","evening","long","high","4604556702746292231"
"2024-11-21","2025-04-22","BOD","DUB","Dublin","https://www.kayak.fr/flights/BOD-DUB/2025-04-22?sort=price_a","13:40","21:20","520","179.0","False","BOD","DUB","N/A","N/A","N/A","","Vueling","Ryanair","N/A","44.837789, -0.57918","53.3493795, -6.2605593","1032.73","2025-04-22 13:40:00","2025-04-22 21:20:00","","152","Tuesday","afternoon","long","high","4879827105668000469"
"2024-11-21","2025-04-22","BOD","DUB","Dublin","https://www.kayak.fr/flights/BOD-DUB/2025-04-22?sort=price_a","10:35","17:50","495","182.0","False","BOD","DUB","N/A","N/A","MRS","660.0","easyJet","Ryanair","N/A","44.837789, -0.57918","53.3493795, -6.2605593","1032.73","2025-04-22 10:35:00","2025-04-22 17:50:00","","152","Tuesday","morning","long","high","2523804151449787033"
"2024-11-21","2025-04-22","BOD","DUB","Dublin","https://www.kayak.fr/flights/BOD-DUB/2025-04-22?sort=price_a","08:38","17:00","562","185.0","False","BOD","DUB","N/A","N/A","N/A","","SNCF","Transavia","N/A","44.837789, -0.57918","53.3493795, -6.2605593","1032.73","2025-04-22 08:38:00","2025-04-22 17:00:00","","152","Tuesday","morning","long","high","1836185670313079694"
"2024-11-21","2025-04-23","BOD","DUB","Dublin","https://www.kayak.fr/flights/BOD-DUB/2025-04-23?sort=price_a","21:35","10:00+1","805","89.0","False","BOD","DUB","N/A","N/A","N/A","","British Airways","Ryanair","Basic Economy","44.837789, -0.57918","53.3493795, -6.2605593","1032.73","2025-04-23 21:35:00","2025-04-24 10:00:00","","153","Wednesday","evening","long","cheap","8280719869188860202"
"2024-11-21","2025-04-23","BOD","DUB","Dublin","https://www.kayak.fr/flights/BOD-DUB/2025-04-23?sort=price_a","10:50","11:50","120","118.0","True","BOD","DUB","N/A","N/A","N/A","","British Airways","Ryanair","Basic Economy","44.837789, -0.57918","53.3493795, -6.2605593","1032.73","2025-04-23 10:50:00","2025-04-23 11:50:00","","153","Wednesday","morning","court","standard","2576960229664148707"
"2024-11-21","2025-04-23","BOD","DUB","Dublin","https://www.kayak.fr/flights/BOD-DUB/2025-04-23?sort=price_a","07:00","14:15","495","141.0","False","BOD","DUB","N/A","N/A","N/A","","British Airways","Ryanair","Basic Economy","44.837789, -0.57918","53.3493795, -6.2605593","1032.73","2025-04-23 07:00:00","2025-04-23 14:15:00","","153","Wednesday","morning","long","standard","8585771186339654782"
"2024-11-21","2025-04-23","BOD","DUB","Dublin","https://www.kayak.fr/flights/BOD-DUB/2025-04-23?sort=price_a","07:00","14:35","515","141.0","False","BOD","DUB","N/A","N/A","N/A","","British Airways","Ryanair","N/A","44.837789, -0.57918","53.3493795, -6.2605593","1032.73","2025-04-23 07:00:00","2025-04-23 14:35:00","","153","Wednesday","morning","long","standard","3181942765673809248"
"2024-11-21","2025-04-23","BOD","DUB","Dublin","https://www.kayak.fr/flights/BOD-DUB/2025-04-23?sort=price_a","07:15","14:35","500","144.0","False","BOD","DUB","N/A","N/A","N/A","","easyJet","Ryanair","N/A","44.837789, -0.57918","53.3493795, -6.2605593","1032.73","2025-04-23 07:15:00","2025-04-23 14:35:00","","153","Wednesday","morning","long","standard","7626354944667336205"
"2024-11-21","2025-04-23","BOD","DUB","Dublin","https://www.kayak.fr/flights/BOD-DUB/2025-04-23?sort=price_a","10:55","16:55","420","149.0","False","BOD","DUB","N/A","N/A","N/A","","British Airways","Ryanair","N/A","44.837789, -0.57918","53.3493795, -6.2605593","1032.73","2025-04-23 10:55:00","2025-04-23 16:55:00","","153","Wednesday","morning","long","standard","4760215509839498800"
"2024-11-21","2025-04-23","BOD","DUB","Dublin","https://www.kayak.fr/flights/BOD-DUB/2025-04-23?sort=price_a","17:10","20:15","245","153.0","False","BOD","DUB","N/A","N/A","N/A","","KLM","N/A","N/A","44.837789, -0.57918","53.3493795, -6.2605593","1032.73","2025-04-23 17:10:00","2025-04-23 20:15:00","","153","Wednesday","evening","moyen","standard","3370799549776355521"
"2024-11-21","2025-04-23","BOD","DUB","Dublin","https://www.kayak.fr/flights/BOD-DUB/2025-04-23?sort=price_a","17:30","00:45+1","495","153.0","False","BOD","DUB","N/A","N/A","N/A","","Vueling","Aer Lingus","N/A","44.837789, -0.57918","53.3493795, -6.2605593","1032.73","2025-04-23 17:30:00","2025-04-24 00:45:00","","153","Wednesday","evening","long","standard","6566354080784521927"
"2024-11-21","2025-04-23","BOD","DUB","Dublin","https://www.kayak.fr/flights/BOD-DUB/2025-04-23?sort=price_a","07:00","11:10","310","170.0","False","BOD","DUB","N/A","N/A","N/A","","Aer Lingus","N/A","Saver","44.837789, -0.57918","53.3493795, -6.2605593","1032.73","2025-04-23 07:00:00","2025-04-23 11:10:00","","153","Wednesday","morning","moyen","high","3306346166164576293"
"2024-11-21","2025-04-23","BOD","DUB","Dublin","https://www.kayak.fr/flights/BOD-DUB/2025-04-23?sort=price_a","07:00","14:30","510","170.0","False","BOD","DUB","N/A","N/A","N/A","","Aer Lingus","N/A","Saver","44.837789, -0.57918","53.3493795, -6.2605593","1032.73","2025-04-23 07:00:00","2025-04-23 14:30:00","","153","Wednesday","morning","long","high","5890194454025145412"
"2024-11-21","2025-04-23","BOD","DUB","Dublin","https://www.kayak.fr/flights/BOD-DUB/2025-04-23?sort=price_a","11:25","18:05","460","175.0","False","BOD","DUB","N/A","N/A","N/A","","Aer Lingus","N/A","Saver","44.837789, -0.57918","53.3493795, -6.2605593","1032.73","2025-04-23 11:25:00","2025-04-23 18:05:00","","153","Wednesday","morning","long","high","1525390915087655792"
"2024-11-21","2025-04-23","BOD","DUB","Dublin","https://www.kayak.fr/flights/BOD-DUB/2025-04-23?sort=price_a","15:30","23:20","530","176.0","False","BOD","DUB","N/A","N/A","N/A","","Aer Lingus","N/A","N/A","44.837789, -0.57918","53.3493795, -6.2605593","1032.73","2025-04-23 15:30:00","2025-04-23 23:20:00","","153","Wednesday","afternoon","long","high","3143895590171523470"
"2024-11-21","2025-04-23","BOD","DUB","Dublin","https://www.kayak.fr/flights/BOD-DUB/2025-04-23?sort=price_a","11:50","16:40","350","183.0","False","BOD","DUB","N/A","N/A","N/A","","KLM","N/A","N/A","44.837789, -0.57918","53.3493795, -6.2605593","1032.73","2025-04-23 11:50:00","2025-04-23 16:40:00","","153","Wednesday","morning","moyen","high","6980199061595011986"
"2024-11-21","2025-04-23","BOD","DUB","Dublin","https://www.kayak.fr/flights/BOD-DUB/2025-04-23?sort=price_a","10:25","18:20","535","187.0","False","BOD","DUB","N/A","N/A","N/A","","Aer Lingus","N/A","N/A","44.837789, -0.57918","53.3493795, -6.2605593","1032.73","2025-04-23 10:25:00","2025-04-23 18:20:00","","153","Wednesday","morning","long","high","218963793627519450"
"2024-11-21","2025-04-23","BOD","DUB","Dublin","https://www.kayak.fr/flights/BOD-DUB/2025-04-23?sort=price_a","06:30","10:25","295","192.0","False","BOD","DUB","N/A","N/A","N/A","","KLM","N/A","N/A","44.837789, -0.57918","53.3493795, -6.2605593","1032.73","2025-04-23 06:30:00","2025-04-23 10:25:00","","153","Wednesday","morning","moyen","high","2063779887692362434"
"2024-11-21","2025-04-24","BOD","DUB","Dublin","https://www.kayak.fr/flights/BOD-DUB/2025-04-24?sort=price_a","20:45","07:25+1","700","109.0","False","BOD","DUB","N/A","N/A","N/A","","SNCF","Vueling","Économique","44.837789, -0.57918","53.3493795, -6.2605593","1032.73","2025-04-24 20:45:00","2025-04-25 07:25:00","","154","Thursday","evening","long","cheap","5229586883964997107"
"2024-11-21","2025-04-24","BOD","DUB","Dublin","https://www.kayak.fr/flights/BOD-DUB/2025-04-24?sort=price_a","18:50","08:10+1","860","122.0","False","BOD","DUB","N/A","N/A","N/A","","SNCF","Vueling","Économique","44.837789, -0.57918","53.3493795, -6.2605593","1032.73","2025-04-24 18:50:00","2025-04-25 08:10:00","","154","Thursday","evening","long","standard","1196164019113887545"
"2024-11-21","2025-04-24","BOD","DUB","Dublin","https://www.kayak.fr/flights/BOD-DUB/2025-04-24?sort=price_a","13:35","20:05","450","131.0","False","BOD","DUB","N/A","N/A","N/A","","SNCF","Vueling","Économique","44.837789, -0.57918","53.3493795, -6.2605593","1032.73","2025-04-24 13:35:00","2025-04-24 20:05:00","","154","Thursday","afternoon","long","standard","1601219721616027480"
"2024-11-21","2025-04-24","BOD","DUB","Dublin","https://www.kayak.fr/flights/BOD-DUB/2025-04-24?sort=price_a","22:40","08:00+1","620","134.0","False","BOD","DUB","N/A","N/A","N/A","","SNCF","Vueling","N/A","44.837789, -0.57918","53.3493795, -6.2605593","1032.73","2025-04-24 22:40:00","2025-04-25 08:00:00","","154","Thursday","night","long","standard","4958458321322377843"
"2024-11-21","2025-04-24","BOD","DUB","Dublin","https://www.kayak.fr/flights/BOD-DUB/2025-04-24?sort=price_a","22:10","08:00+1","650","135.0","False","BOD","DUB","N/A","N/A","N/A","","easyJet","Ryanair","N/A","44.837789, -0.57918","53.3493795, -6.2605593","1032.73","2025-04-24 22:10:00","2025-04-25 08:00:00","","154","Thursday","night","long","standard","6092889781237682763"
"2024-11-21","2025-04-24","BOD","DUB","Dublin","https://www.kayak.fr/flights/BOD-DUB/2025-04-24?sort=price_a","22:40","08:05+1","625","146.0","False","BOD","DUB","N/A","N/A","N/A","","SNCF","Vueling","N/A","44.837789, -0.57918","53.3493795, -6.2605593","1032.73","2025-04-24 22:40:00","2025-04-25 08:05:00","","154","Thursday","night","long","standard","5499746071568052389"
"2024-11-21","2025-04-24","BOD","DUB","Dublin","https://www.kayak.fr/flights/BOD-DUB/2025-04-24?sort=price_a","07:00","14:30","510","148.0","False","BOD","DUB","N/A","N/A","N/A","","easyJet","Ryanair","N/A","44.837789, -0.57918","53.3493795, -6.2605593","1032.73","2025-04-24 07:00:00","2025-04-24 14:30:00","","154","Thursday","morning","long","standard","7193639975686056080"
"2024-11-21","2025-04-24","BOD","DUB","Dublin","https://www.kayak.fr/flights/BOD-DUB/2025-04-24?sort=price_a","07:00","16:10","610","148.0","False","BOD","DUB","N/A","N/A","N/A","","easyJet","Ryanair","N/A","44.837789, -0.57918","53.3493795, -6.2605593","1032.73","2025-04-24 07:00:00","2025-04-24 16:10:00","","154","Thursday","morning","long","standard","57937123329766716"
"2024-11-21","2025-04-24","BOD","DUB","Dublin","https://www.kayak.fr/flights/BOD-DUB/2025-04-24?sort=price_a","22:10","08:05+1","655","149.0","False","BOD","DUB","N/A","N/A","FRA","620.0","Lufthansa","N/A","Economy Light","44.837789, -0.57918","53.3493795, -6.2605593","1032.73","2025-04-24 22:10:00","2025-04-25 08:05:00","35.0","154","Thursday","night","long","standard","8639137997909392713"
"2024-11-21","2025-04-24","BOD","DUB","Dublin","https://www.kayak.fr/flights/BOD-DUB/2025-04-24?sort=price_a","20:00","09:10+1","850","157.0","False","BOD","DUB","N/A","N/A","FRA","620.0","Lufthansa","N/A","Economy Light","44.837789, -0.57918","53.3493795, -6.2605593","1032.73","2025-04-24 20:00:00","2025-04-25 09:10:00","230.0","154","Thursday","evening","long","high","3398885450929964499"
"2024-11-21","2025-04-24","BOD","DUB","Dublin","https://www.kayak.fr/flights/BOD-DUB/2025-04-24?sort=price_a","13:35","00:40+1","725","158.0","False","BOD","DUB","N/A","N/A","FRA","620.0","Lufthansa","N/A","Economy Light","44.837789, -0.57918","53.3493795, -6.2605593","1032.73","2025-04-24 13:35:00","2025-04-25 00:40:00","105.0","154","Thursday","afternoon","long","high","8302262284887303225"
"2024-11-21","2025-04-24","BOD","DUB","Dublin","https://www.kayak.fr/flights/BOD-DUB/2025-04-24?sort=price_a","13:35","19:40","425","159.0","False","BOD","DUB","N/A","N/A","FRA","620.0","Lufthansa","N/A","N/A","44.837789, -0.57918","53.3493795, -6.2605593","1032.73","2025-04-24 13:35:00","2025-04-24 19:40:00","","154","Thursday","afternoon","long","high","6507994249719123313"
"2024-11-21","2025-04-24","BOD","DUB","Dublin","https://www.kayak.fr/flights/BOD-DUB/2025-04-24?sort=price_a","22:40","09:00+1","680","160.0","False","BOD","DUB","N/A","N/A","N/A","","British Airways","Aer Lingus","N/A","44.837789, -0.57918","53.3493795, -6.2605593","1032.73","2025-04-24 22:40:00","2025-04-25 09:00:00","","154","Thursday","night","long","high","4436354743389280370"
"2024-11-21","2025-04-24","BOD","DUB","Dublin","https://www.kayak.fr/flights/BOD-DUB/2025-04-24?sort=price_a","07:00","18:10","730","160.0","False","BOD","DUB","N/A","N/A","FRA","620.0","Lufthansa","N/A","N/A","44.837789, -0.57918","53.3493795, -6.2605593","1032.73","2025-04-24 07:00:00","2025-04-24 18:10:00","110.0","154","Thursday","morning","long","high","5044041836218215527"
"2024-11-21","2025-04-24","BOD","DUB","Dublin","https://www.kayak.fr/flights/BOD-DUB/2025-04-24?sort=price_a","22:40","10:15+1","755","160.0","False","BOD","DUB","N/A","N/A","N/A","","British Airways","Aer Lingus","N/A","44.837789, -0.57918","53.3493795, -6.2605593","1032.73","2025-04-24 22:40:00","2025-04-25 10:15:00","","154","Thursday","night","long","high","3574923440316667950"
"2024-11-21","2025-04-25","BOD","DUB","Dublin","https://www.kayak.fr/flights/BOD-DUB/2025-04-25?sort=price_a","10:50","11:50","120","103.0","True","BOD","DUB","N/A","N/A","N/A","","Aer Lingus","N/A","Saver","44.837789, -0.57918","53.3493795, -6.2605593","1032.73","2025-04-25 10:50:00","2025-04-25 11:50:00","","155","Friday","morning","court","cheap","2575046865163409089"
"2024-11-21","2025-04-25","BOD","DUB","Dublin","https://www.kayak.fr/flights/BOD-DUB/2025-04-25?sort=price_a","14:15","20:05","410","137.0","False","BOD","DUB","N/A","N/A","N/A","","Aer Lingus","N/A","Saver","44.837789, -0.57918","53.3493795, -6.2605593","1032.73","2025-04-25 14:15:00","2025-04-25 20:05:00","","155","Friday","afternoon","long","standard","1692736947295964422"
"2024-11-21","2025-04-25","BOD","DUB","Dublin","https://www.kayak.fr/flights/BOD-DUB/2025-04-25?sort=price_a","17:10","00:10+1","480","167.0","False","BOD","DUB","N/A","N/A","N/A","","Aer Lingus","N/A","Saver","44.837789, -0.57918","53.3493795, -6.2605593","1032.73","2025-04-25 17:10:00","2025-04-26 00:10:00","","155","Friday","evening","long","high","806334539928266413"
"2024-11-21","2025-04-25","BOD","DUB","Dublin","https://www.kayak.fr/flights/BOD-DUB/2025-04-25?sort=price_a","12:30","18:05","395","186.0","False","BOD","DUB","N/A","N/A","N/A","","Aer Lingus","N/A","N/A","44.837789, -0.57918","53.3493795, -6.2605593","1032.73","2025-04-25 12:30:00","2025-04-25 18:05:00","","155","Friday","afternoon","long","high","5724140823260622727"
"2024-11-21","2025-04-25","BOD","DUB","Dublin","https://www.kayak.fr/flights/BOD-DUB/2025-04-25?sort=price_a","07:00","15:15","555","186.0","False","BOD","DUB","N/A","N/A","N/A","","easyJet","Ryanair","N/A","44.837789, -0.57918","53.3493795, -6.2605593","1032.73","2025-04-25 07:00:00","2025-04-25 15:15:00","","155","Friday","morning","long","high","4365776315035396047"
"2024-11-21","2025-04-25","BOD","DUB","Dublin","https://www.kayak.fr/flights/BOD-DUB/2025-04-25?sort=price_a","17:10","22:20","370","188.0","False","BOD","DUB","N/A","N/A","N/A","","Aer Lingus","N/A","N/A","44.837789, -0.57918","53.3493795, -6.2605593","1032.73","2025-04-25 17:10:00","2025-04-25 22:20:00","","155","Friday","evening","long","high","3573943177330814703"
"2024-11-21","2025-04-25","BOD","DUB","Dublin","https://www.kayak.fr/flights/BOD-DUB/2025-04-25?sort=price_a","14:15","20:20","425","190.0","False","BOD","DUB","N/A","N/A","N/A","","easyJet","Aer Lingus","N/A","44.837789, -0.57918","53.3493795, -6.2605593","1032.73","2025-04-25 14:15:00","2025-04-25 20:20:00","","155","Friday","afternoon","long","high","8796851502073230819"
"2024-11-21","2025-04-25","BOD","DUB","Dublin","https://www.kayak.fr/flights/BOD-DUB/2025-04-25?sort=price_a","14:15","21:45","510","190.0","False","BOD","DUB","N/A","N/A","N/A","","easyJet","Aer Lingus","N/A","44.837789, -0.57918","53.3493795, -6.2605593","1032.73","2025-04-25 14:15:00","2025-04-25 21:45:00","","155","Friday","afternoon","long","high","8823230754860702519"
"2024-11-21","2025-04-25","BOD","DUB","Dublin","https://www.kayak.fr/flights/BOD-DUB/2025-04-25?sort=price_a","07:00","14:35","515","190.0","False","BOD","DUB","N/A","N/A","BRS","250.0","easyJet","Ryanair","Standard","44.837789, -0.57918","53.3493795, -6.2605593","1032.73","2025-04-25 07:00:00","2025-04-25 14:35:00","265.0","155","Friday","morning","long","high","3362964017378793115"
"2024-11-21","2025-04-25","BOD","DUB","Dublin","https://www.kayak.fr/flights/BOD-DUB/2025-04-25?sort=price_a","08:38","19:15","697","190.0","False","BOD","DUB","N/A","N/A","BRS","250.0","easyJet","Ryanair","Standard","44.837789, -0.57918","53.3493795, -6.2605593","1032.73","2025-04-25 08:38:00","2025-04-25 19:15:00","447.0","155","Friday","morning","long","high","5747994906205707205"
"2024-11-21","2025-04-25","BOD","DUB","Dublin","https://www.kayak.fr/flights/BOD-DUB/2025-04-25?sort=price_a","07:00","13:45","465","201.0","False","BOD","DUB","N/A","N/A","BRS","250.0","easyJet","Ryanair","Standard","44.837789, -0.57918","53.3493795, -6.2605593","1032.73","2025-04-25 07:00:00","2025-04-25 13:45:00","215.0","155","Friday","morning","long","high","8963127084993277878"
"2024-11-21","2025-04-25","BOD","DUB","Dublin","https://www.kayak.fr/flights/BOD-DUB/2025-04-25?sort=price_a","17:10","00:55+1","525","205.0","False","BOD","DUB","N/A","N/A","BRS","250.0","easyJet","Ryanair","N/A","44.837789, -0.57918","53.3493795, -6.2605593","1032.73","2025-04-25 17:10:00","2025-04-26 00:55:00","275.0","155","Friday","evening","long","high","5170176641130436534"
"2024-11-21","2025-04-25","BOD","DUB","Dublin","https://www.kayak.fr/flights/BOD-DUB/2025-04-25?sort=price_a","07:05","15:15","550","212.0","False","BOD","DUB","N/A","N/A","N/A","","easyJet","Ryanair","N/A","44.837789, -0.57918","53.3493795, -6.2605593","1032.73","2025-04-25 07:05:00","2025-04-25 15:15:00","","155","Friday","morning","long","high","2215474572896533294"
"2024-11-21","2025-04-25","BOD","DUB","Dublin","https://www.kayak.fr/flights/BOD-DUB/2025-04-25?sort=price_a","17:40","00:55+1","495","213.0","False","BOD","DUB","N/A","N/A","BRS","250.0","easyJet","Ryanair","N/A","44.837789, -0.57918","53.3493795, -6.2605593","1032.73","2025-04-25 17:40:00","2025-04-26 00:55:00","245.0","155","Friday","evening","long","high","6500036589363664082"
"2024-11-21","2025-04-25","BOD","DUB","Dublin","https://www.kayak.fr/flights/BOD-DUB/2025-04-25?sort=price_a","07:00","14:50","530","220.0","False","BOD","DUB","N/A","N/A","N/A","","easyJet","Aer Lingus","N/A","44.837789, -0.57918","53.3493795, -6.2605593","1032.73","2025-04-25 07:00:00","2025-04-25 14:50:00","","155","Friday","morning","long","high","9061287773329085757"
"2024-11-21","2025-04-26","BOD","DUB","Dublin","https://www.kayak.fr/flights/BOD-DUB/2025-04-26?sort=price_a","21:45","09:35+1","770","116.0","False","BOD","DUB","N/A","N/A","N/A","","easyJet","Ryanair","Standard","44.837789, -0.57918","53.3493795, -6.2605593","1032.73","2025-04-26 21:45:00","2025-04-27 09:35:00","","156","Saturday","evening","long","standard","4801874663577475169"
"2024-11-21","2025-04-26","BOD","DUB","Dublin","https://www.kayak.fr/flights/BOD-DUB/2025-04-26?sort=price_a","10:50","11:50","120","118.0","True","BOD","DUB","N/A","N/A","N/A","","easyJet","Ryanair","Standard","44.837789, -0.57918","53.3493795, -6.2605593","1032.73","2025-04-26 10:50:00","2025-04-26 11:50:00","","156","Saturday","morning","court","standard","6719838420857214693"
"2024-11-21","2025-04-26","BOD","DUB","Dublin","https://www.kayak.fr/flights/BOD-DUB/2025-04-26?sort=price_a","06:35","14:40","545","204.0","False","BOD","DUB","N/A","N/A","N/A","","easyJet","Ryanair","Standard","44.837789, -0.57918","53.3493795, -6.2605593","1032.73","2025-04-26 06:35:00","2025-04-26 14:40:00","","156","Saturday","morning","long","high","6026540535499633863"
"2024-11-21","2025-04-26","BOD","DUB","Dublin","https://www.kayak.fr/flights/BOD-DUB/2025-04-26?sort=price_a","06:35","13:45","490","220.0","False","BOD","DUB","N/A","N/A","N/A","","easyJet","Ryanair","N/A","44.837789, -0.57918","53.3493795, -6.2605593","1032.73","2025-04-26 06:35:00","2025-04-26 13:45:00","","156","Saturday","morning","long","high","1256987630431485098"
"2024-11-21","2025-04-26","BOD","DUB","Dublin","https://www.kayak.fr/flights/BOD-DUB/2025-04-26?sort=price_a","06:00","11:00","360","236.0","False","BOD","DUB","N/A","N/A","N/A","","Air France","Aer Lingus","N/A","44.837789, -0.57918","53.3493795, -6.2605593","1032.73","2025-04-26 06:00:00","2025-04-26 11:00:00","","156","Saturday","morning","moyen","high","6212607710098857965"
"2024-11-21","2025-04-26","BOD","DUB","Dublin","https://www.kayak.fr/flights/BOD-DUB/2025-04-26?sort=price_a","09:05","16:55","530","245.0","False","BOD","DUB","N/A","N/A","N/A","","easyJet","Ryanair","N/A","44.837789, -0.57918","53.3493795, -6.2605593","1032.73","2025-04-26 09:05:00","2025-04-26 16:55:00","","156","Saturday","morning","long","high","875865475437532490"
"2024-11-21","2025-04-26","BOD","DUB","Dublin","https://www.kayak.fr/flights/BOD-DUB/2025-04-26?sort=price_a","14:00","21:45","525","249.0","False","BOD","DUB","N/A","N/A","N/A","","Vueling","Ryanair","N/A","44.837789, -0.57918","53.3493795, -6.2605593","1032.73","2025-04-26 14:00:00","2025-04-26 21:45:00","","156","Saturday","afternoon","long","high","522308982623956033"
"2024-11-21","2025-04-26","BOD","DUB","Dublin","https://www.kayak.fr/flights/BOD-DUB/2025-04-26?sort=price_a","14:00","21:20","500","270.0","False","BOD","DUB","N/A","N/A","N/A","","Vueling","Ryanair","N/A","44.837789, -0.57918","53.3493795, -6.2605593","1032.73","2025-04-26 14:00:00","2025-04-26 21:20:00","","156","Saturday","afternoon","long","high","7842577467582809696"
"2024-11-21","2025-04-26","BOD","DUB","Dublin","https://www.kayak.fr/flights/BOD-DUB/2025-04-26?sort=price_a","12:55","22:40","645","270.0","False","BOD","DUB","N/A","N/A","N/A","","Aer Lingus","N/A","Saver","44.837789, -0.57918","53.3493795, -6.2605593","1032.73","2025-04-26 12:55:00","2025-04-26 22:40:00","","156","Saturday","afternoon","long","high","641166826677122292"
"2024-11-21","2025-04-26","BOD","DUB","Dublin","https://www.kayak.fr/flights/BOD-DUB/2025-04-26?sort=price_a","14:50","22:25","515","275.0","False","BOD","DUB","N/A","N/A","N/A","","Aer Lingus","N/A","Saver","44.837789, -0.57918","53.3493795, -6.2605593","1032.73","2025-04-26 14:50:00","2025-04-26 22:25:00","","156","Saturday","afternoon","long","high","8689409311358193972"
"2024-11-21","2025-04-26","BOD","DUB","Dublin","https://www.kayak.fr/flights/BOD-DUB/2025-04-26?sort=price_a","17:55","22:40","345","277.0","False","BOD","DUB","N/A","N/A","N/A","","Aer Lingus","N/A","Saver","44.837789, -0.57918","53.3493795, -6.2605593","1032.73","2025-04-26 17:55:00","2025-04-26 22:40:00","","156","Saturday","evening","moyen","high","722446010453722730"
"2024-11-21","2025-04-26","BOD","DUB","Dublin","https://www.kayak.fr/flights/BOD-DUB/2025-04-26?sort=price_a","08:05","15:00","475","286.0","False","BOD","DUB","N/A","N/A","N/A","","Aer Lingus","N/A","N/A","44.837789, -0.57918","53.3493795, -6.2605593","1032.73","2025-04-26 08:05:00","2025-04-26 15:00:00","","156","Saturday","morning","long","high","4444612580686615093"
"2024-11-21","2025-04-26","BOD","DUB","Dublin","https://www.kayak.fr/flights/BOD-DUB/2025-04-26?sort=price_a","14:50","22:25","515","288.0","False","BOD","DUB","N/A","N/A","N/A","","Volotea","Iberia","N/A","44.837789, -0.57918","53.3493795, -6.2605593","1032.73","2025-04-26 14:50:00","2025-04-26 22:25:00","","156","Saturday","afternoon","long","high","5502884091988585045"
"2024-11-21","2025-04-26","BOD","DUB","Dublin","https://www.kayak.fr/flights/BOD-DUB/2025-04-26?sort=price_a","06:00","12:10","430","289.0","False","BOD","DUB","N/A","N/A","N/A","","Aer Lingus","N/A","N/A","44.837789, -0.57918","53.3493795, -6.2605593","1032.73","2025-04-26 06:00:00","2025-04-26 12:10:00","","156","Saturday","morning","long","high","6446538005035442049"
"2024-11-21","2025-04-26","BOD","DUB","Dublin","https://www.kayak.fr/flights/BOD-DUB/2025-04-26?sort=price_a","06:00","14:10","550","289.0","False","BOD","DUB","N/A","N/A","N/A","","Air France","Aer Lingus","N/A","44.837789, -0.57918","53.3493795, -6.2605593","1032.73","2025-04-26 06:00:00","2025-04-26 14:10:00","","156","Saturday","morning","long","high","5318991410812473142"
"2024-11-21","2025-04-27","BOD","DUB","Dublin","https://www.kayak.fr/flights/BOD-DUB/2025-04-27?sort=price_a","21:20","09:35+1","795","91.0","False","BOD","DUB","N/A","N/A","N/A","","easyJet","Ryanair","Standard","44.837789, -0.57918","53.3493795, -6.2605593","1032.73","2025-04-27 21:20:00","2025-04-28 09:35:00","","157","Sunday","evening","long","cheap","4844293116072149828"
"2024-11-21","2025-04-27","BOD","DUB","Dublin","https://www.kayak.fr/flights/BOD-DUB/2025-04-27?sort=price_a","15:00","23:00","540","199.0","False","BOD","DUB","N/A","N/A","N/A","","easyJet","Ryanair","Standard","44.837789, -0.57918","53.3493795, -6.2605593","1032.73","2025-04-27 15:00:00","2025-04-27 23:00:00","","157","Sunday","afternoon","long","high","3958820570524675961"
"2024-11-21","2025-04-27","BOD","DUB","Dublin","https://www.kayak.fr/flights/BOD-DUB/2025-04-27?sort=price_a","13:20","21:00","520","209.0","False","BOD","DUB","N/A","N/A","N/A","","easyJet","Ryanair","Standard","44.837789, -0.57918","53.3493795, -6.2605593","1032.73","2025-04-27 13:20:00","2025-04-27 21:00:00","","157","Sunday","afternoon","long","high","6804018893439308293"
"2024-11-21","2025-04-27","BOD","DUB","Dublin","https://www.kayak.fr/flights/BOD-DUB/2025-04-27?sort=price_a","11:58","19:05","487","218.0","False","BOD","DUB","N/A","N/A","N/A","","easyJet","Ryanair","N/A","44.837789, -0.57918","53.3493795, -6.2605593","1032.73","2025-04-27 11:58:00","2025-04-27 19:05:00","","157","Sunday","morning","long","high","4551172775120300051"
"2024-11-21","2025-04-27","BOD","DUB","Dublin","https://www.kayak.fr/flights/BOD-DUB/2025-04-27?sort=price_a","17:55","22:40","345","220.0","False","BOD","DUB","N/A","N/A","N/A","","Air France","N/A","N/A","44.837789, -0.57918","53.3493795, -6.2605593","1032.73","2025-04-27 17:55:00","2025-04-27 22:40:00","","157","Sunday","evening","moyen","high","6119343843550928071"
"2024-11-21","2025-04-27","BOD","DUB","Dublin","https://www.kayak.fr/flights/BOD-DUB/2025-04-27?sort=price_a","14:20","21:35","495","225.0","False","BOD","DUB","N/A","N/A","N/A","","easyJet","Ryanair","N/A","44.837789, -0.57918","53.3493795, -6.2605593","1032.73","2025-04-27 14:20:00","2025-04-27 21:35:00","","157","Sunday","afternoon","long","high","2804059317987886745"
"2024-11-21","2025-04-27","BOD","DUB","Dublin","https://www.kayak.fr/flights/BOD-DUB/2025-04-27?sort=price_a","17:55","18:55","120","234.0","True","BOD","DUB","N/A","N/A","N/A","","Aer Lingus","N/A","N/A","44.837789, -0.57918","53.3493795, -6.2605593","1032.73","2025-04-27 17:55:00","2025-04-27 18:55:00","","157","Sunday","evening","court","high","6160768242721199211"
"2024-11-21","2025-04-27","BOD","DUB","Dublin","https://www.kayak.fr/flights/BOD-DUB/2025-04-27?sort=price_a","19:25","00:45+1","380","239.0","False","BOD","DUB","N/A","N/A","N/A","","easyJet","Ryanair","N/A","44.837789, -0.57918","53.3493795, -6.2605593","1032.73","2025-04-27 19:25:00","2025-04-28 00:45:00","","157","Sunday","evening","long","high","5627766320121622592"
"2024-11-21","2025-04-27","BOD","DUB","Dublin","https://www.kayak.fr/flights/BOD-DUB/2025-04-27?sort=price_a","07:00","11:15","315","241.0","False","BOD","DUB","N/A","N/A","LYS","150.0","easyJet","Ryanair","Standard","44.837789, -0.57918","53.3493795, -6.2605593","1032.73","2025-04-27 07:00:00","2025-04-27 11:15:00","165.0","157","Sunday","morning","moyen","high","8095086979955762511"
"2024-11-21","2025-04-27","BOD","DUB","Dublin","https://www.kayak.fr/flights/BOD-DUB/2025-04-27?sort=price_a","14:10","20:25","435","241.0","False","BOD","DUB","N/A","N/A","LYS","150.0","easyJet","Ryanair","Standard","44.837789, -0.57918","53.3493795, -6.2605593","1032.73","2025-04-27 14:10:00","2025-04-27 20:25:00","285.0","157","Sunday","afternoon","long","high","1198220090151593746"
"2024-11-21","2025-04-27","BOD","DUB","Dublin","https://www.kayak.fr/flights/BOD-DUB/2025-04-27?sort=price_a","07:00","13:35","455","241.0","False","BOD","DUB","N/A","N/A","LYS","150.0","easyJet","Ryanair","Standard","44.837789, -0.57918","53.3493795, -6.2605593","1032.73","2025-04-27 07:00:00","2025-04-27 13:35:00","305.0","157","Sunday","morning","long","high","8296730349354582181"
"2024-11-21","2025-04-27","BOD","DUB","Dublin","https://www.kayak.fr/flights/BOD-DUB/2025-04-27?sort=price_a","11:00","18:55","535","246.0","False","BOD","DUB","N/A","N/A","LYS","150.0","easyJet","Ryanair","N/A","44.837789, -0.57918","53.3493795, -6.2605593","1032.73","2025-04-27 11:00:00","2025-04-27 18:55:00","385.0","157","Sunday","morning","long","high","8130443125922630491"
"2024-11-21","2025-04-27","BOD","DUB","Dublin","https://www.kayak.fr/flights/BOD-DUB/2025-04-27?sort=price_a","15:30","21:15","405","251.0","False","BOD","DUB","N/A","N/A","N/A","","Transavia France","Aer Lingus","N/A","44.837789, -0.57918","53.3493795, -6.2605593","1032.73","2025-04-27 15:30:00","2025-04-27 21:15:00","","157","Sunday","afternoon","long","high","2543443472699620591"
"2024-11-21","2025-04-27","BOD","DUB","Dublin","https://www.kayak.fr/flights/BOD-DUB/2025-04-27?sort=price_a","17:10","20:15","245","255.0","False","BOD","DUB","N/A","N/A","LYS","150.0","easyJet","Ryanair","N/A","44.837789, -0.57918","53.3493795, -6.2605593","1032.73","2025-04-27 17:10:00","2025-04-27 20:15:00","95.0","157","Sunday","evening","moyen","high","2707633556913320283"
"2024-11-21","2025-04-27","BOD","DUB","Dublin","https://www.kayak.fr/flights/BOD-DUB/2025-04-27?sort=price_a","11:00","18:40","520","258.0","False","BOD","DUB","N/A","N/A","N/A","","easyJet","Ryanair","N/A","44.837789, -0.57918","53.3493795, -6.2605593","1032.73","2025-04-27 11:00:00","2025-04-27 18:40:00","","157","Sunday","morning","long","high","5339125054513519463"
"2024-11-21","2025-04-28","BOD","DUB","Dublin","https://www.kayak.fr/flights/BOD-DUB/2025-04-28?sort=price_a","21:25","12:05+1","940","92.0","False","BOD","DUB","N/A","N/A","N/A","","easyJet","Ryanair","Standard","44.837789, -0.57918","53.3493795, -6.2605593","1032.73","2025-04-28 21:25:00","2025-04-29 12:05:00","","158","Monday","evening","long","cheap","8068887050080226333"
"2024-11-21","2025-04-28","BOD","DUB","Dublin","https://www.kayak.fr/flights/BOD-DUB/2025-04-28?sort=price_a","10:50","11:50","120","103.0","True","BOD","DUB","N/A","N/A","N/A","","easyJet","Ryanair","Standard","44.837789, -0.57918","53.3493795, -6.2605593","1032.73","2025-04-28 10:50:00","2025-04-28 11:50:00","","158","Monday","morning","court","cheap","8161014135014590100"
"2024-11-21","2025-04-28","BOD","DUB","Dublin","https://www.kayak.fr/flights/BOD-DUB/2025-04-28?sort=price_a","11:58","19:10","492","124.0","False","BOD","DUB","N/A","N/A","N/A","","easyJet","Ryanair","Standard","44.837789, -0.57918","53.3493795, -6.2605593","1032.73","2025-04-28 11:58:00","2025-04-28 19:10:00","","158","Monday","morning","long","standard","5217273804614853125"
"2024-11-21","2025-04-28","BOD","DUB","Dublin","https://www.kayak.fr/flights/BOD-DUB/2025-04-28?sort=price_a","07:00","11:10","310","143.0","False","BOD","DUB","N/A","N/A","N/A","","easyJet","Ryanair","N/A","44.837789, -0.57918","53.3493795, -6.2605593","1032.73","2025-04-28 07:00:00","2025-04-28 11:10:00","","158","Monday","morning","moyen","standard","4080981475791582975"
"2024-11-21","2025-04-28","BOD","DUB","Dublin","https://www.kayak.fr/flights/BOD-DUB/2025-04-28?sort=price_a","16:30","23:20","470","155.0","False","BOD","DUB","N/A","N/A","N/A","","easyJet","Ryanair","N/A","44.837789, -0.57918","53.3493795, -6.2605593","1032.73","2025-04-28 16:30:00","2025-04-28 23:20:00","","158","Monday","afternoon","long","high","6496806020716337123"
"2024-11-21","2025-04-28","BOD","DUB","Dublin","https://www.kayak.fr/flights/BOD-DUB/2025-04-28?sort=price_a","14:55","22:40","525","155.0","False","BOD","DUB","N/A","N/A","N/A","","easyJet","Ryanair","N/A","44.837789, -0.57918","53.3493795, -6.2605593","1032.73","2025-04-28 14:55:00","2025-04-28 22:40:00","","158","Monday","afternoon","long","high","8739950369569827964"
"2024-11-21","2025-04-28","BOD","DUB","Dublin","https://www.kayak.fr/flights/BOD-DUB/2025-04-28?sort=price_a","16:30","22:05","395","157.0","False","BOD","DUB","N/A","N/A","N/A","","easyJet","Ryanair","N/A","44.837789, -0.57918","53.3493795, -6.2605593","1032.73","2025-04-28 16:30:00","2025-04-28 22:05:00","","158","Monday","afternoon","long","high","2753929677211040911"
"2024-11-21","2025-04-28","BOD","DUB","Dublin","https://www.kayak.fr/flights/BOD-DUB/2025-04-28?sort=price_a","07:00","14:40","520","158.0","False","BOD","DUB","N/A","N/A","N/A","","easyJet","Ryanair","N/A","44.837789, -0.57918","53.3493795, -6.2605593","1032.73","2025-04-28 07:00:00","2025-04-28 14:40:00","","158","Monday","morning","long","high","8861652852865012009"
"2024-11-21","2025-04-28","BOD","DUB","Dublin","https://www.kayak.fr/flights/BOD-DUB/2025-04-28?sort=price_a","16:30","20:15","285","162.0","False","BOD","DUB","N/A","N/A","N/A","","Aer Lingus","N/A","Saver","44.837789, -0.57918","53.3493795, -6.2605593","1032.73","2025-04-28 16:30:00","2025-04-28 20:15:00","","158","Monday","afternoon","moyen","high","3822058080343933272"
"2024-11-21","2025-04-28","BOD","DUB","Dublin","https://www.kayak.fr/flights/BOD-DUB/2025-04-28?sort=price_a","16:30","23:10","460","166.0","False","BOD","DUB","N/A","N/A","N/A","","Aer Lingus","N/A","Saver","44.837789, -0.57918","53.3493795, -6.2605593","1032.73","2025-04-28 16:30:00","2025-04-28 23:10:00","","158","Monday","afternoon","long","high","185534557097696605"
"2024-11-21","2025-04-28","BOD","DUB","Dublin","https://www.kayak.fr/flights/BOD-DUB/2025-04-28?sort=price_a","23:00","07:05+1","545","166.0","False","BOD","DUB","N/A","N/A","N/A","","Aer Lingus","N/A","Saver","44.837789, -0.57918","53.3493795, -6.2605593","1032.73","2025-04-28 23:00:00","2025-04-29 07:05:00","","158","Monday","night","long","high","7845483293235221741"
"2024-11-21","2025-04-28","BOD","DUB","Dublin","https://www.kayak.fr/flights/BOD-DUB/2025-04-28?sort=price_a","08:55","13:15","320","168.0","False","BOD","DUB","N/A","N/A","N/A","","Aer Lingus","N/A","N/A","44.837789, -0.57918","53.3493795, -6.2605593","1032.73","2025-04-28 08:55:00","2025-04-28 13:15:00","","158","Monday","morning","moyen","high","5758383531044915986"
"2024-11-21","2025-04-28","BOD","DUB","Dublin","https://www.kayak.fr/flights/BOD-DUB/2025-04-28?sort=price_a","16:30","22:55","445","170.0","False","BOD","DUB","N/A","N/A","N/A","","easyJet","Ryanair","N/A","44.837789, -0.57918","53.3493795, -6.2605593","1032.73","2025-04-28 16:30:00","2025-04-28 22:55:00","","158","Monday","afternoon","long","high","7269169090397134088"
"2024-11-21","2025-04-28","BOD","DUB","Dublin","https://www.kayak.fr/flights/BOD-DUB/2025-04-28?sort=price_a","07:00","14:35","515","174.0","False","BOD","DUB","N/A","N/A","N/A","","Aer Lingus","N/A","N/A","44.837789, -0.57918","53.3493795, -6.2605593","1032.73","2025-04-28 07:00:00","2025-04-28 14:35:00","","158","Monday","morning","long","high","4292682436321685746"
"2024-11-21","2025-04-28","BOD","DUB","Dublin","https://www.kayak.fr/flights/BOD-DUB/2025-04-28?sort=price_a","10:55","16:55","420","179.0","False","BOD","DUB","N/A","N/A","N/A","","Lufthansa","N/A","N/A","44.837789, -0.57918","53.3493795, -6.2605593","1032.73","2025-04-28 10:55:00","2025-04-28 16:55:00","","158","Monday","morning","long","high","7368354821899922470"
"2024-11-21","2025-04-29","BOD","DUB","Dublin","https://www.kayak.fr/flights/BOD-DUB/2025-04-29?sort=price_a","07:00","16:05","605","97.0","False","BOD","DUB","N/A","N/A","N/A","","easyJet","Ryanair","Standard","44.837789, -0.57918","53.3493795, -6.2605593","1032.73","2025-04-29 07:00:00","2025-04-29 16:05:00","","159","Tuesday","morning","long","cheap","7487787180000194473"
"2024-11-21","2025-04-29","BOD","DUB","Dublin","https://www.kayak.fr/flights/BOD-DUB/2025-04-29?sort=price_a","07:00","17:55","715","97.0","False","BOD","DUB","N/A","N/A","N/A","","easyJet","Ryanair","Standard","44.837789, -0.57918","53.3493795, -6.2605593","1032.73","2025-04-29 07:00:00","2025-04-29 17:55:00","","159","Tuesday","morning","long","cheap","4630166307106127683"
"2024-11-21","2025-04-29","BOD","DUB","Dublin","https://www.kayak.fr/flights/BOD-DUB/2025-04-29?sort=price_a","07:00","20:20","860","97.0","False","BOD","DUB","N/A","N/A","N/A","","easyJet","Ryanair","Standard","44.837789, -0.57918","53.3493795, -6.2605593","1032.73","2025-04-29 07:00:00","2025-04-29 20:20:00","","159","Tuesday","morning","long","cheap","6650090995331614471"
"2024-11-21","2025-04-29","BOD","DUB","Dublin","https://www.kayak.fr/flights/BOD-DUB/2025-04-29?sort=price_a","17:10","22:25","375","98.0","False","BOD","DUB","N/A","N/A","N/A","","easyJet","Ryanair","N/A","44.837789, -0.57918","53.3493795, -6.2605593","1032.73","2025-04-29 17:10:00","2025-04-29 22:25:00","","159","Tuesday","evening","long","cheap","1106736731953236396"
"2024-11-21","2025-04-29","BOD","DUB","Dublin","https://www.kayak.fr/flights/BOD-DUB/2025-04-29?sort=price_a","07:00","11:05","305","99.0","False","BOD","DUB","N/A","N/A","N/A","","easyJet","Ryanair","N/A","44.837789, -0.57918","53.3493795, -6.2605593","1032.73","2025-04-29 07:00:00","2025-04-29 11:05:00","","159","Tuesday","morning","moyen","cheap","4853343407880816956"
"2024-11-21","2025-04-29","BOD","DUB","Dublin","https://www.kayak.fr/flights/BOD-DUB/2025-04-29?sort=price_a","07:00","14:35","515","99.0","False","BOD","DUB","N/A","N/A","N/A","","easyJet","Ryanair","N/A","44.837789, -0.57918","53.3493795, -6.2605593","1032.73","2025-04-29 07:00:00","2025-04-29 14:35:00","","159","Tuesday","morning","long","cheap","5060191769304266627"
"2024-11-21","2025-04-29","BOD","DUB","Dublin","https://www.kayak.fr/flights/BOD-DUB/2025-04-29?sort=price_a","11:50","22:25","695","99.0","False","BOD","DUB","N/A","N/A","N/A","","KLM","N/A","N/A","44.837789, -0.57918","53.3493795, -6.2605593","1032.73","2025-04-29 11:50:00","2025-04-29 22:25:00","","159","Tuesday","morning","long","cheap","8538911222730192939"
"2024-11-21","2025-04-29","BOD","DUB","Dublin","https://www.kayak.fr/flights/BOD-DUB/2025-04-29?sort=price_a","07:00","19:00","780","99.0","False","BOD","DUB","N/A","N/A","N/A","","easyJet","Ryanair","N/A","44.837789, -0.57918","53.3493795, -6.2605593","1032.73","2025-04-29 07:00:00","2025-04-29 19:00:00","","159","Tuesday","morning","long","cheap","7301018786643438764"
"2024-11-21","2025-04-29","BOD","DUB","Dublin","https://www.kayak.fr/flights/BOD-DUB/2025-04-29?sort=price_a","07:00","20:25","865","99.0","False","BOD","DUB","N/A","N/A","N/A","","easyJet","Ryanair","Standard","44.837789, -0.57918","53.3493795, -6.2605593","1032.73","2025-04-29 07:00:00","2025-04-29 20:25:00","","159","Tuesday","morning","long","cheap","8689974364728285648"
"2024-11-21","2025-04-29","BOD","DUB","Dublin","https://www.kayak.fr/flights/BOD-DUB/2025-04-29?sort=price_a","07:00","21:20","920","99.0","False","BOD","DUB","N/A","N/A","N/A","","easyJet","Ryanair","Standard","44.837789, -0.57918","53.3493795, -6.2605593","1032.73","2025-04-29 07:00:00","2025-04-29 21:20:00","","159","Tuesday","morning","long","cheap","642372925011027632"
"2024-11-21","2025-04-29","BOD","DUB","Dublin","https://www.kayak.fr/flights/BOD-DUB/2025-04-29?sort=price_a","18:40","23:00","320","100.0","False","BOD","DUB","N/A","N/A","N/A","","easyJet","Ryanair","Standard","44.837789, -0.57918","53.3493795, -6.2605593","1032.73","2025-04-29 18:40:00","2025-04-29 23:00:00","","159","Tuesday","evening","moyen","cheap","222916971438960706"
"2024-11-21","2025-04-29","BOD","DUB","Dublin","https://www.kayak.fr/flights/BOD-DUB/2025-04-29?sort=price_a","20:00","09:10+1","850","100.0","False","BOD","DUB","N/A","N/A","N/A","","easyJet","Ryanair","N/A","44.837789, -0.57918","53.3493795, -6.2605593","1032.73","2025-04-29 20:00:00","2025-04-30 09:10:00","","159","Tuesday","evening","long","cheap","6703224094221740935"
"2024-11-21","2025-04-29","BOD","DUB","Dublin","https://www.kayak.fr/flights/BOD-DUB/2025-04-29?sort=price_a","17:10","08:20+1","970","100.0","False","BOD","DUB","N/A","N/A","N/A","","KLM","N/A","N/A","44.837789, -0.57918","53.3493795, -6.2605593","1032.73","2025-04-29 17:10:00","2025-04-30 08:20:00","","159","Tuesday","evening","long","cheap","3718593658069011558"
"2024-11-21","2025-04-29","BOD","DUB","Dublin","https://www.kayak.fr/flights/BOD-DUB/2025-04-29?sort=price_a","11:50","20:15","565","104.0","False","BOD","DUB","N/A","N/A","N/A","","easyJet","Ryanair","N/A","44.837789, -0.57918","53.3493795, -6.2605593","1032.73","2025-04-29 11:50:00","2025-04-29 20:15:00","","159","Tuesday","morning","long","cheap","3169278955230325911"
"2024-11-21","2025-04-29","BOD","DUB","Dublin","https://www.kayak.fr/flights/BOD-DUB/2025-04-29?sort=price_a","17:10","20:15","245","108.0","False","BOD","DUB","N/A","N/A","N/A","","KLM","N/A","N/A","44.837789, -0.57918","53.3493795, -6.2605593","1032.73","2025-04-29 17:10:00","2025-04-29 20:15:00","","159","Tuesday","evening","moyen","cheap","5704090389626291539"
"2024-11-21","2025-04-30","BOD","DUB","Dublin","https://www.kayak.fr/flights/BOD-DUB/2025-04-30?sort=price_a","22:05","12:55+1","950","86.0","False","BOD","DUB","N/A","N/A","MAN","775.0","easyJet","Ryanair","Standard","44.837789, -0.57918","53.3493795, -6.2605593","1032.73","2025-04-30 22:05:00","2025-05-01 12:55:00","175.0","160","Wednesday","night","long","cheap","2769608349164120356"
"2024-11-21","2025-04-30","BOD","DUB","Dublin","https://www.kayak.fr/flights/BOD-DUB/2025-04-30?sort=price_a","10:50","11:50","120","92.0","True","BOD","DUB","N/A","N/A","N/A","","easyJet","Ryanair","Standard","44.837789, -0.57918","53.3493795, -6.2605593","1032.73","2025-04-30 10:50:00","2025-04-30 11:50:00","","160","Wednesday","morning","court","cheap","4826044828935181351"
"2024-11-21","2025-04-30","BOD","DUB","Dublin","https://www.kayak.fr/flights/BOD-DUB/2025-04-30?sort=price_a","10:25","18:20","535","114.0","False","BOD","DUB","N/A","N/A","MAN","775.0","easyJet","Ryanair","Standard","44.837789, -0.57918","53.3493795, -6.2605593","1032.73","2025-04-30 10:25:00","2025-04-30 18:20:00","","160","Wednesday","morning","long","standard","1658741648058679720"
"2024-11-21","2025-04-30","BOD","DUB","Dublin","https://www.kayak.fr/flights/BOD-DUB/2025-04-30?sort=price_a","07:00","14:15","495","132.0","False","BOD","DUB","N/A","N/A","MAN","775.0","easyJet","Ryanair","N/A","44.837789, -0.57918","53.3493795, -6.2605593","1032.73","2025-04-30 07:00:00","2025-04-30 14:15:00","","160","Wednesday","morning","long","standard","4065783977218880167"
"2024-11-21","2025-04-30","BOD","DUB","Dublin","https://www.kayak.fr/flights/BOD-DUB/2025-04-30?sort=price_a","07:00","14:35","515","138.0","False","BOD","DUB","N/A","N/A","N/A","","easyJet","Ryanair","N/A","44.837789, -0.57918","53.3493795, -6.2605593","1032.73","2025-04-30 07:00:00","2025-04-30 14:35:00","","160","Wednesday","morning","long","standard","7899431622027101413"
"2024-11-21","2025-04-30","BOD","DUB","Dublin","https://www.kayak.fr/flights/BOD-DUB/2025-04-30?sort=price_a","11:25","18:05","460","142.0","False","BOD","DUB","N/A","N/A","MAN","775.0","easyJet","Ryanair","N/A","44.837789, -0.57918","53.3493795, -6.2605593","1032.73","2025-04-30 11:25:00","2025-04-30 18:05:00","","160","Wednesday","morning","long","standard","9069767597156928529"
"2024-11-21","2025-04-30","BOD","DUB","Dublin","https://www.kayak.fr/flights/BOD-DUB/2025-04-30?sort=price_a","07:00","11:10","310","152.0","False","BOD","DUB","N/A","N/A","N/A","","easyJet","Ryanair","N/A","44.837789, -0.57918","53.3493795, -6.2605593","1032.73","2025-04-30 07:00:00","2025-04-30 11:10:00","","160","Wednesday","morning","moyen","standard","8324575630565698946"
"2024-11-21","2025-04-30","BOD","DUB","Dublin","https://www.kayak.fr/flights/BOD-DUB/2025-04-30?sort=price_a","07:00","14:30","510","160.0","False","BOD","DUB","N/A","N/A","N/A","","easyJet","Ryanair","N/A","44.837789, -0.57918","53.3493795, -6.2605593","1032.73","2025-04-30 07:00:00","2025-04-30 14:30:00","","160","Wednesday","morning","long","high","880179875072624479"
"2024-11-21","2025-04-30","BOD","DUB","Dublin","https://www.kayak.fr/flights/BOD-DUB/2025-04-30?sort=price_a","17:10","20:15","245","166.0","False","BOD","DUB","N/A","N/A","N/A","","Aer Lingus","N/A","Saver","44.837789, -0.57918","53.3493795, -6.2605593","1032.73","2025-04-30 17:10:00","2025-04-30 20:15:00","","160","Wednesday","evening","moyen","high","7234712346000091610"
"2024-11-21","2025-04-30","BOD","DUB","Dublin","https://www.kayak.fr/flights/BOD-DUB/2025-04-30?sort=price_a","10:55","16:55","420","169.0","False","BOD","DUB","N/A","N/A","N/A","","Aer Lingus","N/A","Saver","44.837789, -0.57918","53.3493795, -6.2605593","1032.73","2025-04-30 10:55:00","2025-04-30 16:55:00","","160","Wednesday","morning","long","high","7888612842263184136"
"2024-11-21","2025-04-30","BOD","DUB","Dublin","https://www.kayak.fr/flights/BOD-DUB/2025-04-30?sort=price_a","15:40","23:25","525","171.0","False","BOD","DUB","N/A","N/A","N/A","","Aer Lingus","N/A","Saver","44.837789, -0.57918","53.3493795, -6.2605593","1032.73","2025-04-30 15:40:00","2025-04-30 23:25:00","","160","Wednesday","afternoon","long","high","4210223834619121711"
"2024-11-21","2025-04-30","BOD","DUB","Dublin","https://www.kayak.fr/flights/BOD-DUB/2025-04-30?sort=price_a","07:15","14:35","500","173.0","False","BOD","DUB","N/A","N/A","N/A","","Aer Lingus","N/A","N/A","44.837789, -0.57918","53.3493795, -6.2605593","1032.73","2025-04-30 07:15:00","2025-04-30 14:35:00","","160","Wednesday","morning","long","high","8116742810846483549"
"2024-11-21","2025-04-30","BOD","DUB","Dublin","https://www.kayak.fr/flights/BOD-DUB/2025-04-30?sort=price_a","18:20","23:50","390","179.0","False","BOD","DUB","N/A","N/A","N/A","","easyJet","Aer Lingus","N/A","44.837789, -0.57918","53.3493795, -6.2605593","1032.73","2025-04-30 18:20:00","2025-04-30 23:50:00","","160","Wednesday","evening","long","high","1257260454310968996"
"2024-11-21","2025-04-30","BOD","DUB","Dublin","https://www.kayak.fr/flights/BOD-DUB/2025-04-30?sort=price_a","07:00","13:25","445","184.0","False","BOD","DUB","N/A","N/A","N/A","","Aer Lingus","N/A","N/A","44.837789, -0.57918","53.3493795, -6.2605593","1032.73","2025-04-30 07:00:00","2025-04-30 13:25:00","","160","Wednesday","morning","long","high","6190973841741559321"
"2024-11-21","2025-04-30","BOD","DUB","Dublin","https://www.kayak.fr/flights/BOD-DUB/2025-04-30?sort=price_a","07:00","14:45","525","186.0","False","BOD","DUB","N/A","N/A","N/A","","easyJet","British Airways","N/A","44.837789, -0.57918","53.3493795, -6.2605593","1032.73","2025-04-30 07:00:00","2025-04-30 14:45:00","","160","Wednesday","morning","long","high","2911129369317518615"
"2024-11-21","2025-05-01","BOD","DUB","Dublin","https://www.kayak.fr/flights/BOD-DUB/2025-05-01?sort=price_a","20:45","07:25+1","700","88.0","False","BOD","DUB","N/A","N/A","N/A","","SNCF","Vueling","Économique","44.837789, -0.57918","53.3493795, -6.2605593","1032.73","2025-05-01 20:45:00","2025-05-02 07:25:00","","161","Thursday","evening","long","cheap","7569186436842847140"
"2024-11-21","2025-05-01","BOD","DUB","Dublin","https://www.kayak.fr/flights/BOD-DUB/2025-05-01?sort=price_a","20:00","09:10+1","850","108.0","False","BOD","DUB","N/A","N/A","N/A","","SNCF","Vueling","Économique","44.837789, -0.57918","53.3493795, -6.2605593","1032.73","2025-05-01 20:00:00","2025-05-02 09:10:00","","161","Thursday","evening","long","cheap","5867221507824656046"
"2024-11-21","2025-05-01","BOD","DUB","Dublin","https://www.kayak.fr/flights/BOD-DUB/2025-05-01?sort=price_a","18:50","08:10+1","860","122.0","False","BOD","DUB","N/A","N/A","N/A","","SNCF","Vueling","Économique","44.837789, -0.57918","53.3493795, -6.2605593","1032.73","2025-05-01 18:50:00","2025-05-02 08:10:00","","161","Thursday","evening","long","standard","5659223173380674480"
"2024-11-21","2025-05-01","BOD","DUB","Dublin","https://www.kayak.fr/flights/BOD-DUB/2025-05-01?sort=price_a","17:10","22:25","375","130.0","False","BOD","DUB","N/A","N/A","N/A","","SNCF","Vueling","N/A","44.837789, -0.57918","53.3493795, -6.2605593","1032.73","2025-05-01 17:10:00","2025-05-01 22:25:00","","161","Thursday","evening","long","standard","2995974944489127610"
"2024-11-21","2025-05-01","BOD","DUB","Dublin","https://www.kayak.fr/flights/BOD-DUB/2025-05-01?sort=price_a","09:10","21:55","825","130.0","False","BOD","DUB","N/A","N/A","N/A","","easyJet","Aer Lingus","N/A","44.837789, -0.57918","53.3493795, -6.2605593","1032.73","2025-05-01 09:10:00","2025-05-01 21:55:00","","161","Thursday","morning","long","standard","4335543579387858293"
"2024-11-21","2025-05-01","BOD","DUB","Dublin","https://www.kayak.fr/flights/BOD-DUB/2025-05-01?sort=price_a","06:30","20:15","885","133.0","False","BOD","DUB","N/A","N/A","N/A","","SNCF","Vueling","N/A","44.837789, -0.57918","53.3493795, -6.2605593","1032.73","2025-05-01 06:30:00","2025-05-01 20:15:00","","161","Thursday","morning","long","standard","8338755560476459930"
"2024-11-21","2025-05-01","BOD","DUB","Dublin","https://www.kayak.fr/flights/BOD-DUB/2025-05-01?sort=price_a","17:10","20:15","245","137.0","False","BOD","DUB","N/A","N/A","N/A","","KLM","N/A","N/A","44.837789, -0.57918","53.3493795, -6.2605593","1032.73","2025-05-01 17:10:00","2025-05-01 20:15:00","","161","Thursday","evening","moyen","standard","5121539940580544641"
"2024-11-21","2025-05-01","BOD","DUB","Dublin","https://www.kayak.fr/flights/BOD-DUB/2025-05-01?sort=price_a","08:00","17:05","605","137.0","False","BOD","DUB","N/A","N/A","N/A","","easyJet","Ryanair","N/A","44.837789, -0.57918","53.3493795, -6.2605593","1032.73","2025-05-01 08:00:00","2025-05-01 17:05:00","","161","Thursday","morning","long","standard","8700227998643927560"
"2024-11-21","2025-05-01","BOD","DUB","Dublin","https://www.kayak.fr/flights/BOD-DUB/2025-05-01?sort=price_a","09:10","22:10","840","140.0","False","BOD","DUB","N/A","N/A","BCN","605.0","Vueling","N/A","Économique","44.837789, -0.57918","53.3493795, -6.2605593","1032.73","2025-05-01 09:10:00","2025-05-01 22:10:00","235.0","161","Thursday","morning","long","standard","7836440167440412641"
"2024-11-21","2025-05-01","BOD","DUB","Dublin","https://www.kayak.fr/flights/BOD-DUB/2025-05-01?sort=price_a","17:10","08:20+1","970","141.0","False","BOD","DUB","N/A","N/A","BCN","605.0","Vueling","N/A","Économique","44.837789, -0.57918","53.3493795, -6.2605593","1032.73","2025-05-01 17:10:00","2025-05-02 08:20:00","365.0","161","Thursday","evening","long","standard","8459528316488360915"
"2024-11-21","2025-05-01","BOD","DUB","Dublin","https://www.kayak.fr/flights/BOD-DUB/2025-05-01?sort=price_a","17:00","07:25+1","925","142.0","False","BOD","DUB","N/A","N/A","BCN","605.0","Vueling","N/A","Économique","44.837789, -0.57918","53.3493795, -6.2605593","1032.73","2025-05-01 17:00:00","2025-05-02 07:25:00","320.0","161","Thursday","evening","long","standard","1034281353085971026"
"2024-11-21","2025-05-01","BOD","DUB","Dublin","https://www.kayak.fr/flights/BOD-DUB/2025-05-01?sort=price_a","22:10","08:00+1","650","143.0","False","BOD","DUB","N/A","N/A","BCN","605.0","Vueling","N/A","N/A","44.837789, -0.57918","53.3493795, -6.2605593","1032.73","2025-05-01 22:10:00","2025-05-02 08:00:00","45.0","161","Thursday","night","long","standard","8501919091097467909"
"2024-11-21","2025-05-01","BOD","DUB","Dublin","https://www.kayak.fr/flights/BOD-DUB/2025-05-01?sort=price_a","22:10","09:40+1","750","143.0","False","BOD","DUB","N/A","N/A","N/A","","easyJet","Ryanair","N/A","44.837789, -0.57918","53.3493795, -6.2605593","1032.73","2025-05-01 22:10:00","2025-05-02 09:40:00","","161","Thursday","night","long","standard","1884735843062525061"
"2024-11-21","2025-05-01","BOD","DUB","Dublin","https://www.kayak.fr/flights/BOD-DUB/2025-05-01?sort=price_a","22:10","08:05+1","655","145.0","False","BOD","DUB","N/A","N/A","BCN","605.0","Vueling","N/A","N/A","44.837789, -0.57918","53.3493795, -6.2605593","1032.73","2025-05-01 22:10:00","2025-05-02 08:05:00","50.0","161","Thursday","night","long","standard","2866804593639701600"
"2024-11-21","2025-05-01","BOD","DUB","Dublin","https://www.kayak.fr/flights/BOD-DUB/2025-05-01?sort=price_a","18:20","08:10+1","890","147.0","False","BOD","DUB","N/A","N/A","N/A","","Lufthansa","N/A","N/A","44.837789, -0.57918","53.3493795, -6.2605593","1032.73","2025-05-01 18:20:00","2025-05-02 08:10:00","","161","Thursday","evening","long","standard","6535089186242596833"
"2024-11-21","2025-05-02","BOD","DUB","Dublin","https://www.kayak.fr/flights/BOD-DUB/2025-05-02?sort=price_a","14:15","07:05+1","1070","91.0","False","BOD","DUB","N/A","N/A","BRS","910.0","easyJet","Ryanair","Standard","44.837789, -0.57918","53.3493795, -6.2605593","1032.73","2025-05-02 14:15:00","2025-05-03 07:05:00","160.0","162","Friday","afternoon","long","cheap","6251966694437165978"
"2024-11-21","2025-05-02","BOD","DUB","Dublin","https://www.kayak.fr/flights/BOD-DUB/2025-05-02?sort=price_a","17:10","00:10+1","480","104.0","False","BOD","DUB","N/A","N/A","BRS","910.0","easyJet","Ryanair","Standard","44.837789, -0.57918","53.3493795, -6.2605593","1032.73","2025-05-02 17:10:00","2025-05-03 00:10:00","","162","Friday","evening","long","cheap","2264852095542516043"
"2024-11-21","2025-05-02","BOD","DUB","Dublin","https://www.kayak.fr/flights/BOD-DUB/2025-05-02?sort=price_a","14:15","20:05","410","116.0","False","BOD","DUB","N/A","N/A","BRS","910.0","easyJet","Ryanair","Standard","44.837789, -0.57918","53.3493795, -6.2605593","1032.73","2025-05-02 14:15:00","2025-05-02 20:05:00","","162","Friday","afternoon","long","standard","7975536186781666485"
"2024-11-21","2025-05-02","BOD","DUB","Dublin","https://www.kayak.fr/flights/BOD-DUB/2025-05-02?sort=price_a","11:50","16:40","350","122.0","False","BOD","DUB","N/A","N/A","BRS","910.0","easyJet","Ryanair","N/A","44.837789, -0.57918","53.3493795, -6.2605593","1032.73","2025-05-02 11:50:00","2025-05-02 16:40:00","","162","Friday","morning","moyen","standard","7148194350745572015"
"2024-11-21","2025-05-02","BOD","DUB","Dublin","https://www.kayak.fr/flights/BOD-DUB/2025-05-02?sort=price_a","11:58","19:15","497","123.0","False","BOD","DUB","N/A","N/A","N/A","","SNCF","Transavia","N/A","44.837789, -0.57918","53.3493795, -6.2605593","1032.73","2025-05-02 11:58:00","2025-05-02 19:15:00","","162","Friday","morning","long","standard","1760315625748812245"
"2024-11-21","2025-05-02","BOD","DUB","Dublin","https://www.kayak.fr/flights/BOD-DUB/2025-05-02?sort=price_a","17:10","22:25","375","127.0","False","BOD","DUB","N/A","N/A","BRS","910.0","easyJet","Ryanair","N/A","44.837789, -0.57918","53.3493795, -6.2605593","1032.73","2025-05-02 17:10:00","2025-05-02 22:25:00","","162","Friday","evening","long","standard","8626142802118484571"
"2024-11-21","2025-05-02","BOD","DUB","Dublin","https://www.kayak.fr/flights/BOD-DUB/2025-05-02?sort=price_a","17:10","20:15","245","130.0","False","BOD","DUB","N/A","N/A","N/A","","KLM","N/A","N/A","44.837789, -0.57918","53.3493795, -6.2605593","1032.73","2025-05-02 17:10:00","2025-05-02 20:15:00","","162","Friday","evening","moyen","standard","251018363657429669"
"2024-11-21","2025-05-02","BOD","DUB","Dublin","https://www.kayak.fr/flights/BOD-DUB/2025-05-02?sort=price_a","15:25","22:55","510","132.0","False","BOD","DUB","N/A","N/A","N/A","","easyJet","Ryanair","N/A","44.837789, -0.57918","53.3493795, -6.2605593","1032.73","2025-05-02 15:25:00","2025-05-02 22:55:00","","162","Friday","afternoon","long","standard","2353625713234058084"
"2024-11-21","2025-05-02","BOD","DUB","Dublin","https://www.kayak.fr/flights/BOD-DUB/2025-05-02?sort=price_a","17:10","22:20","370","144.0","False","BOD","DUB","N/A","N/A","N/A","","easyJet","Ryanair","Standard","44.837789, -0.57918","53.3493795, -6.2605593","1032.73","2025-05-02 17:10:00","2025-05-02 22:20:00","","162","Friday","evening","long","standard","2142969800631651190"
"2024-11-21","2025-05-02","BOD","DUB","Dublin","https://www.kayak.fr/flights/BOD-DUB/2025-05-02?sort=price_a","10:50","11:50","120","148.0","True","BOD","DUB","N/A","N/A","N/A","","easyJet","Ryanair","Standard","44.837789, -0.57918","53.3493795, -6.2605593","1032.73","2025-05-02 10:50:00","2025-05-02 11:50:00","","162","Friday","morning","court","standard","6699273622367484802"
"2024-11-21","2025-05-02","BOD","DUB","Dublin","https://www.kayak.fr/flights/BOD-DUB/2025-05-02?sort=price_a","13:25","20:15","470","156.0","False","BOD","DUB","N/A","N/A","N/A","","easyJet","Ryanair","Standard","44.837789, -0.57918","53.3493795, -6.2605593","1032.73","2025-05-02 13:25:00","2025-05-02 20:15:00","","162","Friday","afternoon","long","high","1496785020611269373"
"2024-11-21","2025-05-02","BOD","DUB","Dublin","https://www.kayak.fr/flights/BOD-DUB/2025-05-02?sort=price_a","07:00","14:35","515","162.0","False","BOD","DUB","N/A","N/A","N/A","","easyJet","Ryanair","N/A","44.837789, -0.57918","53.3493795, -6.2605593","1032.73","2025-05-02 07:00:00","2025-05-02 14:35:00","","162","Friday","morning","long","high","8055234999945261107"
"2024-11-21","2025-05-02","BOD","DUB","Dublin","https://www.kayak.fr/flights/BOD-DUB/2025-05-02?sort=price_a","07:00","15:15","555","162.0","False","BOD","DUB","N/A","N/A","N/A","","easyJet","Ryanair","N/A","44.837789, -0.57918","53.3493795, -6.2605593","1032.73","2025-05-02 07:00:00","2025-05-02 15:15:00","","162","Friday","morning","long","high","302090266148395068"
"2024-11-21","2025-05-02","BOD","DUB","Dublin","https://www.kayak.fr/flights/BOD-DUB/2025-05-02?sort=price_a","07:00","13:45","465","164.0","False","BOD","DUB","N/A","N/A","N/A","","easyJet","Ryanair","N/A","44.837789, -0.57918","53.3493795, -6.2605593","1032.73","2025-05-02 07:00:00","2025-05-02 13:45:00","","162","Friday","morning","long","high","8165709055996809461"
"2024-11-21","2025-05-02","BOD","DUB","Dublin","https://www.kayak.fr/flights/BOD-DUB/2025-05-02?sort=price_a","06:30","10:25","295","166.0","False","BOD","DUB","N/A","N/A","N/A","","KLM","N/A","N/A","44.837789, -0.57918","53.3493795, -6.2605593","1032.73","2025-05-02 06:30:00","2025-05-02 10:25:00","","162","Friday","morning","moyen","high","8427035703261803821"
"2024-11-21","2025-05-03","BOD","DUB","Dublin","https://www.kayak.fr/flights/BOD-DUB/2025-05-03?sort=price_a","21:45","11:10+1","865","106.0","False","BOD","DUB","N/A","N/A","N/A","","easyJet","Ryanair","Standard","44.837789, -0.57918","53.3493795, -6.2605593","1032.73","2025-05-03 21:45:00","2025-05-04 11:10:00","","163","Saturday","evening","long","cheap","1435550846684345227"
"2024-11-21","2025-05-03","BOD","DUB","Dublin","https://www.kayak.fr/flights/BOD-DUB/2025-05-03?sort=price_a","17:10","22:25","375","111.0","False","BOD","DUB","N/A","N/A","N/A","","easyJet","Ryanair","Standard","44.837789, -0.57918","53.3493795, -6.2605593","1032.73","2025-05-03 17:10:00","2025-05-03 22:25:00","","163","Saturday","evening","long","cheap","824389188582565854"
"2024-11-21","2025-05-03","BOD","DUB","Dublin","https://www.kayak.fr/flights/BOD-DUB/2025-05-03?sort=price_a","11:58","18:25","447","114.0","False","BOD","DUB","N/A","N/A","N/A","","easyJet","Ryanair","Standard","44.837789, -0.57918","53.3493795, -6.2605593","1032.73","2025-05-03 11:58:00","2025-05-03 18:25:00","","163","Saturday","morning","long","standard","6113093227900709962"
"2024-11-21","2025-05-03","BOD","DUB","Dublin","https://www.kayak.fr/flights/BOD-DUB/2025-05-03?sort=price_a","06:30","10:25","295","116.0","False","BOD","DUB","N/A","N/A","N/A","","easyJet","Ryanair","N/A","44.837789, -0.57918","53.3493795, -6.2605593","1032.73","2025-05-03 06:30:00","2025-05-03 10:25:00","","163","Saturday","morning","moyen","standard","1857973398347080712"
"2024-11-21","2025-05-03","BOD","DUB","Dublin","https://www.kayak.fr/flights/BOD-DUB/2025-05-03?sort=price_a","11:50","16:40","350","130.0","False","BOD","DUB","N/A","N/A","N/A","","KLM","N/A","N/A","44.837789, -0.57918","53.3493795, -6.2605593","1032.73","2025-05-03 11:50:00","2025-05-03 16:40:00","","163","Saturday","morning","moyen","standard","3550561833353773679"
"2024-11-21","2025-05-03","BOD","DUB","Dublin","https://www.kayak.fr/flights/BOD-DUB/2025-05-03?sort=price_a","06:30","12:35","425","137.0","False","BOD","DUB","N/A","N/A","N/A","","easyJet","Ryanair","N/A","44.837789, -0.57918","53.3493795, -6.2605593","1032.73","2025-05-03 06:30:00","2025-05-03 12:35:00","","163","Saturday","morning","long","standard","2076387184033116066"
"2024-11-21","2025-05-03","BOD","DUB","Dublin","https://www.kayak.fr/flights/BOD-DUB/2025-05-03?sort=price_a","10:50","11:50","120","148.0","True","BOD","DUB","N/A","N/A","N/A","","Aer Lingus","N/A","N/A","44.837789, -0.57918","53.3493795, -6.2605593","1032.73","2025-05-03 10:50:00","2025-05-03 11:50:00","","163","Saturday","morning","court","standard","7570045270243617108"
"2024-11-21","2025-05-03","BOD","DUB","Dublin","https://www.kayak.fr/flights/BOD-DUB/2025-05-03?sort=price_a","09:05","15:40","455","160.0","False","BOD","DUB","N/A","N/A","N/A","","Iberia","Ryanair","N/A","44.837789, -0.57918","53.3493795, -6.2605593","1032.73","2025-05-03 09:05:00","2025-05-03 15:40:00","","163","Saturday","morning","long","high","7252107106812060186"
"2024-11-21","2025-05-03","BOD","DUB","Dublin","https://www.kayak.fr/flights/BOD-DUB/2025-05-03?sort=price_a","06:35","13:45","490","165.0","False","BOD","DUB","N/A","N/A","AMS","170.0","KLM","N/A","Light","44.837789, -0.57918","53.3493795, -6.2605593","1032.73","2025-05-03 06:35:00","2025-05-03 13:45:00","320.0","163","Saturday","morning","long","high","8948405727285330009"
"2024-11-21","2025-05-03","BOD","DUB","Dublin","https://www.kayak.fr/flights/BOD-DUB/2025-05-03?sort=price_a","14:50","20:15","385","172.0","False","BOD","DUB","N/A","N/A","AMS","170.0","KLM","N/A","Light","44.837789, -0.57918","53.3493795, -6.2605593","1032.73","2025-05-03 14:50:00","2025-05-03 20:15:00","215.0","163","Saturday","afternoon","long","high","1840111907102243859"
"2024-11-21","2025-05-03","BOD","DUB","Dublin","https://www.kayak.fr/flights/BOD-DUB/2025-05-03?sort=price_a","19:15","01:20+1","425","173.0","False","BOD","DUB","N/A","N/A","AMS","170.0","KLM","N/A","Light","44.837789, -0.57918","53.3493795, -6.2605593","1032.73","2025-05-03 19:15:00","2025-05-04 01:20:00","255.0","163","Saturday","evening","long","high","5660532338423302939"
"2024-11-21","2025-05-03","BOD","DUB","Dublin","https://www.kayak.fr/flights/BOD-DUB/2025-05-03?sort=price_a","17:10","22:20","370","181.0","False","BOD","DUB","N/A","N/A","AMS","170.0","KLM","N/A","N/A","44.837789, -0.57918","53.3493795, -6.2605593","1032.73","2025-05-03 17:10:00","2025-05-03 22:20:00","200.0","163","Saturday","evening","long","high","3045662650631713496"
"2024-11-21","2025-05-03","BOD","DUB","Dublin","https://www.kayak.fr/flights/BOD-DUB/2025-05-03?sort=price_a","17:10","22:20","370","181.0","False","BOD","DUB","N/A","N/A","N/A","","Air France","Aer Lingus","N/A","44.837789, -0.57918","53.3493795, -6.2605593","1032.73","2025-05-03 17:10:00","2025-05-03 22:20:00","","163","Saturday","evening","long","high","1035324787721629708"
"2024-11-21","2025-05-03","BOD","DUB","Dublin","https://www.kayak.fr/flights/BOD-DUB/2025-05-03?sort=price_a","06:30","13:50","500","193.0","False","BOD","DUB","N/A","N/A","AMS","170.0","KLM","N/A","N/A","44.837789, -0.57918","53.3493795, -6.2605593","1032.73","2025-05-03 06:30:00","2025-05-03 13:50:00","330.0","163","Saturday","morning","long","high","5253302632162080576"
"2024-11-21","2025-05-03","BOD","DUB","Dublin","https://www.kayak.fr/flights/BOD-DUB/2025-05-03?sort=price_a","09:05","13:35","330","195.0","False","BOD","DUB","N/A","N/A","N/A","","Iberia","Ryanair","N/A","44.837789, -0.57918","53.3493795, -6.2605593","1032.73","2025-05-03 09:05:00","2025-05-03 13:35:00","","163","Saturday","morning","moyen","high","6225184535037991435"
"2024-11-21","2025-05-04","BOD","DUB","Dublin","https://www.kayak.fr/flights/BOD-DUB/2025-05-04?sort=price_a","10:05","20:35","690","104.0","False","BOD","DUB","N/A","N/A","MAN","515.0","easyJet","Ryanair","Standard","44.837789, -0.57918","53.3493795, -6.2605593","1032.73","2025-05-04 10:05:00","2025-05-04 20:35:00","175.0","164","Sunday","morning","long","cheap","5872118082627206407"
"2024-11-21","2025-05-04","BOD","DUB","Dublin","https://www.kayak.fr/flights/BOD-DUB/2025-05-04?sort=price_a","10:05","16:25","440","106.0","False","BOD","DUB","N/A","N/A","MAN","515.0","easyJet","Ryanair","Standard","44.837789, -0.57918","53.3493795, -6.2605593","1032.73","2025-05-04 10:05:00","2025-05-04 16:25:00","","164","Sunday","morning","long","cheap","3967317860606357845"
"2024-11-21","2025-05-04","BOD","DUB","Dublin","https://www.kayak.fr/flights/BOD-DUB/2025-05-04?sort=price_a","07:00","11:15","315","108.0","False","BOD","DUB","N/A","N/A","MAN","515.0","easyJet","Ryanair","Standard","44.837789, -0.57918","53.3493795, -6.2605593","1032.73","2025-05-04 07:00:00","2025-05-04 11:15:00","","164","Sunday","morning","moyen","cheap","7951371954440989519"
"2024-11-21","2025-05-04","BOD","DUB","Dublin","https://www.kayak.fr/flights/BOD-DUB/2025-05-04?sort=price_a","07:00","13:35","455","108.0","False","BOD","DUB","N/A","N/A","MAN","515.0","easyJet","Ryanair","N/A","44.837789, -0.57918","53.3493795, -6.2605593","1032.73","2025-05-04 07:00:00","2025-05-04 13:35:00","","164","Sunday","morning","long","cheap","2894120044785851668"
"2024-11-21","2025-05-04","BOD","DUB","Dublin","https://www.kayak.fr/flights/BOD-DUB/2025-05-04?sort=price_a","07:00","14:05","485","112.0","False","BOD","DUB","N/A","N/A","N/A","","easyJet","Ryanair","N/A","44.837789, -0.57918","53.3493795, -6.2605593","1032.73","2025-05-04 07:00:00","2025-05-04 14:05:00","","164","Sunday","morning","long","standard","5260125941405047414"
"2024-11-21","2025-05-04","BOD","DUB","Dublin","https://www.kayak.fr/flights/BOD-DUB/2025-05-04?sort=price_a","10:05","13:15","250","132.0","False","BOD","DUB","N/A","N/A","MAN","515.0","easyJet","Ryanair","N/A","44.837789, -0.57918","53.3493795, -6.2605593","1032.73","2025-05-04 10:05:00","2025-05-04 13:15:00","","164","Sunday","morning","moyen","standard","5853935176400598243"
"2024-11-21","2025-05-04","BOD","DUB","Dublin","https://www.kayak.fr/flights/BOD-DUB/2025-05-04?sort=price_a","10:05","15:20","375","132.0","False","BOD","DUB","N/A","N/A","N/A","","easyJet","Aer Lingus","N/A","44.837789, -0.57918","53.3493795, -6.2605593","1032.73","2025-05-04 10:05:00","2025-05-04 15:20:00","","164","Sunday","morning","long","standard","910181045289398674"
"2024-11-21","2025-05-04","BOD","DUB","Dublin","https://www.kayak.fr/flights/BOD-DUB/2025-05-04?sort=price_a","15:40","22:50","490","132.0","False","BOD","DUB","N/A","N/A","N/A","","easyJet","Ryanair","N/A","44.837789, -0.57918","53.3493795, -6.2605593","1032.73","2025-05-04 15:40:00","2025-05-04 22:50:00","","164","Sunday","afternoon","long","standard","8287991777348405964"
"2024-11-21","2025-05-04","BOD","DUB","Dublin","https://www.kayak.fr/flights/BOD-DUB/2025-05-04?sort=price_a","17:55","18:55","120","133.0","True","BOD","DUB","N/A","N/A","N/A","","easyJet","Ryanair","Standard","44.837789, -0.57918","53.3493795, -6.2605593","1032.73","2025-05-04 17:55:00","2025-05-04 18:55:00","","164","Sunday","evening","court","standard","2584449015307019922"
"2024-11-21","2025-05-04","BOD","DUB","Dublin","https://www.kayak.fr/flights/BOD-DUB/2025-05-04?sort=price_a","07:00","14:50","530","158.0","False","BOD","DUB","N/A","N/A","MAN","265.0","easyJet","Ryanair","Standard","44.837789, -0.57918","53.3493795, -6.2605593","1032.73","2025-05-04 07:00:00","2025-05-04 14:50:00","265.0","164","Sunday","morning","long","high","4712712747300365072"
"2024-11-21","2025-05-04","BOD","DUB","Dublin","https://www.kayak.fr/flights/BOD-DUB/2025-05-04?sort=price_a","13:20","21:00","520","187.0","False","BOD","DUB","N/A","N/A","MAN","265.0","easyJet","Ryanair","Standard","44.837789, -0.57918","53.3493795, -6.2605593","1032.73","2025-05-04 13:20:00","2025-05-04 21:00:00","255.0","164","Sunday","afternoon","long","high","328600232942386935"
"2024-11-21","2025-05-04","BOD","DUB","Dublin","https://www.kayak.fr/flights/BOD-DUB/2025-05-04?sort=price_a","11:00","18:55","535","187.0","False","BOD","DUB","N/A","N/A","MAN","265.0","easyJet","Ryanair","N/A","44.837789, -0.57918","53.3493795, -6.2605593","1032.73","2025-05-04 11:00:00","2025-05-04 18:55:00","270.0","164","Sunday","morning","long","high","518655345675103517"
"2024-11-21","2025-05-04","BOD","DUB","Dublin","https://www.kayak.fr/flights/BOD-DUB/2025-05-04?sort=price_a","17:10","20:15","245","189.0","False","BOD","DUB","N/A","N/A","N/A","","KLM","N/A","N/A","44.837789, -0.57918","53.3493795, -6.2605593","1032.73","2025-05-04 17:10:00","2025-05-04 20:15:00","","164","Sunday","evening","moyen","high","6359071329363435469"
"2024-11-21","2025-05-04","BOD","DUB","Dublin","https://www.kayak.fr/flights/BOD-DUB/2025-05-04?sort=price_a","14:20","22:25","545","189.0","False","BOD","DUB","N/A","N/A","MAN","265.0","easyJet","Ryanair","N/A","44.837789, -0.57918","53.3493795, -6.2605593","1032.73","2025-05-04 14:20:00","2025-05-04 22:25:00","280.0","164","Sunday","afternoon","long","high","7307782537084459756"
"2024-11-21","2025-05-04","BOD","DUB","Dublin","https://www.kayak.fr/flights/BOD-DUB/2025-05-04?sort=price_a","12:55","20:05","490","190.0","False","BOD","DUB","N/A","N/A","N/A","","Vueling","Ryanair","N/A","44.837789, -0.57918","53.3493795, -6.2605593","1032.73","2025-05-04 12:55:00","2025-05-04 20:05:00","","164","Sunday","afternoon","long","high","7075314067631618013"
"2024-11-21","2025-05-05","BOD","DUB","Dublin","https://www.kayak.fr/flights/BOD-DUB/2025-05-05?sort=price_a","23:00","14:35+1","995","105.0","False","BOD","DUB","N/A","N/A","BRS","830.0","easyJet","Ryanair","Standard","44.837789, -0.57918","53.3493795, -6.2605593","1032.73","2025-05-05 23:00:00","2025-05-06 14:35:00","165.0","165","Monday","night","long","cheap","1955565195121964859"
"2024-11-21","2025-05-05","BOD","DUB","Dublin","https://www.kayak.fr/flights/BOD-DUB/2025-05-05?sort=price_a","17:55","22:40","345","128.0","False","BOD","DUB","N/A","N/A","BRS","830.0","easyJet","Ryanair","Standard","44.837789, -0.57918","53.3493795, -6.2605593","1032.73","2025-05-05 17:55:00","2025-05-05 22:40:00","","165","Monday","evening","moyen","standard","934193799141718192"
"2024-11-21","2025-05-05","BOD","DUB","Dublin","https://www.kayak.fr/flights/BOD-DUB/2025-05-05?sort=price_a","23:00","07:05+1","545","129.0","False","BOD","DUB","N/A","N/A","BRS","830.0","easyJet","Ryanair","Standard","44.837789, -0.57918","53.3493795, -6.2605593","1032.73","2025-05-05 23:00:00","2025-05-06 07:05:00","","165","Monday","night","long","standard","6663248223208847655"
"2024-11-21","2025-05-05","BOD","DUB","Dublin","https://www.kayak.fr/flights/BOD-DUB/2025-05-05?sort=price_a","14:00","22:05","545","146.0","False","BOD","DUB","N/A","N/A","BRS","830.0","easyJet","Ryanair","N/A","44.837789, -0.57918","53.3493795, -6.2605593","1032.73","2025-05-05 14:00:00","2025-05-05 22:05:00","","165","Monday","afternoon","long","standard","7532361997895956385"
"2024-11-21","2025-05-05","BOD","DUB","Dublin","https://www.kayak.fr/flights/BOD-DUB/2025-05-05?sort=price_a","07:00","14:40","520","157.0","False","BOD","DUB","N/A","N/A","N/A","","easyJet","Ryanair","N/A","44.837789, -0.57918","53.3493795, -6.2605593","1032.73","2025-05-05 07:00:00","2025-05-05 14:40:00","","165","Monday","morning","long","high","194759229178936312"
"2024-11-21","2025-05-05","BOD","DUB","Dublin","https://www.kayak.fr/flights/BOD-DUB/2025-05-05?sort=price_a","07:00","14:05","485","158.0","False","BOD","DUB","N/A","N/A","BRS","830.0","easyJet","Ryanair","N/A","44.837789, -0.57918","53.3493795, -6.2605593","1032.73","2025-05-05 07:00:00","2025-05-05 14:05:00","","165","Monday","morning","long","high","312719297986135342"
"2024-11-21","2025-05-05","BOD","DUB","Dublin","https://www.kayak.fr/flights/BOD-DUB/2025-05-05?sort=price_a","14:55","22:40","525","161.0","False","BOD","DUB","N/A","N/A","N/A","","Air France","N/A","N/A","44.837789, -0.57918","53.3493795, -6.2605593","1032.73","2025-05-05 14:55:00","2025-05-05 22:40:00","","165","Monday","afternoon","long","high","6401685224909991909"
"2024-11-21","2025-05-05","BOD","DUB","Dublin","https://www.kayak.fr/flights/BOD-DUB/2025-05-05?sort=price_a","10:50","11:50","120","163.0","True","BOD","DUB","N/A","N/A","N/A","","Aer Lingus","N/A","N/A","44.837789, -0.57918","53.3493795, -6.2605593","1032.73","2025-05-05 10:50:00","2025-05-05 11:50:00","","165","Monday","morning","court","high","5799279825688719925"
"2024-11-21","2025-05-05","BOD","DUB","Dublin","https://www.kayak.fr/flights/BOD-DUB/2025-05-05?sort=price_a","18:15","00:45+1","450","168.0","False","BOD","DUB","N/A","N/A","CDG","160.0","Air France","N/A","Light","44.837789, -0.57918","53.3493795, -6.2605593","1032.73","2025-05-05 18:15:00","2025-05-06 00:45:00","290.0","165","Monday","evening","long","high","2957104598986987572"
"2024-11-21","2025-05-05","BOD","DUB","Dublin","https://www.kayak.fr/flights/BOD-DUB/2025-05-05?sort=price_a","07:00","11:10","310","169.0","False","BOD","DUB","N/A","N/A","CDG","160.0","Air France","N/A","Light","44.837789, -0.57918","53.3493795, -6.2605593","1032.73","2025-05-05 07:00:00","2025-05-05 11:10:00","150.0","165","Monday","morning","moyen","high","3488029068886088777"
"2024-11-21","2025-05-05","BOD","DUB","Dublin","https://www.kayak.fr/flights/BOD-DUB/2025-05-05?sort=price_a","14:00","19:00","360","182.0","False","BOD","DUB","N/A","N/A","CDG","160.0","Air France","N/A","Light","44.837789, -0.57918","53.3493795, -6.2605593","1032.73","2025-05-05 14:00:00","2025-05-05 19:00:00","200.0","165","Monday","afternoon","moyen","high","2954256320527075211"
"2024-11-21","2025-05-05","BOD","DUB","Dublin","https://www.kayak.fr/flights/BOD-DUB/2025-05-05?sort=price_a","11:58","19:10","492","183.0","False","BOD","DUB","N/A","N/A","CDG","160.0","Air France","N/A","N/A","44.837789, -0.57918","53.3493795, -6.2605593","1032.73","2025-05-05 11:58:00","2025-05-05 19:10:00","332.0","165","Monday","morning","long","high","7461167182477753035"
"2024-11-21","2025-05-05","BOD","DUB","Dublin","https://www.kayak.fr/flights/BOD-DUB/2025-05-05?sort=price_a","12:10","16:55","345","185.0","False","BOD","DUB","N/A","N/A","N/A","","Air France","N/A","N/A","44.837789, -0.57918","53.3493795, -6.2605593","1032.73","2025-05-05 12:10:00","2025-05-05 16:55:00","","165","Monday","afternoon","moyen","high","5488222913282536968"
"2024-11-21","2025-05-05","BOD","DUB","Dublin","https://www.kayak.fr/flights/BOD-DUB/2025-05-05?sort=price_a","09:05","16:55","530","185.0","False","BOD","DUB","N/A","N/A","CDG","160.0","Air France","N/A","N/A","44.837789, -0.57918","53.3493795, -6.2605593","1032.73","2025-05-05 09:05:00","2025-05-05 16:55:00","370.0","165","Monday","morning","long","high","2020010027224085625"
"2024-11-21","2025-05-05","BOD","DUB","Dublin","https://www.kayak.fr/flights/BOD-DUB/2025-05-05?sort=price_a","17:10","20:15","245","189.0","False","BOD","DUB","N/A","N/A","N/A","","KLM","N/A","N/A","44.837789, -0.57918","53.3493795, -6.2605593","1032.73","2025-05-05 17:10:00","2025-05-05 20:15:00","","165","Monday","evening","moyen","high","4662910291661539649"
"2024-11-21","2025-05-06","BOD","DUB","Dublin","https://www.kayak.fr/flights/BOD-DUB/2025-05-06?sort=price_a","20:00","09:10+1","850","48.0","False","BOD","DUB","N/A","N/A","BCN","605.0","Vueling","N/A","Économique","44.837789, -0.57918","53.3493795, -6.2605593","1032.73","2025-05-06 20:00:00","2025-05-07 09:10:00","245.0","166","Tuesday","evening","long","cheap","776097094793408968"
"2024-11-21","2025-05-06","BOD","DUB","Dublin","https://www.kayak.fr/flights/BOD-DUB/2025-05-06?sort=price_a","07:00","13:35","455","96.0","False","BOD","DUB","N/A","N/A","BCN","605.0","Vueling","N/A","Économique","44.837789, -0.57918","53.3493795, -6.2605593","1032.73","2025-05-06 07:00:00","2025-05-06 13:35:00","","166","Tuesday","morning","long","cheap","506924607747523302"
"2024-11-21","2025-05-06","BOD","DUB","Dublin","https://www.kayak.fr/flights/BOD-DUB/2025-05-06?sort=price_a","07:00","14:25","505","96.0","False","BOD","DUB","N/A","N/A","BCN","605.0","Vueling","N/A","Économique","44.837789, -0.57918","53.3493795, -6.2605593","1032.73","2025-05-06 07:00:00","2025-05-06 14:25:00","","166","Tuesday","morning","long","cheap","1581426271656199712"
"2024-11-21","2025-05-06","BOD","DUB","Dublin","https://www.kayak.fr/flights/BOD-DUB/2025-05-06?sort=price_a","07:00","16:05","605","96.0","False","BOD","DUB","N/A","N/A","BCN","605.0","Vueling","N/A","N/A","44.837789, -0.57918","53.3493795, -6.2605593","1032.73","2025-05-06 07:00:00","2025-05-06 16:05:00","0.0","166","Tuesday","morning","long","cheap","638789988070099783"
"2024-11-21","2025-05-06","BOD","DUB","Dublin","https://www.kayak.fr/flights/BOD-DUB/2025-05-06?sort=price_a","07:00","17:55","715","96.0","False","BOD","DUB","N/A","N/A","N/A","","easyJet","Ryanair","N/A","44.837789, -0.57918","53.3493795, -6.2605593","1032.73","2025-05-06 07:00:00","2025-05-06 17:55:00","","166","Tuesday","morning","long","cheap","1002325642187901586"
"2024-11-21","2025-05-06","BOD","DUB","Dublin","https://www.kayak.fr/flights/BOD-DUB/2025-05-06?sort=price_a","07:00","20:20","860","96.0","False","BOD","DUB","N/A","N/A","BCN","605.0","Vueling","N/A","N/A","44.837789, -0.57918","53.3493795, -6.2605593","1032.73","2025-05-06 07:00:00","2025-05-06 20:20:00","255.0","166","Tuesday","morning","long","cheap","8752082244279344656"
"2024-11-21","2025-05-06","BOD","DUB","Dublin","https://www.kayak.fr/flights/BOD-DUB/2025-05-06?sort=price_a","07:00","11:05","305","98.0","False","BOD","DUB","N/A","N/A","N/A","","easyJet","Ryanair","N/A","44.837789, -0.57918","53.3493795, -6.2605593","1032.73","2025-05-06 07:00:00","2025-05-06 11:05:00","","166","Tuesday","morning","moyen","cheap","6785345039129250312"
"2024-11-21","2025-05-06","BOD","DUB","Dublin","https://www.kayak.fr/flights/BOD-DUB/2025-05-06?sort=price_a","07:00","19:00","780","98.0","False","BOD","DUB","N/A","N/A","N/A","","easyJet","Ryanair","N/A","44.837789, -0.57918","53.3493795, -6.2605593","1032.73","2025-05-06 07:00:00","2025-05-06 19:00:00","","166","Tuesday","morning","long","cheap","2692985125873601811"
"2024-11-21","2025-05-06","BOD","DUB","Dublin","https://www.kayak.fr/flights/BOD-DUB/2025-05-06?sort=price_a","07:00","20:25","865","98.0","False","BOD","DUB","N/A","N/A","N/A","","easyJet","Ryanair","Standard","44.837789, -0.57918","53.3493795, -6.2605593","1032.73","2025-05-06 07:00:00","2025-05-06 20:25:00","","166","Tuesday","morning","long","cheap","3843447101642583888"
"2024-11-21","2025-05-06","BOD","DUB","Dublin","https://www.kayak.fr/flights/BOD-DUB/2025-05-06?sort=price_a","22:10","11:00+1","830","99.0","False","BOD","DUB","N/A","N/A","N/A","","easyJet","Ryanair","Standard","44.837789, -0.57918","53.3493795, -6.2605593","1032.73","2025-05-06 22:10:00","2025-05-07 11:00:00","","166","Tuesday","night","long","cheap","1632543561967263103"
"2024-11-21","2025-05-06","BOD","DUB","Dublin","https://www.kayak.fr/flights/BOD-DUB/2025-05-06?sort=price_a","22:10","11:15+1","845","99.0","False","BOD","DUB","N/A","N/A","N/A","","easyJet","Ryanair","Standard","44.837789, -0.57918","53.3493795, -6.2605593","1032.73","2025-05-06 22:10:00","2025-05-07 11:15:00","","166","Tuesday","night","long","cheap","3621016437552774314"
"2024-11-21","2025-05-06","BOD","DUB","Dublin","https://www.kayak.fr/flights/BOD-DUB/2025-05-06?sort=price_a","11:58","18:40","462","101.0","False","BOD","DUB","N/A","N/A","N/A","","easyJet","Ryanair","N/A","44.837789, -0.57918","53.3493795, -6.2605593","1032.73","2025-05-06 11:58:00","2025-05-06 18:40:00","","166","Tuesday","morning","long","cheap","2531963995942692686"
"2024-11-21","2025-05-06","BOD","DUB","Dublin","https://www.kayak.fr/flights/BOD-DUB/2025-05-06?sort=price_a","22:10","09:35+1","745","106.0","False","BOD","DUB","N/A","N/A","N/A","","easyJet","Ryanair","N/A","44.837789, -0.57918","53.3493795, -6.2605593","1032.73","2025-05-06 22:10:00","2025-05-07 09:35:00","","166","Tuesday","night","long","cheap","9186508622620275954"
"2024-11-21","2025-05-06","BOD","DUB","Dublin","https://www.kayak.fr/flights/BOD-DUB/2025-05-06?sort=price_a","22:10","11:55+1","885","106.0","False","BOD","DUB","N/A","N/A","N/A","","easyJet","Ryanair","N/A","44.837789, -0.57918","53.3493795, -6.2605593","1032.73","2025-05-06 22:10:00","2025-05-07 11:55:00","","166","Tuesday","night","long","cheap","882605130289437647"
"2024-11-21","2025-05-06","BOD","DUB","Dublin","https://www.kayak.fr/flights/BOD-DUB/2025-05-06?sort=price_a","22:10","08:20+1","670","112.0","False","BOD","DUB","N/A","N/A","N/A","","easyJet","British Airways","N/A","44.837789, -0.57918","53.3493795, -6.2605593","1032.73","2025-05-06 22:10:00","2025-05-07 08:20:00","","166","Tuesday","night","long","standard","1456340204537081701"
"2024-11-21","2025-05-07","BOD","DUB","Dublin","https://www.kayak.fr/flights/BOD-DUB/2025-05-07?sort=price_a","07:00","14:15","495","105.0","False","BOD","DUB","N/A","N/A","N/A","","easyJet","Ryanair","Standard","44.837789, -0.57918","53.3493795, -6.2605593","1032.73","2025-05-07 07:00:00","2025-05-07 14:15:00","","167","Wednesday","morning","long","cheap","6816694427638668087"
"2024-11-21","2025-05-07","BOD","DUB","Dublin","https://www.kayak.fr/flights/BOD-DUB/2025-05-07?sort=price_a","07:00","14:35","515","105.0","False","BOD","DUB","N/A","N/A","N/A","","easyJet","Ryanair","Standard","44.837789, -0.57918","53.3493795, -6.2605593","1032.73","2025-05-07 07:00:00","2025-05-07 14:35:00","","167","Wednesday","morning","long","cheap","6451579671936407428"
"2024-11-21","2025-05-07","BOD","DUB","Dublin","https://www.kayak.fr/flights/BOD-DUB/2025-05-07?sort=price_a","07:00","16:10","610","105.0","False","BOD","DUB","N/A","N/A","N/A","","easyJet","Ryanair","Standard","44.837789, -0.57918","53.3493795, -6.2605593","1032.73","2025-05-07 07:00:00","2025-05-07 16:10:00","","167","Wednesday","morning","long","cheap","4820981063126008920"
"2024-11-21","2025-05-07","BOD","DUB","Dublin","https://www.kayak.fr/flights/BOD-DUB/2025-05-07?sort=price_a","10:50","11:50","120","133.0","True","BOD","DUB","N/A","N/A","N/A","","easyJet","Ryanair","N/A","44.837789, -0.57918","53.3493795, -6.2605593","1032.73","2025-05-07 10:50:00","2025-05-07 11:50:00","","167","Wednesday","morning","court","standard","2868514755220110487"
"2024-11-21","2025-05-07","BOD","DUB","Dublin","https://www.kayak.fr/flights/BOD-DUB/2025-05-07?sort=price_a","07:00","11:10","310","136.0","False","BOD","DUB","N/A","N/A","N/A","","easyJet","Ryanair","N/A","44.837789, -0.57918","53.3493795, -6.2605593","1032.73","2025-05-07 07:00:00","2025-05-07 11:10:00","","167","Wednesday","morning","moyen","standard","2979850768439708839"
"2024-11-21","2025-05-07","BOD","DUB","Dublin","https://www.kayak.fr/flights/BOD-DUB/2025-05-07?sort=price_a","07:00","14:45","525","136.0","False","BOD","DUB","N/A","N/A","N/A","","easyJet","Ryanair","N/A","44.837789, -0.57918","53.3493795, -6.2605593","1032.73","2025-05-07 07:00:00","2025-05-07 14:45:00","","167","Wednesday","morning","long","standard","8490910224501678109"
"2024-11-21","2025-05-07","BOD","DUB","Dublin","https://www.kayak.fr/flights/BOD-DUB/2025-05-07?sort=price_a","10:25","18:20","535","145.0","False","BOD","DUB","N/A","N/A","N/A","","easyJet","Ryanair","N/A","44.837789, -0.57918","53.3493795, -6.2605593","1032.73","2025-05-07 10:25:00","2025-05-07 18:20:00","","167","Wednesday","morning","long","standard","3880305456455340287"
"2024-11-21","2025-05-07","BOD","DUB","Dublin","https://www.kayak.fr/flights/BOD-DUB/2025-05-07?sort=price_a","10:35","18:05","510","146.0","False","BOD","DUB","N/A","N/A","N/A","","easyJet","Ryanair","N/A","44.837789, -0.57918","53.3493795, -6.2605593","1032.73","2025-05-07 10:35:00","2025-05-07 18:05:00","","167","Wednesday","morning","long","standard","3974928601783212259"
"2024-11-21","2025-05-07","BOD","DUB","Dublin","https://www.kayak.fr/flights/BOD-DUB/2025-05-07?sort=price_a","07:00","14:30","510","146.0","False","BOD","DUB","N/A","N/A","N/A","","easyJet","Ryanair","Standard","44.837789, -0.57918","53.3493795, -6.2605593","1032.73","2025-05-07 07:00:00","2025-05-07 14:30:00","","167","Wednesday","morning","long","standard","8545081658841614182"
"2024-11-21","2025-05-07","BOD","DUB","Dublin","https://www.kayak.fr/flights/BOD-DUB/2025-05-07?sort=price_a","07:00","13:25","445","155.0","False","BOD","DUB","N/A","N/A","N/A","","easyJet","Ryanair","Standard","44.837789, -0.57918","53.3493795, -6.2605593","1032.73","2025-05-07 07:00:00","2025-05-07 13:25:00","","167","Wednesday","morning","long","high","2223355170314768673"
"2024-11-21","2025-05-07","BOD","DUB","Dublin","https://www.kayak.fr/flights/BOD-DUB/2025-05-07?sort=price_a","15:40","22:15","455","161.0","False","BOD","DUB","N/A","N/A","N/A","","easyJet","Ryanair","Standard","44.837789, -0.57918","53.3493795, -6.2605593","1032.73","2025-05-07 15:40:00","2025-05-07 22:15:00","","167","Wednesday","afternoon","long","high","6858070918525981119"
"2024-11-21","2025-05-07","BOD","DUB","Dublin","https://www.kayak.fr/flights/BOD-DUB/2025-05-07?sort=price_a","15:40","23:25","525","161.0","False","BOD","DUB","N/A","N/A","N/A","","easyJet","Ryanair","N/A","44.837789, -0.57918","53.3493795, -6.2605593","1032.73","2025-05-07 15:40:00","2025-05-07 23:25:00","","167","Wednesday","afternoon","long","high","5652837331301844209"
"2024-11-21","2025-05-07","BOD","DUB","Dublin","https://www.kayak.fr/flights/BOD-DUB/2025-05-07?sort=price_a","07:00","15:00","540","163.0","False","BOD","DUB","N/A","N/A","N/A","","easyJet","British Airways","N/A","44.837789, -0.57918","53.3493795, -6.2605593","1032.73","2025-05-07 07:00:00","2025-05-07 15:00:00","","167","Wednesday","morning","long","high","4479068101885163078"
"2024-11-21","2025-05-07","BOD","DUB","Dublin","https://www.kayak.fr/flights/BOD-DUB/2025-05-07?sort=price_a","17:10","20:15","245","165.0","False","BOD","DUB","N/A","N/A","N/A","","easyJet","Ryanair","N/A","44.837789, -0.57918","53.3493795, -6.2605593","1032.73","2025-05-07 17:10:00","2025-05-07 20:15:00","","167","Wednesday","evening","moyen","high","4099096484863887696"
"2024-11-21","2025-05-07","BOD","DUB","Dublin","https://www.kayak.fr/flights/BOD-DUB/2025-05-07?sort=price_a","10:55","16:55","420","168.0","False","BOD","DUB","N/A","N/A","N/A","","Lufthansa","N/A","N/A","44.837789, -0.57918","53.3493795, -6.2605593","1032.73","2025-05-07 10:55:00","2025-05-07 16:55:00","","167","Wednesday","morning","long","high","2256715737104201120"
"2024-11-21","2025-05-08","BOD","DUB","Dublin","https://www.kayak.fr/flights/BOD-DUB/2025-05-08?sort=price_a","20:45","07:25+1","700","91.0","False","BOD","DUB","N/A","N/A","N/A","","SNCF","Vueling","Économique","44.837789, -0.57918","53.3493795, -6.2605593","1032.73","2025-05-08 20:45:00","2025-05-09 07:25:00","","168","Thursday","evening","long","cheap","8976623254206874579"
"2024-11-21","2025-05-08","BOD","DUB","Dublin","https://www.kayak.fr/flights/BOD-DUB/2025-05-08?sort=price_a","22:40","09:35+1","715","99.0","False","BOD","DUB","N/A","N/A","N/A","","SNCF","Vueling","Économique","44.837789, -0.57918","53.3493795, -6.2605593","1032.73","2025-05-08 22:40:00","2025-05-09 09:35:00","","168","Thursday","night","long","cheap","7230748075466733527"
"2024-11-21","2025-05-08","BOD","DUB","Dublin","https://www.kayak.fr/flights/BOD-DUB/2025-05-08?sort=price_a","22:40","08:00+1","620","108.0","False","BOD","DUB","N/A","N/A","N/A","","SNCF","Vueling","Économique","44.837789, -0.57918","53.3493795, -6.2605593","1032.73","2025-05-08 22:40:00","2025-05-09 08:00:00","","168","Thursday","night","long","cheap","8160664866218141137"
"2024-11-21","2025-05-08","BOD","DUB","Dublin","https://www.kayak.fr/flights/BOD-DUB/2025-05-08?sort=price_a","22:10","09:35+1","745","108.0","False","BOD","DUB","N/A","N/A","N/A","","SNCF","Vueling","N/A","44.837789, -0.57918","53.3493795, -6.2605593","1032.73","2025-05-08 22:10:00","2025-05-09 09:35:00","","168","Thursday","night","long","cheap","278504456067725469"
"2024-11-21","2025-05-08","BOD","DUB","Dublin","https://www.kayak.fr/flights/BOD-DUB/2025-05-08?sort=price_a","13:35","20:05","450","115.0","False","BOD","DUB","N/A","N/A","N/A","","easyJet","Ryanair","N/A","44.837789, -0.57918","53.3493795, -6.2605593","1032.73","2025-05-08 13:35:00","2025-05-08 20:05:00","","168","Thursday","afternoon","long","standard","6795856404788363407"
"2024-11-21","2025-05-08","BOD","DUB","Dublin","https://www.kayak.fr/flights/BOD-DUB/2025-05-08?sort=price_a","22:40","13:45+1","965","116.0","False","BOD","DUB","N/A","N/A","N/A","","SNCF","Vueling","N/A","44.837789, -0.57918","53.3493795, -6.2605593","1032.73","2025-05-08 22:40:00","2025-05-09 13:45:00","","168","Thursday","night","long","standard","1442904533941521873"
"2024-11-21","2025-05-08","BOD","DUB","Dublin","https://www.kayak.fr/flights/BOD-DUB/2025-05-08?sort=price_a","22:10","08:00+1","650","117.0","False","BOD","DUB","N/A","N/A","N/A","","easyJet","Ryanair","N/A","44.837789, -0.57918","53.3493795, -6.2605593","1032.73","2025-05-08 22:10:00","2025-05-09 08:00:00","","168","Thursday","night","long","standard","1528622222002498635"
"2024-11-21","2025-05-08","BOD","DUB","Dublin","https://www.kayak.fr/flights/BOD-DUB/2025-05-08?sort=price_a","22:40","09:40+1","720","118.0","False","BOD","DUB","N/A","N/A","N/A","","British Airways","Ryanair","N/A","44.837789, -0.57918","53.3493795, -6.2605593","1032.73","2025-05-08 22:40:00","2025-05-09 09:40:00","","168","Thursday","night","long","standard","924207330715787950"
"2024-11-21","2025-05-08","BOD","DUB","Dublin","https://www.kayak.fr/flights/BOD-DUB/2025-05-08?sort=price_a","22:40","12:35+1","895","126.0","False","BOD","DUB","N/A","N/A","N/A","","British Airways","Ryanair","Basic Economy","44.837789, -0.57918","53.3493795, -6.2605593","1032.73","2025-05-08 22:40:00","2025-05-09 12:35:00","","168","Thursday","night","long","standard","5744601751113016288"
"2024-11-21","2025-05-08","BOD","DUB","Dublin","https://www.kayak.fr/flights/BOD-DUB/2025-05-08?sort=price_a","22:10","09:40+1","750","127.0","False","BOD","DUB","N/A","N/A","N/A","","British Airways","Ryanair","Basic Economy","44.837789, -0.57918","53.3493795, -6.2605593","1032.73","2025-05-08 22:10:00","2025-05-09 09:40:00","","168","Thursday","night","long","standard","2917446530617303790"
"2024-11-21","2025-05-08","BOD","DUB","Dublin","https://www.kayak.fr/flights/BOD-DUB/2025-05-08?sort=price_a","22:40","10:20+1","760","131.0","False","BOD","DUB","N/A","N/A","N/A","","British Airways","Ryanair","Basic Economy","44.837789, -0.57918","53.3493795, -6.2605593","1032.73","2025-05-08 22:40:00","2025-05-09 10:20:00","","168","Thursday","night","long","standard","6657785598924881743"
"2024-11-21","2025-05-08","BOD","DUB","Dublin","https://www.kayak.fr/flights/BOD-DUB/2025-05-08?sort=price_a","20:00","09:05+1","845","133.0","False","BOD","DUB","N/A","N/A","N/A","","British Airways","Ryanair","N/A","44.837789, -0.57918","53.3493795, -6.2605593","1032.73","2025-05-08 20:00:00","2025-05-09 09:05:00","","168","Thursday","evening","long","standard","3936779106383752919"
"2024-11-21","2025-05-08","BOD","DUB","Dublin","https://www.kayak.fr/flights/BOD-DUB/2025-05-08?sort=price_a","17:10","08:20+1","970","133.0","False","BOD","DUB","N/A","N/A","N/A","","KLM","N/A","N/A","44.837789, -0.57918","53.3493795, -6.2605593","1032.73","2025-05-08 17:10:00","2025-05-09 08:20:00","","168","Thursday","evening","long","standard","8672751545600217994"
"2024-11-21","2025-05-08","BOD","DUB","Dublin","https://www.kayak.fr/flights/BOD-DUB/2025-05-08?sort=price_a","22:10","10:20+1","790","140.0","False","BOD","DUB","N/A","N/A","N/A","","British Airways","Ryanair","N/A","44.837789, -0.57918","53.3493795, -6.2605593","1032.73","2025-05-08 22:10:00","2025-05-09 10:20:00","","168","Thursday","night","long","standard","7017286222372871861"
"2024-11-21","2025-05-08","BOD","DUB","Dublin","https://www.kayak.fr/flights/BOD-DUB/2025-05-08?sort=price_a","17:10","20:15","245","141.0","False","BOD","DUB","N/A","N/A","N/A","","KLM","N/A","N/A","44.837789, -0.57918","53.3493795, -6.2605593","1032.73","2025-05-08 17:10:00","2025-05-08 20:15:00","","168","Thursday","evening","moyen","standard","8706936882066351803"
"2024-11-21","2025-05-09","BOD","DUB","Dublin","https://www.kayak.fr/flights/BOD-DUB/2025-05-09?sort=price_a","23:15","07:40+1","565","79.0","False","BOD","DUB","N/A","N/A","BCN","320.0","Vueling","N/A","Économique","44.837789, -0.57918","53.3493795, -6.2605593","1032.73","2025-05-09 23:15:00","2025-05-10 07:40:00","245.0","169","Friday","night","long","cheap","7281833022956396703"
"2024-11-21","2025-05-09","BOD","DUB","Dublin","https://www.kayak.fr/flights/BOD-DUB/2025-05-09?sort=price_a","17:10","00:10+1","480","109.0","False","BOD","DUB","N/A","N/A","BCN","320.0","Vueling","N/A","Économique","44.837789, -0.57918","53.3493795, -6.2605593","1032.73","2025-05-09 17:10:00","2025-05-10 00:10:00","160.0","169","Friday","evening","long","cheap","9211982506919242176"
"2024-11-21","2025-05-09","BOD","DUB","Dublin","https://www.kayak.fr/flights/BOD-DUB/2025-05-09?sort=price_a","11:50","16:40","350","119.0","False","BOD","DUB","N/A","N/A","BCN","320.0","Vueling","N/A","Économique","44.837789, -0.57918","53.3493795, -6.2605593","1032.73","2025-05-09 11:50:00","2025-05-09 16:40:00","30.0","169","Friday","morning","moyen","standard","2828038577561528072"
"2024-11-21","2025-05-09","BOD","DUB","Dublin","https://www.kayak.fr/flights/BOD-DUB/2025-05-09?sort=price_a","17:10","22:20","370","121.0","False","BOD","DUB","N/A","N/A","BCN","320.0","Vueling","N/A","N/A","44.837789, -0.57918","53.3493795, -6.2605593","1032.73","2025-05-09 17:10:00","2025-05-09 22:20:00","50.0","169","Friday","evening","long","standard","6281848728891608923"
"2024-11-21","2025-05-09","BOD","DUB","Dublin","https://www.kayak.fr/flights/BOD-DUB/2025-05-09?sort=price_a","17:10","20:15","245","122.0","False","BOD","DUB","N/A","N/A","N/A","","KLM","N/A","N/A","44.837789, -0.57918","53.3493795, -6.2605593","1032.73","2025-05-09 17:10:00","2025-05-09 20:15:00","","169","Friday","evening","moyen","standard","75492809450161404"
"2024-11-21","2025-05-09","BOD","DUB","Dublin","https://www.kayak.fr/flights/BOD-DUB/2025-05-09?sort=price_a","17:10","22:25","375","122.0","False","BOD","DUB","N/A","N/A","BCN","320.0","Vueling","N/A","N/A","44.837789, -0.57918","53.3493795, -6.2605593","1032.73","2025-05-09 17:10:00","2025-05-09 22:25:00","55.0","169","Friday","evening","long","standard","4228284565131500772"
"2024-11-21","2025-05-09","BOD","DUB","Dublin","https://www.kayak.fr/flights/BOD-DUB/2025-05-09?sort=price_a","07:00","13:45","465","122.0","False","BOD","DUB","N/A","N/A","N/A","","easyJet","Ryanair","N/A","44.837789, -0.57918","53.3493795, -6.2605593","1032.73","2025-05-09 07:00:00","2025-05-09 13:45:00","","169","Friday","morning","long","standard","1123160267332995948"
"2024-11-21","2025-05-09","BOD","DUB","Dublin","https://www.kayak.fr/flights/BOD-DUB/2025-05-09?sort=price_a","07:00","14:35","515","130.0","False","BOD","DUB","N/A","N/A","N/A","","easyJet","Ryanair","N/A","44.837789, -0.57918","53.3493795, -6.2605593","1032.73","2025-05-09 07:00:00","2025-05-09 14:35:00","","169","Friday","morning","long","standard","8323599393759329229"
"2024-11-21","2025-05-09","BOD","DUB","Dublin","https://www.kayak.fr/flights/BOD-DUB/2025-05-09?sort=price_a","07:00","15:15","555","131.0","False","BOD","DUB","N/A","N/A","N/A","","easyJet","Ryanair","Standard","44.837789, -0.57918","53.3493795, -6.2605593","1032.73","2025-05-09 07:00:00","2025-05-09 15:15:00","","169","Friday","morning","long","standard","4647849191166363832"
"2024-11-21","2025-05-09","BOD","DUB","Dublin","https://www.kayak.fr/flights/BOD-DUB/2025-05-09?sort=price_a","14:15","20:05","410","132.0","False","BOD","DUB","N/A","N/A","N/A","","easyJet","Ryanair","Standard","44.837789, -0.57918","53.3493795, -6.2605593","1032.73","2025-05-09 14:15:00","2025-05-09 20:05:00","","169","Friday","afternoon","long","standard","4596467197091125842"
"2024-11-21","2025-05-09","BOD","DUB","Dublin","https://www.kayak.fr/flights/BOD-DUB/2025-05-09?sort=price_a","13:25","20:30","485","142.0","False","BOD","DUB","N/A","N/A","N/A","","easyJet","Ryanair","Standard","44.837789, -0.57918","53.3493795, -6.2605593","1032.73","2025-05-09 13:25:00","2025-05-09 20:30:00","","169","Friday","afternoon","long","standard","9022382098042777816"
"2024-11-21","2025-05-09","BOD","DUB","Dublin","https://www.kayak.fr/flights/BOD-DUB/2025-05-09?sort=price_a","10:50","11:50","120","148.0","True","BOD","DUB","N/A","N/A","N/A","","easyJet","Ryanair","N/A","44.837789, -0.57918","53.3493795, -6.2605593","1032.73","2025-05-09 10:50:00","2025-05-09 11:50:00","","169","Friday","morning","court","standard","6816225152013421697"
"2024-11-21","2025-05-09","BOD","DUB","Dublin","https://www.kayak.fr/flights/BOD-DUB/2025-05-09?sort=price_a","06:30","12:35","425","152.0","False","BOD","DUB","N/A","N/A","N/A","","KLM","N/A","N/A","44.837789, -0.57918","53.3493795, -6.2605593","1032.73","2025-05-09 06:30:00","2025-05-09 12:35:00","","169","Friday","morning","long","standard","1204320849649618295"
"2024-11-21","2025-05-09","BOD","DUB","Dublin","https://www.kayak.fr/flights/BOD-DUB/2025-05-09?sort=price_a","17:40","00:55+1","495","156.0","False","BOD","DUB","N/A","N/A","N/A","","easyJet","Ryanair","N/A","44.837789, -0.57918","53.3493795, -6.2605593","1032.73","2025-05-09 17:40:00","2025-05-10 00:55:00","","169","Friday","evening","long","high","2026537642279858864"
"2024-11-21","2025-05-09","BOD","DUB","Dublin","https://www.kayak.fr/flights/BOD-DUB/2025-05-09?sort=price_a","07:00","13:25","445","158.0","False","BOD","DUB","N/A","N/A","N/A","","easyJet","Aer Lingus","N/A","44.837789, -0.57918","53.3493795, -6.2605593","1032.73","2025-05-09 07:00:00","2025-05-09 13:25:00","","169","Friday","morning","long","high","8965286773701367421"
"2024-11-21","2025-05-10","BOD","DUB","Dublin","https://www.kayak.fr/flights/BOD-DUB/2025-05-10?sort=price_a","20:00","07:50+1","770","97.0","False","BOD","DUB","N/A","N/A","BCN","525.0","Vueling","N/A","Économique","44.837789, -0.57918","53.3493795, -6.2605593","1032.73","2025-05-10 20:00:00","2025-05-11 07:50:00","245.0","170","Saturday","evening","long","cheap","70228649595570603"
"2024-11-21","2025-05-10","BOD","DUB","Dublin","https://www.kayak.fr/flights/BOD-DUB/2025-05-10?sort=price_a","06:30","10:25","295","98.0","False","BOD","DUB","N/A","N/A","BCN","525.0","Vueling","N/A","Économique","44.837789, -0.57918","53.3493795, -6.2605593","1032.73","2025-05-10 06:30:00","2025-05-10 10:25:00","","170","Saturday","morning","moyen","cheap","2965589375995176268"
"2024-11-21","2025-05-10","BOD","DUB","Dublin","https://www.kayak.fr/flights/BOD-DUB/2025-05-10?sort=price_a","11:50","16:40","350","98.0","False","BOD","DUB","N/A","N/A","BCN","525.0","Vueling","N/A","Économique","44.837789, -0.57918","53.3493795, -6.2605593","1032.73","2025-05-10 11:50:00","2025-05-10 16:40:00","","170","Saturday","morning","moyen","cheap","5421359790918010834"
"2024-11-21","2025-05-10","BOD","DUB","Dublin","https://www.kayak.fr/flights/BOD-DUB/2025-05-10?sort=price_a","06:30","12:35","425","98.0","False","BOD","DUB","N/A","N/A","BCN","525.0","Vueling","N/A","N/A","44.837789, -0.57918","53.3493795, -6.2605593","1032.73","2025-05-10 06:30:00","2025-05-10 12:35:00","","170","Saturday","morning","long","cheap","3444634571598621596"
"2024-11-21","2025-05-10","BOD","DUB","Dublin","https://www.kayak.fr/flights/BOD-DUB/2025-05-10?sort=price_a","11:58","18:25","447","110.0","False","BOD","DUB","N/A","N/A","N/A","","SNCF","Vueling","N/A","44.837789, -0.57918","53.3493795, -6.2605593","1032.73","2025-05-10 11:58:00","2025-05-10 18:25:00","","170","Saturday","morning","long","cheap","631615884847977707"
"2024-11-21","2025-05-10","BOD","DUB","Dublin","https://www.kayak.fr/flights/BOD-DUB/2025-05-10?sort=price_a","17:10","22:25","375","137.0","False","BOD","DUB","N/A","N/A","BCN","525.0","Vueling","N/A","N/A","44.837789, -0.57918","53.3493795, -6.2605593","1032.73","2025-05-10 17:10:00","2025-05-10 22:25:00","","170","Saturday","evening","long","standard","8206780653205829656"
"2024-11-21","2025-05-10","BOD","DUB","Dublin","https://www.kayak.fr/flights/BOD-DUB/2025-05-10?sort=price_a","14:00","21:20","500","139.0","False","BOD","DUB","N/A","N/A","N/A","","Vueling","Ryanair","N/A","44.837789, -0.57918","53.3493795, -6.2605593","1032.73","2025-05-10 14:00:00","2025-05-10 21:20:00","","170","Saturday","afternoon","long","standard","3329532311999669225"
"2024-11-21","2025-05-10","BOD","DUB","Dublin","https://www.kayak.fr/flights/BOD-DUB/2025-05-10?sort=price_a","06:35","13:45","490","143.0","False","BOD","DUB","N/A","N/A","N/A","","easyJet","Ryanair","N/A","44.837789, -0.57918","53.3493795, -6.2605593","1032.73","2025-05-10 06:35:00","2025-05-10 13:45:00","","170","Saturday","morning","long","standard","8415442696461781535"
"2024-11-21","2025-05-10","BOD","DUB","Dublin","https://www.kayak.fr/flights/BOD-DUB/2025-05-10?sort=price_a","10:50","11:50","120","148.0","True","BOD","DUB","N/A","N/A","N/A","","KLM","N/A","Light","44.837789, -0.57918","53.3493795, -6.2605593","1032.73","2025-05-10 10:50:00","2025-05-10 11:50:00","","170","Saturday","morning","court","standard","7930908923162450894"
"2024-11-21","2025-05-10","BOD","DUB","Dublin","https://www.kayak.fr/flights/BOD-DUB/2025-05-10?sort=price_a","14:00","21:45","525","162.0","False","BOD","DUB","N/A","N/A","AMS","90.0","KLM","N/A","Light","44.837789, -0.57918","53.3493795, -6.2605593","1032.73","2025-05-10 14:00:00","2025-05-10 21:45:00","435.0","170","Saturday","afternoon","long","high","8463262871515084847"
"2024-11-21","2025-05-10","BOD","DUB","Dublin","https://www.kayak.fr/flights/BOD-DUB/2025-05-10?sort=price_a","06:35","14:35","540","162.0","False","BOD","DUB","N/A","N/A","AMS","90.0","KLM","N/A","Light","44.837789, -0.57918","53.3493795, -6.2605593","1032.73","2025-05-10 06:35:00","2025-05-10 14:35:00","450.0","170","Saturday","morning","long","high","8980883638737306808"
"2024-11-21","2025-05-10","BOD","DUB","Dublin","https://www.kayak.fr/flights/BOD-DUB/2025-05-10?sort=price_a","06:35","14:40","545","162.0","False","BOD","DUB","N/A","N/A","AMS","90.0","KLM","N/A","N/A","44.837789, -0.57918","53.3493795, -6.2605593","1032.73","2025-05-10 06:35:00","2025-05-10 14:40:00","455.0","170","Saturday","morning","long","high","7474365694495414588"
"2024-11-21","2025-05-10","BOD","DUB","Dublin","https://www.kayak.fr/flights/BOD-DUB/2025-05-10?sort=price_a","09:05","15:40","455","165.0","False","BOD","DUB","N/A","N/A","N/A","","Iberia","Ryanair","N/A","44.837789, -0.57918","53.3493795, -6.2605593","1032.73","2025-05-10 09:05:00","2025-05-10 15:40:00","","170","Saturday","morning","long","high","450753279754499946"
"2024-11-21","2025-05-10","BOD","DUB","Dublin","https://www.kayak.fr/flights/BOD-DUB/2025-05-10?sort=price_a","10:20","18:15","535","167.0","False","BOD","DUB","N/A","N/A","AMS","90.0","KLM","N/A","N/A","44.837789, -0.57918","53.3493795, -6.2605593","1032.73","2025-05-10 10:20:00","2025-05-10 18:15:00","445.0","170","Saturday","morning","long","high","8244481643573396550"
"2024-11-21","2025-05-10","BOD","DUB","Dublin","https://www.kayak.fr/flights/BOD-DUB/2025-05-10?sort=price_a","19:15","01:20+1","425","194.0","False","BOD","DUB","N/A","N/A","N/A","","easyJet","Aer Lingus","N/A","44.837789, -0.57918","53.3493795, -6.2605593","1032.73","2025-05-10 19:15:00","2025-05-11 01:20:00","","170","Saturday","evening","long","high","7732716295039667489"
"2024-11-21","2025-05-11","BOD","DUB","Dublin","https://www.kayak.fr/flights/BOD-DUB/2025-05-11?sort=price_a","21:20","07:45+1","685","107.0","False","BOD","DUB","N/A","N/A","N/A","","easyJet","Ryanair","Standard","44.837789, -0.57918","53.3493795, -6.2605593","1032.73","2025-05-11 21:20:00","2025-05-12 07:45:00","","171","Sunday","evening","long","cheap","2739983667073212059"
"2024-11-21","2025-05-11","BOD","DUB","Dublin","https://www.kayak.fr/flights/BOD-DUB/2025-05-11?sort=price_a","07:00","14:05","485","116.0","False","BOD","DUB","N/A","N/A","N/A","","easyJet","Ryanair","Standard","44.837789, -0.57918","53.3493795, -6.2605593","1032.73","2025-05-11 07:00:00","2025-05-11 14:05:00","","171","Sunday","morning","long","standard","660144519649095750"
"2024-11-21","2025-05-11","BOD","DUB","Dublin","https://www.kayak.fr/flights/BOD-DUB/2025-05-11?sort=price_a","07:00","11:15","315","119.0","False","BOD","DUB","N/A","N/A","N/A","","easyJet","Ryanair","Standard","44.837789, -0.57918","53.3493795, -6.2605593","1032.73","2025-05-11 07:00:00","2025-05-11 11:15:00","","171","Sunday","morning","moyen","standard","5961475541848141326"
"2024-11-21","2025-05-11","BOD","DUB","Dublin","https://www.kayak.fr/flights/BOD-DUB/2025-05-11?sort=price_a","07:00","13:35","455","138.0","False","BOD","DUB","N/A","N/A","N/A","","easyJet","Ryanair","N/A","44.837789, -0.57918","53.3493795, -6.2605593","1032.73","2025-05-11 07:00:00","2025-05-11 13:35:00","","171","Sunday","morning","long","standard","1406445953500106827"
"2024-11-21","2025-05-11","BOD","DUB","Dublin","https://www.kayak.fr/flights/BOD-DUB/2025-05-11?sort=price_a","15:40","22:50","490","143.0","False","BOD","DUB","N/A","N/A","N/A","","easyJet","Ryanair","N/A","44.837789, -0.57918","53.3493795, -6.2605593","1032.73","2025-05-11 15:40:00","2025-05-11 22:50:00","","171","Sunday","afternoon","long","standard","1168754624484187562"
"2024-11-21","2025-05-11","BOD","DUB","Dublin","https://www.kayak.fr/flights/BOD-DUB/2025-05-11?sort=price_a","17:55","18:55","120","148.0","True","BOD","DUB","N/A","N/A","N/A","","easyJet","Ryanair","N/A","44.837789, -0.57918","53.3493795, -6.2605593","1032.73","2025-05-11 17:55:00","2025-05-11 18:55:00","","171","Sunday","evening","court","standard","1805983882465681594"
"2024-11-21","2025-05-11","BOD","DUB","Dublin","https://www.kayak.fr/flights/BOD-DUB/2025-05-11?sort=price_a","10:05","13:15","250","150.0","False","BOD","DUB","N/A","N/A","N/A","","easyJet","Aer Lingus","N/A","44.837789, -0.57918","53.3493795, -6.2605593","1032.73","2025-05-11 10:05:00","2025-05-11 13:15:00","","171","Sunday","morning","moyen","standard","2096045267848792184"
"2024-11-21","2025-05-11","BOD","DUB","Dublin","https://www.kayak.fr/flights/BOD-DUB/2025-05-11?sort=price_a","10:05","15:20","375","150.0","False","BOD","DUB","N/A","N/A","N/A","","easyJet","Aer Lingus","N/A","44.837789, -0.57918","53.3493795, -6.2605593","1032.73","2025-05-11 10:05:00","2025-05-11 15:20:00","","171","Sunday","morning","long","standard","4027890778799094093"
"2024-11-21","2025-05-11","BOD","DUB","Dublin","https://www.kayak.fr/flights/BOD-DUB/2025-05-11?sort=price_a","10:05","16:25","440","153.0","False","BOD","DUB","N/A","N/A","N/A","","easyJet","Ryanair","Standard","44.837789, -0.57918","53.3493795, -6.2605593","1032.73","2025-05-11 10:05:00","2025-05-11 16:25:00","","171","Sunday","morning","long","standard","5690705467119554114"
"2024-11-21","2025-05-11","BOD","DUB","Dublin","https://www.kayak.fr/flights/BOD-DUB/2025-05-11?sort=price_a","10:05","14:00","295","154.0","False","BOD","DUB","N/A","N/A","N/A","","easyJet","Ryanair","Standard","44.837789, -0.57918","53.3493795, -6.2605593","1032.73","2025-05-11 10:05:00","2025-05-11 14:00:00","","171","Sunday","morning","moyen","standard","2584102066973982170"
"2024-11-21","2025-05-11","BOD","DUB","Dublin","https://www.kayak.fr/flights/BOD-DUB/2025-05-11?sort=price_a","07:00","14:50","530","162.0","False","BOD","DUB","N/A","N/A","N/A","","easyJet","Ryanair","Standard","44.837789, -0.57918","53.3493795, -6.2605593","1032.73","2025-05-11 07:00:00","2025-05-11 14:50:00","","171","Sunday","morning","long","high","7809427529918452966"
"2024-11-21","2025-05-11","BOD","DUB","Dublin","https://www.kayak.fr/flights/BOD-DUB/2025-05-11?sort=price_a","14:10","18:25","315","179.0","False","BOD","DUB","N/A","N/A","N/A","","easyJet","Ryanair","N/A","44.837789, -0.57918","53.3493795, -6.2605593","1032.73","2025-05-11 14:10:00","2025-05-11 18:25:00","","171","Sunday","afternoon","moyen","high","4014995004558103962"
"2024-11-21","2025-05-11","BOD","DUB","Dublin","https://www.kayak.fr/flights/BOD-DUB/2025-05-11?sort=price_a","16:25","00:05+1","520","181.0","False","BOD","DUB","N/A","N/A","N/A","","easyJet","TAP AIR PORTUGAL","N/A","44.837789, -0.57918","53.3493795, -6.2605593","1032.73","2025-05-11 16:25:00","2025-05-12 00:05:00","","171","Sunday","afternoon","long","high","3970841538102203711"
"2024-11-21","2025-05-11","BOD","DUB","Dublin","https://www.kayak.fr/flights/BOD-DUB/2025-05-11?sort=price_a","07:00","14:30","510","182.0","False","BOD","DUB","N/A","N/A","N/A","","easyJet","Ryanair","N/A","44.837789, -0.57918","53.3493795, -6.2605593","1032.73","2025-05-11 07:00:00","2025-05-11 14:30:00","","171","Sunday","morning","long","high","7333543181149248435"
"2024-11-21","2025-05-11","BOD","DUB","Dublin","https://www.kayak.fr/flights/BOD-DUB/2025-05-11?sort=price_a","19:25","00:45+1","380","186.0","False","BOD","DUB","N/A","N/A","N/A","","easyJet","Ryanair","N/A","44.837789, -0.57918","53.3493795, -6.2605593","1032.73","2025-05-11 19:25:00","2025-05-12 00:45:00","","171","Sunday","evening","long","high","7838875055928160954"
"2024-11-21","2025-05-12","BOD","DUB","Dublin","https://www.kayak.fr/flights/BOD-DUB/2025-05-12?sort=price_a","18:15","09:10+1","955","94.0","False","BOD","DUB","N/A","N/A","BCN","710.0","Vueling","N/A","Économique","44.837789, -0.57918","53.3493795, -6.2605593","1032.73","2025-05-12 18:15:00","2025-05-13 09:10:00","245.0","172","Monday","evening","long","cheap","1429580262513169425"
"2024-11-21","2025-05-12","BOD","DUB","Dublin","https://www.kayak.fr/flights/BOD-DUB/2025-05-12?sort=price_a","07:00","14:40","520","114.0","False","BOD","DUB","N/A","N/A","BCN","710.0","Vueling","N/A","Économique","44.837789, -0.57918","53.3493795, -6.2605593","1032.73","2025-05-12 07:00:00","2025-05-12 14:40:00","","172","Monday","morning","long","standard","2650847558752265520"
"2024-11-21","2025-05-12","BOD","DUB","Dublin","https://www.kayak.fr/flights/BOD-DUB/2025-05-12?sort=price_a","07:00","11:10","310","118.0","False","BOD","DUB","N/A","N/A","BCN","710.0","Vueling","N/A","Économique","44.837789, -0.57918","53.3493795, -6.2605593","1032.73","2025-05-12 07:00:00","2025-05-12 11:10:00","","172","Monday","morning","moyen","standard","4078983893259768927"
"2024-11-21","2025-05-12","BOD","DUB","Dublin","https://www.kayak.fr/flights/BOD-DUB/2025-05-12?sort=price_a","23:00","07:05+1","545","127.0","False","BOD","DUB","N/A","N/A","BCN","710.0","Vueling","N/A","N/A","44.837789, -0.57918","53.3493795, -6.2605593","1032.73","2025-05-12 23:00:00","2025-05-13 07:05:00","","172","Monday","night","long","standard","6054526196172093472"
"2024-11-21","2025-05-12","BOD","DUB","Dublin","https://www.kayak.fr/flights/BOD-DUB/2025-05-12?sort=price_a","11:58","19:10","492","130.0","False","BOD","DUB","N/A","N/A","N/A","","SNCF","Transavia","N/A","44.837789, -0.57918","53.3493795, -6.2605593","1032.73","2025-05-12 11:58:00","2025-05-12 19:10:00","","172","Monday","morning","long","standard","5262059860849827834"
"2024-11-21","2025-05-12","BOD","DUB","Dublin","https://www.kayak.fr/flights/BOD-DUB/2025-05-12?sort=price_a","10:50","11:50","120","133.0","True","BOD","DUB","N/A","N/A","N/A","","Vueling","N/A","N/A","44.837789, -0.57918","53.3493795, -6.2605593","1032.73","2025-05-12 10:50:00","2025-05-12 11:50:00","","172","Monday","morning","court","standard","5543851043403655794"
"2024-11-21","2025-05-12","BOD","DUB","Dublin","https://www.kayak.fr/flights/BOD-DUB/2025-05-12?sort=price_a","16:30","20:15","285","134.0","False","BOD","DUB","N/A","N/A","N/A","","easyJet","Ryanair","N/A","44.837789, -0.57918","53.3493795, -6.2605593","1032.73","2025-05-12 16:30:00","2025-05-12 20:15:00","","172","Monday","afternoon","moyen","standard","445034023596711391"
"2024-11-21","2025-05-12","BOD","DUB","Dublin","https://www.kayak.fr/flights/BOD-DUB/2025-05-12?sort=price_a","08:55","13:15","320","134.0","False","BOD","DUB","N/A","N/A","N/A","","easyJet","Ryanair","N/A","44.837789, -0.57918","53.3493795, -6.2605593","1032.73","2025-05-12 08:55:00","2025-05-12 13:15:00","","172","Monday","morning","moyen","standard","2624632072974080848"
"2024-11-21","2025-05-12","BOD","DUB","Dublin","https://www.kayak.fr/flights/BOD-DUB/2025-05-12?sort=price_a","16:30","22:55","445","134.0","False","BOD","DUB","N/A","N/A","N/A","","easyJet","Ryanair","Standard","44.837789, -0.57918","53.3493795, -6.2605593","1032.73","2025-05-12 16:30:00","2025-05-12 22:55:00","","172","Monday","afternoon","long","standard","8620850135264638416"
"2024-11-21","2025-05-12","BOD","DUB","Dublin","https://www.kayak.fr/flights/BOD-DUB/2025-05-12?sort=price_a","16:30","23:10","460","136.0","False","BOD","DUB","N/A","N/A","N/A","","easyJet","Ryanair","Standard","44.837789, -0.57918","53.3493795, -6.2605593","1032.73","2025-05-12 16:30:00","2025-05-12 23:10:00","","172","Monday","afternoon","long","standard","7732664339170810181"
"2024-11-21","2025-05-12","BOD","DUB","Dublin","https://www.kayak.fr/flights/BOD-DUB/2025-05-12?sort=price_a","16:30","23:20","470","136.0","False","BOD","DUB","N/A","N/A","N/A","","easyJet","Ryanair","Standard","44.837789, -0.57918","53.3493795, -6.2605593","1032.73","2025-05-12 16:30:00","2025-05-12 23:20:00","","172","Monday","afternoon","long","standard","966953312205056590"
"2024-11-21","2025-05-12","BOD","DUB","Dublin","https://www.kayak.fr/flights/BOD-DUB/2025-05-12?sort=price_a","16:30","22:05","395","139.0","False","BOD","DUB","N/A","N/A","N/A","","easyJet","Ryanair","N/A","44.837789, -0.57918","53.3493795, -6.2605593","1032.73","2025-05-12 16:30:00","2025-05-12 22:05:00","","172","Monday","afternoon","long","standard","170313067809114120"
"2024-11-21","2025-05-12","BOD","DUB","Dublin","https://www.kayak.fr/flights/BOD-DUB/2025-05-12?sort=price_a","07:00","14:05","485","139.0","False","BOD","DUB","N/A","N/A","N/A","","easyJet","Ryanair","N/A","44.837789, -0.57918","53.3493795, -6.2605593","1032.73","2025-05-12 07:00:00","2025-05-12 14:05:00","","172","Monday","morning","long","standard","7895298151191280345"
"2024-11-21","2025-05-12","BOD","DUB","Dublin","https://www.kayak.fr/flights/BOD-DUB/2025-05-12?sort=price_a","06:30","13:15","465","140.0","False","BOD","DUB","N/A","N/A","N/A","","easyJet","Ryanair","N/A","44.837789, -0.57918","53.3493795, -6.2605593","1032.73","2025-05-12 06:30:00","2025-05-12 13:15:00","","172","Monday","morning","long","standard","4956860077239581182"
"2024-11-21","2025-05-12","BOD","DUB","Dublin","https://www.kayak.fr/flights/BOD-DUB/2025-05-12?sort=price_a","14:00","22:05","545","141.0","False","BOD","DUB","N/A","N/A","N/A","","easyJet","Ryanair","N/A","44.837789, -0.57918","53.3493795, -6.2605593","1032.73","2025-05-12 14:00:00","2025-05-12 22:05:00","","172","Monday","afternoon","long","standard","2440836650904079742"
"2024-11-21","2025-05-13","BOD","DUB","Dublin","https://www.kayak.fr/flights/BOD-DUB/2025-05-13?sort=price_a","20:00","09:10+1","850","86.0","False","BOD","DUB","N/A","N/A","BCN","605.0","Vueling","N/A","Économique","44.837789, -0.57918","53.3493795, -6.2605593","1032.73","2025-05-13 20:00:00","2025-05-14 09:10:00","245.0","173","Tuesday","evening","long","cheap","4932261009403068133"
"2024-11-21","2025-05-13","BOD","DUB","Dublin","https://www.kayak.fr/flights/BOD-DUB/2025-05-13?sort=price_a","07:00","13:35","455","96.0","False","BOD","DUB","N/A","N/A","BCN","605.0","Vueling","N/A","Économique","44.837789, -0.57918","53.3493795, -6.2605593","1032.73","2025-05-13 07:00:00","2025-05-13 13:35:00","","173","Tuesday","morning","long","cheap","7880576383030362904"
"2024-11-21","2025-05-13","BOD","DUB","Dublin","https://www.kayak.fr/flights/BOD-DUB/2025-05-13?sort=price_a","07:00","14:25","505","96.0","False","BOD","DUB","N/A","N/A","BCN","605.0","Vueling","N/A","Économique","44.837789, -0.57918","53.3493795, -6.2605593","1032.73","2025-05-13 07:00:00","2025-05-13 14:25:00","","173","Tuesday","morning","long","cheap","5297038109147588834"
"2024-11-21","2025-05-13","BOD","DUB","Dublin","https://www.kayak.fr/flights/BOD-DUB/2025-05-13?sort=price_a","07:00","16:05","605","96.0","False","BOD","DUB","N/A","N/A","BCN","605.0","Vueling","N/A","N/A","44.837789, -0.57918","53.3493795, -6.2605593","1032.73","2025-05-13 07:00:00","2025-05-13 16:05:00","0.0","173","Tuesday","morning","long","cheap","6460006045572328571"
"2024-11-21","2025-05-13","BOD","DUB","Dublin","https://www.kayak.fr/flights/BOD-DUB/2025-05-13?sort=price_a","07:00","17:55","715","96.0","False","BOD","DUB","N/A","N/A","N/A","","easyJet","Ryanair","N/A","44.837789, -0.57918","53.3493795, -6.2605593","1032.73","2025-05-13 07:00:00","2025-05-13 17:55:00","","173","Tuesday","morning","long","cheap","3492355852037251104"
"2024-11-21","2025-05-13","BOD","DUB","Dublin","https://www.kayak.fr/flights/BOD-DUB/2025-05-13?sort=price_a","22:10","09:35+1","745","96.0","False","BOD","DUB","N/A","N/A","BCN","605.0","Vueling","N/A","N/A","44.837789, -0.57918","53.3493795, -6.2605593","1032.73","2025-05-13 22:10:00","2025-05-14 09:35:00","140.0","173","Tuesday","night","long","cheap","974766889783456096"
"2024-11-21","2025-05-13","BOD","DUB","Dublin","https://www.kayak.fr/flights/BOD-DUB/2025-05-13?sort=price_a","22:10","11:00+1","830","96.0","False","BOD","DUB","N/A","N/A","N/A","","easyJet","Ryanair","N/A","44.837789, -0.57918","53.3493795, -6.2605593","1032.73","2025-05-13 22:10:00","2025-05-14 11:00:00","","173","Tuesday","night","long","cheap","7369112645963274656"
"2024-11-21","2025-05-13","BOD","DUB","Dublin","https://www.kayak.fr/flights/BOD-DUB/2025-05-13?sort=price_a","22:10","11:15+1","845","96.0","False","BOD","DUB","N/A","N/A","N/A","","easyJet","Ryanair","N/A","44.837789, -0.57918","53.3493795, -6.2605593","1032.73","2025-05-13 22:10:00","2025-05-14 11:15:00","","173","Tuesday","night","long","cheap","7431236649517138311"
"2024-11-21","2025-05-13","BOD","DUB","Dublin","https://www.kayak.fr/flights/BOD-DUB/2025-05-13?sort=price_a","07:00","20:20","860","96.0","False","BOD","DUB","N/A","N/A","N/A","","easyJet","Ryanair","Standard","44.837789, -0.57918","53.3493795, -6.2605593","1032.73","2025-05-13 07:00:00","2025-05-13 20:20:00","","173","Tuesday","morning","long","cheap","7410795540840424798"
"2024-11-21","2025-05-13","BOD","DUB","Dublin","https://www.kayak.fr/flights/BOD-DUB/2025-05-13?sort=price_a","22:10","11:55+1","885","96.0","False","BOD","DUB","N/A","N/A","N/A","","easyJet","Ryanair","Standard","44.837789, -0.57918","53.3493795, -6.2605593","1032.73","2025-05-13 22:10:00","2025-05-14 11:55:00","","173","Tuesday","night","long","cheap","2004280439877867778"
"2024-11-21","2025-05-13","BOD","DUB","Dublin","https://www.kayak.fr/flights/BOD-DUB/2025-05-13?sort=price_a","18:40","09:35+1","955","96.0","False","BOD","DUB","N/A","N/A","N/A","","easyJet","Ryanair","Standard","44.837789, -0.57918","53.3493795, -6.2605593","1032.73","2025-05-13 18:40:00","2025-05-14 09:35:00","","173","Tuesday","evening","long","cheap","1013926026429584806"
"2024-11-21","2025-05-13","BOD","DUB","Dublin","https://www.kayak.fr/flights/BOD-DUB/2025-05-13?sort=price_a","07:00","11:05","305","98.0","False","BOD","DUB","N/A","N/A","N/A","","easyJet","Ryanair","N/A","44.837789, -0.57918","53.3493795, -6.2605593","1032.73","2025-05-13 07:00:00","2025-05-13 11:05:00","","173","Tuesday","morning","moyen","cheap","5811696902784808241"
"2024-11-21","2025-05-13","BOD","DUB","Dublin","https://www.kayak.fr/flights/BOD-DUB/2025-05-13?sort=price_a","18:40","23:00","320","98.0","False","BOD","DUB","N/A","N/A","N/A","","British Airways","Ryanair","N/A","44.837789, -0.57918","53.3493795, -6.2605593","1032.73","2025-05-13 18:40:00","2025-05-13 23:00:00","","173","Tuesday","evening","moyen","cheap","8745647819436869051"
"2024-11-21","2025-05-13","BOD","DUB","Dublin","https://www.kayak.fr/flights/BOD-DUB/2025-05-13?sort=price_a","07:00","14:35","515","98.0","False","BOD","DUB","N/A","N/A","N/A","","easyJet","Ryanair","N/A","44.837789, -0.57918","53.3493795, -6.2605593","1032.73","2025-05-13 07:00:00","2025-05-13 14:35:00","","173","Tuesday","morning","long","cheap","253951202766063894"
"2024-11-21","2025-05-13","BOD","DUB","Dublin","https://www.kayak.fr/flights/BOD-DUB/2025-05-13?sort=price_a","07:00","19:00","780","98.0","False","BOD","DUB","N/A","N/A","N/A","","easyJet","Ryanair","N/A","44.837789, -0.57918","53.3493795, -6.2605593","1032.73","2025-05-13 07:00:00","2025-05-13 19:00:00","","173","Tuesday","morning","long","cheap","933191810732176284"
"2024-11-21","2025-05-14","BOD","DUB","Dublin","https://www.kayak.fr/flights/BOD-DUB/2025-05-14?sort=price_a","20:45","07:35+1","710","60.0","False","BOD","DUB","N/A","N/A","N/A","","SNCF","Vueling","Économique","44.837789, -0.57918","53.3493795, -6.2605593","1032.73","2025-05-14 20:45:00","2025-05-15 07:35:00","","174","Wednesday","evening","long","cheap","3757220013859465884"
"2024-11-21","2025-05-14","BOD","DUB","Dublin","https://www.kayak.fr/flights/BOD-DUB/2025-05-14?sort=price_a","07:00","14:35","515","96.0","False","BOD","DUB","N/A","N/A","N/A","","SNCF","Vueling","Économique","44.837789, -0.57918","53.3493795, -6.2605593","1032.73","2025-05-14 07:00:00","2025-05-14 14:35:00","","174","Wednesday","morning","long","cheap","6300183522079636004"
"2024-11-21","2025-05-14","BOD","DUB","Dublin","https://www.kayak.fr/flights/BOD-DUB/2025-05-14?sort=price_a","17:10","20:15","245","98.0","False","BOD","DUB","N/A","N/A","N/A","","SNCF","Vueling","Économique","44.837789, -0.57918","53.3493795, -6.2605593","1032.73","2025-05-14 17:10:00","2025-05-14 20:15:00","","174","Wednesday","evening","moyen","cheap","6628092915018384652"
"2024-11-21","2025-05-14","BOD","DUB","Dublin","https://www.kayak.fr/flights/BOD-DUB/2025-05-14?sort=price_a","07:00","11:10","310","98.0","False","BOD","DUB","N/A","N/A","N/A","","SNCF","Vueling","N/A","44.837789, -0.57918","53.3493795, -6.2605593","1032.73","2025-05-14 07:00:00","2025-05-14 11:10:00","","174","Wednesday","morning","moyen","cheap","2332294676870595349"
"2024-11-21","2025-05-14","BOD","DUB","Dublin","https://www.kayak.fr/flights/BOD-DUB/2025-05-14?sort=price_a","17:10","22:25","375","98.0","False","BOD","DUB","N/A","N/A","N/A","","KLM","N/A","N/A","44.837789, -0.57918","53.3493795, -6.2605593","1032.73","2025-05-14 17:10:00","2025-05-14 22:25:00","","174","Wednesday","evening","long","cheap","5043070233724301998"
"2024-11-21","2025-05-14","BOD","DUB","Dublin","https://www.kayak.fr/flights/BOD-DUB/2025-05-14?sort=price_a","07:00","14:30","510","98.0","False","BOD","DUB","N/A","N/A","N/A","","SNCF","Vueling","N/A","44.837789, -0.57918","53.3493795, -6.2605593","1032.73","2025-05-14 07:00:00","2025-05-14 14:30:00","","174","Wednesday","morning","long","cheap","64163536547191776"
"2024-11-21","2025-05-14","BOD","DUB","Dublin","https://www.kayak.fr/flights/BOD-DUB/2025-05-14?sort=price_a","07:00","14:15","495","121.0","False","BOD","DUB","N/A","N/A","N/A","","easyJet","Ryanair","N/A","44.837789, -0.57918","53.3493795, -6.2605593","1032.73","2025-05-14 07:00:00","2025-05-14 14:15:00","","174","Wednesday","morning","long","standard","8554729864879513085"
"2024-11-21","2025-05-14","BOD","DUB","Dublin","https://www.kayak.fr/flights/BOD-DUB/2025-05-14?sort=price_a","07:00","15:15","555","129.0","False","BOD","DUB","N/A","N/A","N/A","","easyJet","Ryanair UK","N/A","44.837789, -0.57918","53.3493795, -6.2605593","1032.73","2025-05-14 07:00:00","2025-05-14 15:15:00","","174","Wednesday","morning","long","standard","6433091045100660713"
"2024-11-21","2025-05-14","BOD","DUB","Dublin","https://www.kayak.fr/flights/BOD-DUB/2025-05-14?sort=price_a","11:50","16:40","350","130.0","False","BOD","DUB","N/A","N/A","N/A","","easyJet","Ryanair","Standard","44.837789, -0.57918","53.3493795, -6.2605593","1032.73","2025-05-14 11:50:00","2025-05-14 16:40:00","","174","Wednesday","morning","moyen","standard","3612601807085843113"
"2024-11-21","2025-05-14","BOD","DUB","Dublin","https://www.kayak.fr/flights/BOD-DUB/2025-05-14?sort=price_a","17:30","00:45+1","495","131.0","False","BOD","DUB","N/A","N/A","N/A","","easyJet","Ryanair","Standard","44.837789, -0.57918","53.3493795, -6.2605593","1032.73","2025-05-14 17:30:00","2025-05-15 00:45:00","","174","Wednesday","evening","long","standard","1669628391978967521"
"2024-11-21","2025-05-14","BOD","DUB","Dublin","https://www.kayak.fr/flights/BOD-DUB/2025-05-14?sort=price_a","10:50","11:50","120","133.0","True","BOD","DUB","N/A","N/A","N/A","","easyJet","Ryanair","Standard","44.837789, -0.57918","53.3493795, -6.2605593","1032.73","2025-05-14 10:50:00","2025-05-14 11:50:00","","174","Wednesday","morning","court","standard","6984686275843477684"
"2024-11-21","2025-05-14","BOD","DUB","Dublin","https://www.kayak.fr/flights/BOD-DUB/2025-05-14?sort=price_a","18:20","23:50","390","139.0","False","BOD","DUB","N/A","N/A","N/A","","easyJet","Ryanair","N/A","44.837789, -0.57918","53.3493795, -6.2605593","1032.73","2025-05-14 18:20:00","2025-05-14 23:50:00","","174","Wednesday","evening","long","standard","3319716975853927243"
"2024-11-21","2025-05-14","BOD","DUB","Dublin","https://www.kayak.fr/flights/BOD-DUB/2025-05-14?sort=price_a","07:00","12:05","365","144.0","False","BOD","DUB","N/A","N/A","N/A","","easyJet","British Airways","N/A","44.837789, -0.57918","53.3493795, -6.2605593","1032.73","2025-05-14 07:00:00","2025-05-14 12:05:00","","174","Wednesday","morning","long","standard","2066923934994491623"
"2024-11-21","2025-05-14","BOD","DUB","Dublin","https://www.kayak.fr/flights/BOD-DUB/2025-05-14?sort=price_a","07:15","14:35","500","144.0","False","BOD","DUB","N/A","N/A","N/A","","easyJet","Ryanair","N/A","44.837789, -0.57918","53.3493795, -6.2605593","1032.73","2025-05-14 07:15:00","2025-05-14 14:35:00","","174","Wednesday","morning","long","standard","144636143743600283"
"2024-11-21","2025-05-14","BOD","DUB","Dublin","https://www.kayak.fr/flights/BOD-DUB/2025-05-14?sort=price_a","07:00","13:25","445","145.0","False","BOD","DUB","N/A","N/A","N/A","","easyJet","Aer Lingus","N/A","44.837789, -0.57918","53.3493795, -6.2605593","1032.73","2025-05-14 07:00:00","2025-05-14 13:25:00","","174","Wednesday","morning","long","standard","7085503919245871156"
"2024-11-21","2025-05-15","BOD","DUB","Dublin","https://www.kayak.fr/flights/BOD-DUB/2025-05-15?sort=price_a","13:35","20:05","450","94.0","False","BOD","DUB","N/A","N/A","BRS","290.0","easyJet","Ryanair","Standard","44.837789, -0.57918","53.3493795, -6.2605593","1032.73","2025-05-15 13:35:00","2025-05-15 20:05:00","160.0","175","Thursday","afternoon","long","cheap","6591748944828821258"
"2024-11-21","2025-05-15","BOD","DUB","Dublin","https://www.kayak.fr/flights/BOD-DUB/2025-05-15?sort=price_a","06:30","20:15","885","109.0","False","BOD","DUB","N/A","N/A","BRS","290.0","easyJet","Ryanair","Standard","44.837789, -0.57918","53.3493795, -6.2605593","1032.73","2025-05-15 06:30:00","2025-05-15 20:15:00","595.0","175","Thursday","morning","long","cheap","9216585291849428099"
"2024-11-21","2025-05-15","BOD","DUB","Dublin","https://www.kayak.fr/flights/BOD-DUB/2025-05-15?sort=price_a","06:30","16:40","670","121.0","False","BOD","DUB","N/A","N/A","BRS","290.0","easyJet","Ryanair","Standard","44.837789, -0.57918","53.3493795, -6.2605593","1032.73","2025-05-15 06:30:00","2025-05-15 16:40:00","380.0","175","Thursday","morning","long","standard","4099104022076889882"
"2024-11-21","2025-05-15","BOD","DUB","Dublin","https://www.kayak.fr/flights/BOD-DUB/2025-05-15?sort=price_a","18:50","08:10+1","860","122.0","False","BOD","DUB","N/A","N/A","BRS","290.0","easyJet","Ryanair","N/A","44.837789, -0.57918","53.3493795, -6.2605593","1032.73","2025-05-15 18:50:00","2025-05-16 08:10:00","570.0","175","Thursday","evening","long","standard","1057899158664371288"
"2024-11-21","2025-05-15","BOD","DUB","Dublin","https://www.kayak.fr/flights/BOD-DUB/2025-05-15?sort=price_a","08:00","12:40","340","123.0","False","BOD","DUB","N/A","N/A","N/A","","easyJet","Ryanair","N/A","44.837789, -0.57918","53.3493795, -6.2605593","1032.73","2025-05-15 08:00:00","2025-05-15 12:40:00","","175","Thursday","morning","moyen","standard","411668760223680336"
"2024-11-21","2025-05-15","BOD","DUB","Dublin","https://www.kayak.fr/flights/BOD-DUB/2025-05-15?sort=price_a","07:00","14:30","510","123.0","False","BOD","DUB","N/A","N/A","BRS","290.0","easyJet","Ryanair","N/A","44.837789, -0.57918","53.3493795, -6.2605593","1032.73","2025-05-15 07:00:00","2025-05-15 14:30:00","220.0","175","Thursday","morning","long","standard","8710504447349083802"
"2024-11-21","2025-05-15","BOD","DUB","Dublin","https://www.kayak.fr/flights/BOD-DUB/2025-05-15?sort=price_a","08:00","17:05","605","123.0","False","BOD","DUB","N/A","N/A","N/A","","easyJet","Ryanair","N/A","44.837789, -0.57918","53.3493795, -6.2605593","1032.73","2025-05-15 08:00:00","2025-05-15 17:05:00","","175","Thursday","morning","long","standard","7933685029028650384"
"2024-11-21","2025-05-15","BOD","DUB","Dublin","https://www.kayak.fr/flights/BOD-DUB/2025-05-15?sort=price_a","07:00","16:10","610","123.0","False","BOD","DUB","N/A","N/A","N/A","","easyJet","Ryanair","N/A","44.837789, -0.57918","53.3493795, -6.2605593","1032.73","2025-05-15 07:00:00","2025-05-15 16:10:00","","175","Thursday","morning","long","standard","22932525427376624"
"2024-11-21","2025-05-15","BOD","DUB","Dublin","https://www.kayak.fr/flights/BOD-DUB/2025-05-15?sort=price_a","07:00","19:10","790","123.0","False","BOD","DUB","N/A","N/A","AMS","680.0","KLM","N/A","Light","44.837789, -0.57918","53.3493795, -6.2605593","1032.73","2025-05-15 07:00:00","2025-05-15 19:10:00","110.0","175","Thursday","morning","long","standard","1995403334181197929"
"2024-11-21","2025-05-15","BOD","DUB","Dublin","https://www.kayak.fr/flights/BOD-DUB/2025-05-15?sort=price_a","09:05","20:45","760","125.0","False","BOD","DUB","N/A","N/A","AMS","680.0","KLM","N/A","Light","44.837789, -0.57918","53.3493795, -6.2605593","1032.73","2025-05-15 09:05:00","2025-05-15 20:45:00","80.0","175","Thursday","morning","long","standard","7845104933022439238"
"2024-11-21","2025-05-15","BOD","DUB","Dublin","https://www.kayak.fr/flights/BOD-DUB/2025-05-15?sort=price_a","22:40","08:00+1","620","128.0","False","BOD","DUB","N/A","N/A","AMS","680.0","KLM","N/A","Light","44.837789, -0.57918","53.3493795, -6.2605593","1032.73","2025-05-15 22:40:00","2025-05-16 08:00:00","","175","Thursday","night","long","standard","3678790689496944625"
"2024-11-21","2025-05-15","BOD","DUB","Dublin","https://www.kayak.fr/flights/BOD-DUB/2025-05-15?sort=price_a","06:30","10:25","295","129.0","False","BOD","DUB","N/A","N/A","AMS","680.0","KLM","N/A","N/A","44.837789, -0.57918","53.3493795, -6.2605593","1032.73","2025-05-15 06:30:00","2025-05-15 10:25:00","","175","Thursday","morning","moyen","standard","1522147994383922735"
"2024-11-21","2025-05-15","BOD","DUB","Dublin","https://www.kayak.fr/flights/BOD-DUB/2025-05-15?sort=price_a","06:30","12:35","425","129.0","False","BOD","DUB","N/A","N/A","N/A","","KLM","N/A","N/A","44.837789, -0.57918","53.3493795, -6.2605593","1032.73","2025-05-15 06:30:00","2025-05-15 12:35:00","","175","Thursday","morning","long","standard","271271170558268090"
"2024-11-21","2025-05-15","BOD","DUB","Dublin","https://www.kayak.fr/flights/BOD-DUB/2025-05-15?sort=price_a","15:45","23:00","495","130.0","False","BOD","DUB","N/A","N/A","AMS","680.0","KLM","N/A","N/A","44.837789, -0.57918","53.3493795, -6.2605593","1032.73","2025-05-15 15:45:00","2025-05-15 23:00:00","","175","Thursday","afternoon","long","standard","871853222712718116"
"2024-11-21","2025-05-15","BOD","DUB","Dublin","https://www.kayak.fr/flights/BOD-DUB/2025-05-15?sort=price_a","22:10","08:00+1","650","130.0","False","BOD","DUB","N/A","N/A","N/A","","easyJet","Ryanair","N/A","44.837789, -0.57918","53.3493795, -6.2605593","1032.73","2025-05-15 22:10:00","2025-05-16 08:00:00","","175","Thursday","night","long","standard","6650515877702164992"
"2024-11-21","2025-05-16","BOD","DUB","Dublin","https://www.kayak.fr/flights/BOD-DUB/2025-05-16?sort=price_a","17:10","00:10+1","480","96.0","False","BOD","DUB","N/A","N/A","N/A","","easyJet","Ryanair","Standard","44.837789, -0.57918","53.3493795, -6.2605593","1032.73","2025-05-16 17:10:00","2025-05-17 00:10:00","","176","Friday","evening","long","cheap","4858276810312450251"
"2024-11-21","2025-05-16","BOD","DUB","Dublin","https://www.kayak.fr/flights/BOD-DUB/2025-05-16?sort=price_a","22:20","07:55+1","635","99.0","False","BOD","DUB","N/A","N/A","N/A","","easyJet","Ryanair","Standard","44.837789, -0.57918","53.3493795, -6.2605593","1032.73","2025-05-16 22:20:00","2025-05-17 07:55:00","","176","Friday","night","long","cheap","2940069482139939655"
"2024-11-21","2025-05-16","BOD","DUB","Dublin","https://www.kayak.fr/flights/BOD-DUB/2025-05-16?sort=price_a","14:15","20:05","410","108.0","False","BOD","DUB","N/A","N/A","N/A","","easyJet","Ryanair","Standard","44.837789, -0.57918","53.3493795, -6.2605593","1032.73","2025-05-16 14:15:00","2025-05-16 20:05:00","","176","Friday","afternoon","long","cheap","9151170889183719256"
"2024-11-21","2025-05-16","BOD","DUB","Dublin","https://www.kayak.fr/flights/BOD-DUB/2025-05-16?sort=price_a","17:10","22:20","370","126.0","False","BOD","DUB","N/A","N/A","N/A","","easyJet","Ryanair","N/A","44.837789, -0.57918","53.3493795, -6.2605593","1032.73","2025-05-16 17:10:00","2025-05-16 22:20:00","","176","Friday","evening","long","standard","404871136902318030"
"2024-11-21","2025-05-16","BOD","DUB","Dublin","https://www.kayak.fr/flights/BOD-DUB/2025-05-16?sort=price_a","15:25","22:55","510","126.0","False","BOD","DUB","N/A","N/A","N/A","","easyJet","Ryanair","N/A","44.837789, -0.57918","53.3493795, -6.2605593","1032.73","2025-05-16 15:25:00","2025-05-16 22:55:00","","176","Friday","afternoon","long","standard","740162219385472972"
"2024-11-21","2025-05-16","BOD","DUB","Dublin","https://www.kayak.fr/flights/BOD-DUB/2025-05-16?sort=price_a","20:45","07:35+1","710","127.0","False","BOD","DUB","N/A","N/A","N/A","","easyJet","Ryanair","N/A","44.837789, -0.57918","53.3493795, -6.2605593","1032.73","2025-05-16 20:45:00","2025-05-17 07:35:00","","176","Friday","evening","long","standard","149236778736161937"
"2024-11-21","2025-05-16","BOD","DUB","Dublin","https://www.kayak.fr/flights/BOD-DUB/2025-05-16?sort=price_a","07:00","13:45","465","131.0","False","BOD","DUB","N/A","N/A","N/A","","easyJet","Ryanair","N/A","44.837789, -0.57918","53.3493795, -6.2605593","1032.73","2025-05-16 07:00:00","2025-05-16 13:45:00","","176","Friday","morning","long","standard","214555657025945597"
"2024-11-21","2025-05-16","BOD","DUB","Dublin","https://www.kayak.fr/flights/BOD-DUB/2025-05-16?sort=price_a","13:25","20:15","470","141.0","False","BOD","DUB","N/A","N/A","N/A","","Vueling","N/A","N/A","44.837789, -0.57918","53.3493795, -6.2605593","1032.73","2025-05-16 13:25:00","2025-05-16 20:15:00","","176","Friday","afternoon","long","standard","6559729806242269602"
"2024-11-21","2025-05-16","BOD","DUB","Dublin","https://www.kayak.fr/flights/BOD-DUB/2025-05-16?sort=price_a","07:00","14:35","515","143.0","False","BOD","DUB","N/A","N/A","N/A","","British Airways","Ryanair","Basic Economy","44.837789, -0.57918","53.3493795, -6.2605593","1032.73","2025-05-16 07:00:00","2025-05-16 14:35:00","","176","Friday","morning","long","standard","8030883330848447428"
"2024-11-21","2025-05-16","BOD","DUB","Dublin","https://www.kayak.fr/flights/BOD-DUB/2025-05-16?sort=price_a","07:00","15:15","555","143.0","False","BOD","DUB","N/A","N/A","N/A","","British Airways","Ryanair","Basic Economy","44.837789, -0.57918","53.3493795, -6.2605593","1032.73","2025-05-16 07:00:00","2025-05-16 15:15:00","","176","Friday","morning","long","standard","6479051615311074028"
"2024-11-21","2025-05-16","BOD","DUB","Dublin","https://www.kayak.fr/flights/BOD-DUB/2025-05-16?sort=price_a","10:50","11:50","120","148.0","True","BOD","DUB","N/A","N/A","N/A","","British Airways","Ryanair","Basic Economy","44.837789, -0.57918","53.3493795, -6.2605593","1032.73","2025-05-16 10:50:00","2025-05-16 11:50:00","","176","Friday","morning","court","standard","2151110271904346193"
"2024-11-21","2025-05-16","BOD","DUB","Dublin","https://www.kayak.fr/flights/BOD-DUB/2025-05-16?sort=price_a","17:10","23:30","440","149.0","False","BOD","DUB","N/A","N/A","N/A","","British Airways","Ryanair","N/A","44.837789, -0.57918","53.3493795, -6.2605593","1032.73","2025-05-16 17:10:00","2025-05-16 23:30:00","","176","Friday","evening","long","standard","4037664383425254444"
"2024-11-21","2025-05-16","BOD","DUB","Dublin","https://www.kayak.fr/flights/BOD-DUB/2025-05-16?sort=price_a","14:15","21:45","510","150.0","False","BOD","DUB","N/A","N/A","N/A","","easyJet","Aer Lingus","N/A","44.837789, -0.57918","53.3493795, -6.2605593","1032.73","2025-05-16 14:15:00","2025-05-16 21:45:00","","176","Friday","afternoon","long","standard","1209036390291845987"
"2024-11-21","2025-05-16","BOD","DUB","Dublin","https://www.kayak.fr/flights/BOD-DUB/2025-05-16?sort=price_a","17:10","00:55+1","525","151.0","False","BOD","DUB","N/A","N/A","N/A","","British Airways","Ryanair","N/A","44.837789, -0.57918","53.3493795, -6.2605593","1032.73","2025-05-16 17:10:00","2025-05-17 00:55:00","","176","Friday","evening","long","standard","13325554640294091"
"2024-11-21","2025-05-16","BOD","DUB","Dublin","https://www.kayak.fr/flights/BOD-DUB/2025-05-16?sort=price_a","06:30","12:35","425","156.0","False","BOD","DUB","N/A","N/A","N/A","","KLM","N/A","N/A","44.837789, -0.57918","53.3493795, -6.2605593","1032.73","2025-05-16 06:30:00","2025-05-16 12:35:00","","176","Friday","morning","long","high","6068434073230283967"
"2024-11-21","2025-05-17","BOD","DUB","Dublin","https://www.kayak.fr/flights/BOD-DUB/2025-05-17?sort=price_a","20:00","07:50+1","770","98.0","False","BOD","DUB","N/A","N/A","BCN","525.0","Vueling","N/A","Économique","44.837789, -0.57918","53.3493795, -6.2605593","1032.73","2025-05-17 20:00:00","2025-05-18 07:50:00","245.0","177","Saturday","evening","long","cheap","1639770033870223203"
"2024-11-21","2025-05-17","BOD","DUB","Dublin","https://www.kayak.fr/flights/BOD-DUB/2025-05-17?sort=price_a","17:10","22:25","375","137.0","False","BOD","DUB","N/A","N/A","BCN","525.0","Vueling","N/A","Économique","44.837789, -0.57918","53.3493795, -6.2605593","1032.73","2025-05-17 17:10:00","2025-05-17 22:25:00","","177","Saturday","evening","long","standard","2039488514604675558"
"2024-11-21","2025-05-17","BOD","DUB","Dublin","https://www.kayak.fr/flights/BOD-DUB/2025-05-17?sort=price_a","10:50","11:50","120","148.0","True","BOD","DUB","N/A","N/A","N/A","","Vueling","N/A","Économique","44.837789, -0.57918","53.3493795, -6.2605593","1032.73","2025-05-17 10:50:00","2025-05-17 11:50:00","","177","Saturday","morning","court","standard","8145385943491474211"
"2024-11-21","2025-05-17","BOD","DUB","Dublin","https://www.kayak.fr/flights/BOD-DUB/2025-05-17?sort=price_a","09:05","13:35","330","148.0","False","BOD","DUB","N/A","N/A","BCN","525.0","Vueling","N/A","N/A","44.837789, -0.57918","53.3493795, -6.2605593","1032.73","2025-05-17 09:05:00","2025-05-17 13:35:00","","177","Saturday","morning","moyen","standard","2658849138955877148"
"2024-11-21","2025-05-17","BOD","DUB","Dublin","https://www.kayak.fr/flights/BOD-DUB/2025-05-17?sort=price_a","10:20","18:05","525","157.0","False","BOD","DUB","N/A","N/A","N/A","","easyJet","Iberia","N/A","44.837789, -0.57918","53.3493795, -6.2605593","1032.73","2025-05-17 10:20:00","2025-05-17 18:05:00","","177","Saturday","morning","long","high","2593655218603012859"
"2024-11-21","2025-05-17","BOD","DUB","Dublin","https://www.kayak.fr/flights/BOD-DUB/2025-05-17?sort=price_a","10:20","18:05","525","162.0","False","BOD","DUB","N/A","N/A","BCN","525.0","Vueling","N/A","N/A","44.837789, -0.57918","53.3493795, -6.2605593","1032.73","2025-05-17 10:20:00","2025-05-17 18:05:00","0.0","177","Saturday","morning","long","high","7442616522497467545"
"2024-11-21","2025-05-17","BOD","DUB","Dublin","https://www.kayak.fr/flights/BOD-DUB/2025-05-17?sort=price_a","09:05","15:40","455","163.0","False","BOD","DUB","N/A","N/A","N/A","","Iberia","Ryanair","N/A","44.837789, -0.57918","53.3493795, -6.2605593","1032.73","2025-05-17 09:05:00","2025-05-17 15:40:00","","177","Saturday","morning","long","high","392403944243269345"
"2024-11-21","2025-05-17","BOD","DUB","Dublin","https://www.kayak.fr/flights/BOD-DUB/2025-05-17?sort=price_a","17:10","22:20","370","166.0","False","BOD","DUB","N/A","N/A","N/A","","KLM","Aer Lingus","N/A","44.837789, -0.57918","53.3493795, -6.2605593","1032.73","2025-05-17 17:10:00","2025-05-17 22:20:00","","177","Saturday","evening","long","high","3193231587405728362"
"2024-11-21","2025-05-17","BOD","DUB","Dublin","https://www.kayak.fr/flights/BOD-DUB/2025-05-17?sort=price_a","17:10","22:20","370","166.0","False","BOD","DUB","N/A","N/A","AMS","170.0","KLM","N/A","Light","44.837789, -0.57918","53.3493795, -6.2605593","1032.73","2025-05-17 17:10:00","2025-05-17 22:20:00","200.0","177","Saturday","evening","long","high","3193231587405728362"
"2024-11-21","2025-05-17","BOD","DUB","Dublin","https://www.kayak.fr/flights/BOD-DUB/2025-05-17?sort=price_a","06:35","13:45","490","166.0","False","BOD","DUB","N/A","N/A","AMS","170.0","KLM","N/A","Light","44.837789, -0.57918","53.3493795, -6.2605593","1032.73","2025-05-17 06:35:00","2025-05-17 13:45:00","320.0","177","Saturday","morning","long","high","1206375889392472048"
"2024-11-21","2025-05-17","BOD","DUB","Dublin","https://www.kayak.fr/flights/BOD-DUB/2025-05-17?sort=price_a","11:10","18:10","480","169.0","False","BOD","DUB","N/A","N/A","AMS","170.0","KLM","N/A","Light","44.837789, -0.57918","53.3493795, -6.2605593","1032.73","2025-05-17 11:10:00","2025-05-17 18:10:00","310.0","177","Saturday","morning","long","high","8957181009609076842"
"2024-11-21","2025-05-17","BOD","DUB","Dublin","https://www.kayak.fr/flights/BOD-DUB/2025-05-17?sort=price_a","14:00","21:20","500","172.0","False","BOD","DUB","N/A","N/A","AMS","170.0","KLM","N/A","N/A","44.837789, -0.57918","53.3493795, -6.2605593","1032.73","2025-05-17 14:00:00","2025-05-17 21:20:00","330.0","177","Saturday","afternoon","long","high","8605041973987401134"
"2024-11-21","2025-05-17","BOD","DUB","Dublin","https://www.kayak.fr/flights/BOD-DUB/2025-05-17?sort=price_a","19:15","01:20+1","425","173.0","False","BOD","DUB","N/A","N/A","N/A","","easyJet","Aer Lingus","N/A","44.837789, -0.57918","53.3493795, -6.2605593","1032.73","2025-05-17 19:15:00","2025-05-18 01:20:00","","177","Saturday","evening","long","high","226089367121585968"
"2024-11-21","2025-05-17","BOD","DUB","Dublin","https://www.kayak.fr/flights/BOD-DUB/2025-05-17?sort=price_a","06:00","13:50","530","182.0","False","BOD","DUB","N/A","N/A","AMS","170.0","KLM","N/A","N/A","44.837789, -0.57918","53.3493795, -6.2605593","1032.73","2025-05-17 06:00:00","2025-05-17 13:50:00","360.0","177","Saturday","morning","long","high","2282620192635270094"
"2024-11-21","2025-05-17","BOD","DUB","Dublin","https://www.kayak.fr/flights/BOD-DUB/2025-05-17?sort=price_a","11:50","16:40","350","183.0","False","BOD","DUB","N/A","N/A","N/A","","KLM","N/A","N/A","44.837789, -0.57918","53.3493795, -6.2605593","1032.73","2025-05-17 11:50:00","2025-05-17 16:40:00","","177","Saturday","morning","moyen","high","1901664571780777638"
"2024-11-21","2025-05-18","BOD","DUB","Dublin","https://www.kayak.fr/flights/BOD-DUB/2025-05-18?sort=price_a","20:00","09:10+1","850","98.0","False","BOD","DUB","N/A","N/A","BCN","605.0","Vueling","N/A","Économique","44.837789, -0.57918","53.3493795, -6.2605593","1032.73","2025-05-18 20:00:00","2025-05-19 09:10:00","245.0","178","Sunday","evening","long","cheap","2006725599389392402"
"2024-11-21","2025-05-18","BOD","DUB","Dublin","https://www.kayak.fr/flights/BOD-DUB/2025-05-18?sort=price_a","07:00","14:05","485","108.0","False","BOD","DUB","N/A","N/A","BCN","605.0","Vueling","N/A","Économique","44.837789, -0.57918","53.3493795, -6.2605593","1032.73","2025-05-18 07:00:00","2025-05-18 14:05:00","","178","Sunday","morning","long","cheap","7075155347501543024"
"2024-11-21","2025-05-18","BOD","DUB","Dublin","https://www.kayak.fr/flights/BOD-DUB/2025-05-18?sort=price_a","17:10","20:15","245","122.0","False","BOD","DUB","N/A","N/A","BCN","605.0","Vueling","N/A","Économique","44.837789, -0.57918","53.3493795, -6.2605593","1032.73","2025-05-18 17:10:00","2025-05-18 20:15:00","","178","Sunday","evening","moyen","standard","3108705865259948784"
"2024-11-21","2025-05-18","BOD","DUB","Dublin","https://www.kayak.fr/flights/BOD-DUB/2025-05-18?sort=price_a","07:00","11:15","315","129.0","False","BOD","DUB","N/A","N/A","BCN","605.0","Vueling","N/A","N/A","44.837789, -0.57918","53.3493795, -6.2605593","1032.73","2025-05-18 07:00:00","2025-05-18 11:15:00","","178","Sunday","morning","moyen","standard","7303317011965029709"
"2024-11-21","2025-05-18","BOD","DUB","Dublin","https://www.kayak.fr/flights/BOD-DUB/2025-05-18?sort=price_a","07:00","13:35","455","129.0","False","BOD","DUB","N/A","N/A","N/A","","easyJet","Ryanair","N/A","44.837789, -0.57918","53.3493795, -6.2605593","1032.73","2025-05-18 07:00:00","2025-05-18 13:35:00","","178","Sunday","morning","long","standard","4660208645362289279"
"2024-11-21","2025-05-18","BOD","DUB","Dublin","https://www.kayak.fr/flights/BOD-DUB/2025-05-18?sort=price_a","11:58","22:40","702","131.0","False","BOD","DUB","N/A","N/A","BCN","605.0","Vueling","N/A","N/A","44.837789, -0.57918","53.3493795, -6.2605593","1032.73","2025-05-18 11:58:00","2025-05-18 22:40:00","97.0","178","Sunday","morning","long","standard","136545491947522534"
"2024-11-21","2025-05-18","BOD","DUB","Dublin","https://www.kayak.fr/flights/BOD-DUB/2025-05-18?sort=price_a","10:05","16:25","440","138.0","False","BOD","DUB","N/A","N/A","N/A","","easyJet","Ryanair","N/A","44.837789, -0.57918","53.3493795, -6.2605593","1032.73","2025-05-18 10:05:00","2025-05-18 16:25:00","","178","Sunday","morning","long","standard","2354525720741749148"
"2024-11-21","2025-05-18","BOD","DUB","Dublin","https://www.kayak.fr/flights/BOD-DUB/2025-05-18?sort=price_a","15:40","22:50","490","143.0","False","BOD","DUB","N/A","N/A","N/A","","easyJet","Ryanair","N/A","44.837789, -0.57918","53.3493795, -6.2605593","1032.73","2025-05-18 15:40:00","2025-05-18 22:50:00","","178","Sunday","afternoon","long","standard","4448879632114122414"
"2024-11-21","2025-05-18","BOD","DUB","Dublin","https://www.kayak.fr/flights/BOD-DUB/2025-05-18?sort=price_a","10:05","14:00","295","146.0","False","BOD","DUB","N/A","N/A","N/A","","easyJet","Ryanair","Standard","44.837789, -0.57918","53.3493795, -6.2605593","1032.73","2025-05-18 10:05:00","2025-05-18 14:00:00","","178","Sunday","morning","moyen","standard","861127993709810397"
"2024-11-21","2025-05-18","BOD","DUB","Dublin","https://www.kayak.fr/flights/BOD-DUB/2025-05-18?sort=price_a","17:55","18:55","120","148.0","True","BOD","DUB","N/A","N/A","N/A","","easyJet","Ryanair","Standard","44.837789, -0.57918","53.3493795, -6.2605593","1032.73","2025-05-18 17:55:00","2025-05-18 18:55:00","","178","Sunday","evening","court","standard","1726710971464023090"
"2024-11-21","2025-05-18","BOD","DUB","Dublin","https://www.kayak.fr/flights/BOD-DUB/2025-05-18?sort=price_a","10:05","13:15","250","154.0","False","BOD","DUB","N/A","N/A","N/A","","easyJet","Ryanair","Standard","44.837789, -0.57918","53.3493795, -6.2605593","1032.73","2025-05-18 10:05:00","2025-05-18 13:15:00","","178","Sunday","morning","moyen","standard","5921776616196471778"
"2024-11-21","2025-05-18","BOD","DUB","Dublin","https://www.kayak.fr/flights/BOD-DUB/2025-05-18?sort=price_a","10:05","15:20","375","154.0","False","BOD","DUB","N/A","N/A","N/A","","easyJet","Ryanair","N/A","44.837789, -0.57918","53.3493795, -6.2605593","1032.73","2025-05-18 10:05:00","2025-05-18 15:20:00","","178","Sunday","morning","long","standard","2578443614997757561"
"2024-11-21","2025-05-18","BOD","DUB","Dublin","https://www.kayak.fr/flights/BOD-DUB/2025-05-18?sort=price_a","17:10","22:25","375","156.0","False","BOD","DUB","N/A","N/A","N/A","","KLM","N/A","N/A","44.837789, -0.57918","53.3493795, -6.2605593","1032.73","2025-05-18 17:10:00","2025-05-18 22:25:00","","178","Sunday","evening","long","high","1858177787977136535"
"2024-11-21","2025-05-18","BOD","DUB","Dublin","https://www.kayak.fr/flights/BOD-DUB/2025-05-18?sort=price_a","17:55","22:40","345","157.0","False","BOD","DUB","N/A","N/A","N/A","","easyJet","Ryanair","N/A","44.837789, -0.57918","53.3493795, -6.2605593","1032.73","2025-05-18 17:55:00","2025-05-18 22:40:00","","178","Sunday","evening","moyen","high","6551096857375987132"
"2024-11-21","2025-05-18","BOD","DUB","Dublin","https://www.kayak.fr/flights/BOD-DUB/2025-05-18?sort=price_a","14:35","22:40","545","161.0","False","BOD","DUB","N/A","N/A","N/A","","Air France","N/A","N/A","44.837789, -0.57918","53.3493795, -6.2605593","1032.73","2025-05-18 14:35:00","2025-05-18 22:40:00","","178","Sunday","afternoon","long","high","4187472362193429084"
"2024-11-21","2025-05-19","BOD","DUB","Dublin","https://www.kayak.fr/flights/BOD-DUB/2025-05-19?sort=price_a","21:25","09:35+1","790","91.0","False","BOD","DUB","N/A","N/A","N/A","","easyJet","Ryanair","Standard","44.837789, -0.57918","53.3493795, -6.2605593","1032.73","2025-05-19 21:25:00","2025-05-20 09:35:00","","179","Monday","evening","long","cheap","6807555330259612992"
"2024-11-21","2025-05-19","BOD","DUB","Dublin","https://www.kayak.fr/flights/BOD-DUB/2025-05-19?sort=price_a","07:00","14:05","485","108.0","False","BOD","DUB","N/A","N/A","N/A","","easyJet","Ryanair","Standard","44.837789, -0.57918","53.3493795, -6.2605593","1032.73","2025-05-19 07:00:00","2025-05-19 14:05:00","","179","Monday","morning","long","cheap","7804313646407010689"
"2024-11-21","2025-05-19","BOD","DUB","Dublin","https://www.kayak.fr/flights/BOD-DUB/2025-05-19?sort=price_a","07:00","14:40","520","108.0","False","BOD","DUB","N/A","N/A","N/A","","easyJet","Ryanair","Standard","44.837789, -0.57918","53.3493795, -6.2605593","1032.73","2025-05-19 07:00:00","2025-05-19 14:40:00","","179","Monday","morning","long","cheap","5362628824031644882"
"2024-11-21","2025-05-19","BOD","DUB","Dublin","https://www.kayak.fr/flights/BOD-DUB/2025-05-19?sort=price_a","07:00","11:10","310","112.0","False","BOD","DUB","N/A","N/A","N/A","","easyJet","Ryanair","N/A","44.837789, -0.57918","53.3493795, -6.2605593","1032.73","2025-05-19 07:00:00","2025-05-19 11:10:00","","179","Monday","morning","moyen","standard","5151262491577114109"
"2024-11-21","2025-05-19","BOD","DUB","Dublin","https://www.kayak.fr/flights/BOD-DUB/2025-05-19?sort=price_a","07:00","14:35","515","112.0","False","BOD","DUB","N/A","N/A","N/A","","easyJet","Ryanair","N/A","44.837789, -0.57918","53.3493795, -6.2605593","1032.73","2025-05-19 07:00:00","2025-05-19 14:35:00","","179","Monday","morning","long","standard","7174107114498341043"
"2024-11-21","2025-05-19","BOD","DUB","Dublin","https://www.kayak.fr/flights/BOD-DUB/2025-05-19?sort=price_a","11:58","19:10","492","124.0","False","BOD","DUB","N/A","N/A","N/A","","easyJet","Ryanair","N/A","44.837789, -0.57918","53.3493795, -6.2605593","1032.73","2025-05-19 11:58:00","2025-05-19 19:10:00","","179","Monday","morning","long","standard","489340770698395759"
"2024-11-21","2025-05-19","BOD","DUB","Dublin","https://www.kayak.fr/flights/BOD-DUB/2025-05-19?sort=price_a","23:00","07:05+1","545","125.0","False","BOD","DUB","N/A","N/A","N/A","","easyJet","Ryanair","N/A","44.837789, -0.57918","53.3493795, -6.2605593","1032.73","2025-05-19 23:00:00","2025-05-20 07:05:00","","179","Monday","night","long","standard","4908549028223712018"
"2024-11-21","2025-05-19","BOD","DUB","Dublin","https://www.kayak.fr/flights/BOD-DUB/2025-05-19?sort=price_a","08:55","13:15","320","132.0","False","BOD","DUB","N/A","N/A","N/A","","easyJet","Ryanair","N/A","44.837789, -0.57918","53.3493795, -6.2605593","1032.73","2025-05-19 08:55:00","2025-05-19 13:15:00","","179","Monday","morning","moyen","standard","7282966626209537362"
"2024-11-21","2025-05-19","BOD","DUB","Dublin","https://www.kayak.fr/flights/BOD-DUB/2025-05-19?sort=price_a","06:30","13:15","465","135.0","False","BOD","DUB","N/A","N/A","N/A","","easyJet","Ryanair","Standard","44.837789, -0.57918","53.3493795, -6.2605593","1032.73","2025-05-19 06:30:00","2025-05-19 13:15:00","","179","Monday","morning","long","standard","6088258799025087669"
"2024-11-21","2025-05-19","BOD","DUB","Dublin","https://www.kayak.fr/flights/BOD-DUB/2025-05-19?sort=price_a","15:30","22:55","505","144.0","False","BOD","DUB","N/A","N/A","N/A","","easyJet","Ryanair","Standard","44.837789, -0.57918","53.3493795, -6.2605593","1032.73","2025-05-19 15:30:00","2025-05-19 22:55:00","","179","Monday","afternoon","long","standard","2741363305436893784"
"2024-11-21","2025-05-19","BOD","DUB","Dublin","https://www.kayak.fr/flights/BOD-DUB/2025-05-19?sort=price_a","09:45","17:30","525","145.0","False","BOD","DUB","N/A","N/A","N/A","","easyJet","Ryanair","Standard","44.837789, -0.57918","53.3493795, -6.2605593","1032.73","2025-05-19 09:45:00","2025-05-19 17:30:00","","179","Monday","morning","long","standard","7346796095691218923"
"2024-11-21","2025-05-19","BOD","DUB","Dublin","https://www.kayak.fr/flights/BOD-DUB/2025-05-19?sort=price_a","09:45","16:35","470","146.0","False","BOD","DUB","N/A","N/A","N/A","","easyJet","Ryanair","N/A","44.837789, -0.57918","53.3493795, -6.2605593","1032.73","2025-05-19 09:45:00","2025-05-19 16:35:00","","179","Monday","morning","long","standard","2730647066569977648"
"2024-11-21","2025-05-19","BOD","DUB","Dublin","https://www.kayak.fr/flights/BOD-DUB/2025-05-19?sort=price_a","09:45","14:35","350","148.0","False","BOD","DUB","N/A","N/A","N/A","","British Airways","Ryanair","N/A","44.837789, -0.57918","53.3493795, -6.2605593","1032.73","2025-05-19 09:45:00","2025-05-19 14:35:00","","179","Monday","morning","moyen","standard","2506122848389597604"
"2024-11-21","2025-05-19","BOD","DUB","Dublin","https://www.kayak.fr/flights/BOD-DUB/2025-05-19?sort=price_a","10:50","11:50","120","153.0","True","BOD","DUB","N/A","N/A","N/A","","easyJet","Ryanair","N/A","44.837789, -0.57918","53.3493795, -6.2605593","1032.73","2025-05-19 10:50:00","2025-05-19 11:50:00","","179","Monday","morning","court","standard","2265089057313574084"
"2024-11-21","2025-05-19","BOD","DUB","Dublin","https://www.kayak.fr/flights/BOD-DUB/2025-05-19?sort=price_a","12:50","21:05","555","161.0","False","BOD","DUB","N/A","N/A","N/A","","easyJet","Ryanair","N/A","44.837789, -0.57918","53.3493795, -6.2605593","1032.73","2025-05-19 12:50:00","2025-05-19 21:05:00","","179","Monday","afternoon","long","high","6239477749469898908"
"2024-11-21","2025-05-20","BOD","DUB","Dublin","https://www.kayak.fr/flights/BOD-DUB/2025-05-20?sort=price_a","20:00","09:10+1","850","63.0","False","BOD","DUB","N/A","N/A","BCN","605.0","Vueling","N/A","Économique","44.837789, -0.57918","53.3493795, -6.2605593","1032.73","2025-05-20 20:00:00","2025-05-21 09:10:00","245.0","180","Tuesday","evening","long","cheap","6699235542104568039"
"2024-11-21","2025-05-20","BOD","DUB","Dublin","https://www.kayak.fr/flights/BOD-DUB/2025-05-20?sort=price_a","20:45","12:40+1","1015","85.0","False","BOD","DUB","N/A","N/A","BCN","605.0","Vueling","N/A","Économique","44.837789, -0.57918","53.3493795, -6.2605593","1032.73","2025-05-20 20:45:00","2025-05-21 12:40:00","410.0","180","Tuesday","evening","long","cheap","7089549504111117107"
"2024-11-21","2025-05-20","BOD","DUB","Dublin","https://www.kayak.fr/flights/BOD-DUB/2025-05-20?sort=price_a","18:40","09:35+1","955","90.0","False","BOD","DUB","N/A","N/A","BCN","605.0","Vueling","N/A","Économique","44.837789, -0.57918","53.3493795, -6.2605593","1032.73","2025-05-20 18:40:00","2025-05-21 09:35:00","350.0","180","Tuesday","evening","long","cheap","9048011575201002433"
"2024-11-21","2025-05-20","BOD","DUB","Dublin","https://www.kayak.fr/flights/BOD-DUB/2025-05-20?sort=price_a","18:40","23:00","320","93.0","False","BOD","DUB","N/A","N/A","BCN","605.0","Vueling","N/A","N/A","44.837789, -0.57918","53.3493795, -6.2605593","1032.73","2025-05-20 18:40:00","2025-05-20 23:00:00","","180","Tuesday","evening","moyen","cheap","2672338520711729477"
"2024-11-21","2025-05-20","BOD","DUB","Dublin","https://www.kayak.fr/flights/BOD-DUB/2025-05-20?sort=price_a","07:00","13:35","455","99.0","False","BOD","DUB","N/A","N/A","N/A","","easyJet","Ryanair","N/A","44.837789, -0.57918","53.3493795, -6.2605593","1032.73","2025-05-20 07:00:00","2025-05-20 13:35:00","","180","Tuesday","morning","long","cheap","8345801458471009594"
"2024-11-21","2025-05-20","BOD","DUB","Dublin","https://www.kayak.fr/flights/BOD-DUB/2025-05-20?sort=price_a","07:00","14:25","505","99.0","False","BOD","DUB","N/A","N/A","BCN","605.0","Vueling","N/A","N/A","44.837789, -0.57918","53.3493795, -6.2605593","1032.73","2025-05-20 07:00:00","2025-05-20 14:25:00","","180","Tuesday","morning","long","cheap","3165331264909341253"
"2024-11-21","2025-05-20","BOD","DUB","Dublin","https://www.kayak.fr/flights/BOD-DUB/2025-05-20?sort=price_a","07:00","16:05","605","99.0","False","BOD","DUB","N/A","N/A","N/A","","easyJet","Ryanair","N/A","44.837789, -0.57918","53.3493795, -6.2605593","1032.73","2025-05-20 07:00:00","2025-05-20 16:05:00","","180","Tuesday","morning","long","cheap","289560243359986343"
"2024-11-21","2025-05-20","BOD","DUB","Dublin","https://www.kayak.fr/flights/BOD-DUB/2025-05-20?sort=price_a","07:00","17:55","715","99.0","False","BOD","DUB","N/A","N/A","N/A","","easyJet","Ryanair","N/A","44.837789, -0.57918","53.3493795, -6.2605593","1032.73","2025-05-20 07:00:00","2025-05-20 17:55:00","","180","Tuesday","morning","long","cheap","7326806879299916180"
"2024-11-21","2025-05-20","BOD","DUB","Dublin","https://www.kayak.fr/flights/BOD-DUB/2025-05-20?sort=price_a","22:10","09:35+1","745","99.0","False","BOD","DUB","N/A","N/A","N/A","","SNCF","Vueling","Économique","44.837789, -0.57918","53.3493795, -6.2605593","1032.73","2025-05-20 22:10:00","2025-05-21 09:35:00","","180","Tuesday","night","long","cheap","5162672032254312216"
"2024-11-21","2025-05-20","BOD","DUB","Dublin","https://www.kayak.fr/flights/BOD-DUB/2025-05-20?sort=price_a","22:10","11:00+1","830","99.0","False","BOD","DUB","N/A","N/A","N/A","","SNCF","Vueling","Économique","44.837789, -0.57918","53.3493795, -6.2605593","1032.73","2025-05-20 22:10:00","2025-05-21 11:00:00","","180","Tuesday","night","long","cheap","7841318080318571398"
"2024-11-21","2025-05-20","BOD","DUB","Dublin","https://www.kayak.fr/flights/BOD-DUB/2025-05-20?sort=price_a","07:00","11:05","305","102.0","False","BOD","DUB","N/A","N/A","N/A","","SNCF","Vueling","Économique","44.837789, -0.57918","53.3493795, -6.2605593","1032.73","2025-05-20 07:00:00","2025-05-20 11:05:00","","180","Tuesday","morning","moyen","cheap","410234116346315260"
"2024-11-21","2025-05-20","BOD","DUB","Dublin","https://www.kayak.fr/flights/BOD-DUB/2025-05-20?sort=price_a","07:00","14:35","515","102.0","False","BOD","DUB","N/A","N/A","N/A","","SNCF","Vueling","N/A","44.837789, -0.57918","53.3493795, -6.2605593","1032.73","2025-05-20 07:00:00","2025-05-20 14:35:00","","180","Tuesday","morning","long","cheap","993503938897800879"
"2024-11-21","2025-05-20","BOD","DUB","Dublin","https://www.kayak.fr/flights/BOD-DUB/2025-05-20?sort=price_a","07:00","19:00","780","102.0","False","BOD","DUB","N/A","N/A","N/A","","easyJet","Ryanair","N/A","44.837789, -0.57918","53.3493795, -6.2605593","1032.73","2025-05-20 07:00:00","2025-05-20 19:00:00","","180","Tuesday","morning","long","cheap","3010637229760172021"
"2024-11-21","2025-05-20","BOD","DUB","Dublin","https://www.kayak.fr/flights/BOD-DUB/2025-05-20?sort=price_a","22:10","10:15+1","785","102.0","False","BOD","DUB","N/A","N/A","N/A","","SNCF","Vueling","N/A","44.837789, -0.57918","53.3493795, -6.2605593","1032.73","2025-05-20 22:10:00","2025-05-21 10:15:00","","180","Tuesday","night","long","cheap","398842354496332645"
"2024-11-21","2025-05-20","BOD","DUB","Dublin","https://www.kayak.fr/flights/BOD-DUB/2025-05-20?sort=price_a","22:10","11:10+1","840","102.0","False","BOD","DUB","N/A","N/A","N/A","","easyJet","Ryanair","N/A","44.837789, -0.57918","53.3493795, -6.2605593","1032.73","2025-05-20 22:10:00","2025-05-21 11:10:00","","180","Tuesday","night","long","cheap","1329575983908420852"
"2024-11-21","2025-05-21","BOD","DUB","Dublin","https://www.kayak.fr/flights/BOD-DUB/2025-05-21?sort=price_a","20:45","07:35+1","710","74.0","False","BOD","DUB","N/A","N/A","N/A","","SNCF","Vueling","Économique","44.837789, -0.57918","53.3493795, -6.2605593","1032.73","2025-05-21 20:45:00","2025-05-22 07:35:00","","181","Wednesday","evening","long","cheap","4139965829340742166"
"2024-11-21","2025-05-21","BOD","DUB","Dublin","https://www.kayak.fr/flights/BOD-DUB/2025-05-21?sort=price_a","17:10","20:15","245","98.0","False","BOD","DUB","N/A","N/A","N/A","","SNCF","Vueling","Économique","44.837789, -0.57918","53.3493795, -6.2605593","1032.73","2025-05-21 17:10:00","2025-05-21 20:15:00","","181","Wednesday","evening","moyen","cheap","4576656421976243793"
"2024-11-21","2025-05-21","BOD","DUB","Dublin","https://www.kayak.fr/flights/BOD-DUB/2025-05-21?sort=price_a","07:00","14:15","495","99.0","False","BOD","DUB","N/A","N/A","N/A","","SNCF","Vueling","Économique","44.837789, -0.57918","53.3493795, -6.2605593","1032.73","2025-05-21 07:00:00","2025-05-21 14:15:00","","181","Wednesday","morning","long","cheap","5701718687596984608"
"2024-11-21","2025-05-21","BOD","DUB","Dublin","https://www.kayak.fr/flights/BOD-DUB/2025-05-21?sort=price_a","07:00","14:35","515","99.0","False","BOD","DUB","N/A","N/A","N/A","","SNCF","Vueling","N/A","44.837789, -0.57918","53.3493795, -6.2605593","1032.73","2025-05-21 07:00:00","2025-05-21 14:35:00","","181","Wednesday","morning","long","cheap","5338105710687355447"
"2024-11-21","2025-05-21","BOD","DUB","Dublin","https://www.kayak.fr/flights/BOD-DUB/2025-05-21?sort=price_a","07:00","11:10","310","102.0","False","BOD","DUB","N/A","N/A","N/A","","easyJet","Ryanair","N/A","44.837789, -0.57918","53.3493795, -6.2605593","1032.73","2025-05-21 07:00:00","2025-05-21 11:10:00","","181","Wednesday","morning","moyen","cheap","2216601998809439055"
"2024-11-21","2025-05-21","BOD","DUB","Dublin","https://www.kayak.fr/flights/BOD-DUB/2025-05-21?sort=price_a","11:50","16:40","350","110.0","False","BOD","DUB","N/A","N/A","N/A","","SNCF","Vueling","N/A","44.837789, -0.57918","53.3493795, -6.2605593","1032.73","2025-05-21 11:50:00","2025-05-21 16:40:00","","181","Wednesday","morning","moyen","cheap","4040503377548307929"
"2024-11-21","2025-05-21","BOD","DUB","Dublin","https://www.kayak.fr/flights/BOD-DUB/2025-05-21?sort=price_a","17:10","22:25","375","119.0","False","BOD","DUB","N/A","N/A","N/A","","KLM","N/A","N/A","44.837789, -0.57918","53.3493795, -6.2605593","1032.73","2025-05-21 17:10:00","2025-05-21 22:25:00","","181","Wednesday","evening","long","standard","4906038870935923725"
"2024-11-21","2025-05-21","BOD","DUB","Dublin","https://www.kayak.fr/flights/BOD-DUB/2025-05-21?sort=price_a","10:10","18:05","535","127.0","False","BOD","DUB","N/A","N/A","N/A","","Volotea","Iberia Express","N/A","44.837789, -0.57918","53.3493795, -6.2605593","1032.73","2025-05-21 10:10:00","2025-05-21 18:05:00","","181","Wednesday","morning","long","standard","3539552895310405836"
"2024-11-21","2025-05-21","BOD","DUB","Dublin","https://www.kayak.fr/flights/BOD-DUB/2025-05-21?sort=price_a","18:20","23:50","390","130.0","False","BOD","DUB","N/A","N/A","AMS","40.0","KLM","N/A","Light","44.837789, -0.57918","53.3493795, -6.2605593","1032.73","2025-05-21 18:20:00","2025-05-21 23:50:00","350.0","181","Wednesday","evening","long","standard","7807448391646944550"
"2024-11-21","2025-05-21","BOD","DUB","Dublin","https://www.kayak.fr/flights/BOD-DUB/2025-05-21?sort=price_a","10:50","11:50","120","133.0","True","BOD","DUB","N/A","N/A","N/A","","KLM","N/A","Light","44.837789, -0.57918","53.3493795, -6.2605593","1032.73","2025-05-21 10:50:00","2025-05-21 11:50:00","","181","Wednesday","morning","court","standard","3369412547441922208"
"2024-11-21","2025-05-21","BOD","DUB","Dublin","https://www.kayak.fr/flights/BOD-DUB/2025-05-21?sort=price_a","10:10","18:05","535","134.0","False","BOD","DUB","N/A","N/A","AMS","40.0","KLM","N/A","Light","44.837789, -0.57918","53.3493795, -6.2605593","1032.73","2025-05-21 10:10:00","2025-05-21 18:05:00","495.0","181","Wednesday","morning","long","standard","859834631112283681"
"2024-11-21","2025-05-21","BOD","DUB","Dublin","https://www.kayak.fr/flights/BOD-DUB/2025-05-21?sort=price_a","14:35","22:40","545","143.0","False","BOD","DUB","N/A","N/A","AMS","40.0","KLM","N/A","N/A","44.837789, -0.57918","53.3493795, -6.2605593","1032.73","2025-05-21 14:35:00","2025-05-21 22:40:00","505.0","181","Wednesday","afternoon","long","standard","6028191906208452099"
"2024-11-21","2025-05-21","BOD","DUB","Dublin","https://www.kayak.fr/flights/BOD-DUB/2025-05-21?sort=price_a","07:15","14:35","500","144.0","False","BOD","DUB","N/A","N/A","N/A","","easyJet","Ryanair","N/A","44.837789, -0.57918","53.3493795, -6.2605593","1032.73","2025-05-21 07:15:00","2025-05-21 14:35:00","","181","Wednesday","morning","long","standard","7028906990796502680"
"2024-11-21","2025-05-21","BOD","DUB","Dublin","https://www.kayak.fr/flights/BOD-DUB/2025-05-21?sort=price_a","10:25","18:20","535","145.0","False","BOD","DUB","N/A","N/A","AMS","40.0","KLM","N/A","N/A","44.837789, -0.57918","53.3493795, -6.2605593","1032.73","2025-05-21 10:25:00","2025-05-21 18:20:00","495.0","181","Wednesday","morning","long","standard","3094345412870685695"
"2024-11-21","2025-05-21","BOD","DUB","Dublin","https://www.kayak.fr/flights/BOD-DUB/2025-05-21?sort=price_a","07:00","15:15","555","145.0","False","BOD","DUB","N/A","N/A","N/A","","easyJet","Ryanair UK","N/A","44.837789, -0.57918","53.3493795, -6.2605593","1032.73","2025-05-21 07:00:00","2025-05-21 15:15:00","","181","Wednesday","morning","long","standard","8738145844471893802"
"2024-11-21","2025-05-22","BOD","DUB","Dublin","https://www.kayak.fr/flights/BOD-DUB/2025-05-22?sort=price_a","20:45","07:25+1","700","85.0","False","BOD","DUB","N/A","N/A","N/A","","SNCF","Vueling","Économique","44.837789, -0.57918","53.3493795, -6.2605593","1032.73","2025-05-22 20:45:00","2025-05-23 07:25:00","","182","Thursday","evening","long","cheap","2218520642355967422"
"2024-11-21","2025-05-22","BOD","DUB","Dublin","https://www.kayak.fr/flights/BOD-DUB/2025-05-22?sort=price_a","17:55","10:25+1","1050","88.0","False","BOD","DUB","N/A","N/A","N/A","","SNCF","Vueling","Économique","44.837789, -0.57918","53.3493795, -6.2605593","1032.73","2025-05-22 17:55:00","2025-05-23 10:25:00","","182","Thursday","evening","long","cheap","7029783544864220292"
"2024-11-21","2025-05-22","BOD","DUB","Dublin","https://www.kayak.fr/flights/BOD-DUB/2025-05-22?sort=price_a","20:00","09:10+1","850","101.0","False","BOD","DUB","N/A","N/A","N/A","","SNCF","Vueling","Économique","44.837789, -0.57918","53.3493795, -6.2605593","1032.73","2025-05-22 20:00:00","2025-05-23 09:10:00","","182","Thursday","evening","long","cheap","2809961604416715991"
"2024-11-21","2025-05-22","BOD","DUB","Dublin","https://www.kayak.fr/flights/BOD-DUB/2025-05-22?sort=price_a","07:00","13:50","470","108.0","False","BOD","DUB","N/A","N/A","N/A","","SNCF","Vueling","N/A","44.837789, -0.57918","53.3493795, -6.2605593","1032.73","2025-05-22 07:00:00","2025-05-22 13:50:00","","182","Thursday","morning","long","cheap","6221599378875626217"
"2024-11-21","2025-05-22","BOD","DUB","Dublin","https://www.kayak.fr/flights/BOD-DUB/2025-05-22?sort=price_a","07:00","16:10","610","108.0","False","BOD","DUB","N/A","N/A","N/A","","easyJet","Ryanair","N/A","44.837789, -0.57918","53.3493795, -6.2605593","1032.73","2025-05-22 07:00:00","2025-05-22 16:10:00","","182","Thursday","morning","long","cheap","5741717113211557873"
"2024-11-21","2025-05-22","BOD","DUB","Dublin","https://www.kayak.fr/flights/BOD-DUB/2025-05-22?sort=price_a","07:00","18:10","730","116.0","False","BOD","DUB","N/A","N/A","N/A","","SNCF","Vueling","N/A","44.837789, -0.57918","53.3493795, -6.2605593","1032.73","2025-05-22 07:00:00","2025-05-22 18:10:00","","182","Thursday","morning","long","standard","3754521366031976391"
"2024-11-21","2025-05-22","BOD","DUB","Dublin","https://www.kayak.fr/flights/BOD-DUB/2025-05-22?sort=price_a","07:00","19:10","790","116.0","False","BOD","DUB","N/A","N/A","N/A","","easyJet","Ryanair","N/A","44.837789, -0.57918","53.3493795, -6.2605593","1032.73","2025-05-22 07:00:00","2025-05-22 19:10:00","","182","Thursday","morning","long","standard","7011728868735224125"
"2024-11-21","2025-05-22","BOD","DUB","Dublin","https://www.kayak.fr/flights/BOD-DUB/2025-05-22?sort=price_a","07:00","18:55","775","120.0","False","BOD","DUB","N/A","N/A","N/A","","easyJet","Ryanair","N/A","44.837789, -0.57918","53.3493795, -6.2605593","1032.73","2025-05-22 07:00:00","2025-05-22 18:55:00","","182","Thursday","morning","long","standard","2030066699024757960"
"2024-11-21","2025-05-22","BOD","DUB","Dublin","https://www.kayak.fr/flights/BOD-DUB/2025-05-22?sort=price_a","07:00","20:25","865","120.0","False","BOD","DUB","N/A","N/A","MAD","815.0","Iberia","N/A","Basic","44.837789, -0.57918","53.3493795, -6.2605593","1032.73","2025-05-22 07:00:00","2025-05-22 20:25:00","50.0","182","Thursday","morning","long","standard","1751576967072385272"
"2024-11-21","2025-05-22","BOD","DUB","Dublin","https://www.kayak.fr/flights/BOD-DUB/2025-05-22?sort=price_a","18:50","08:10+1","860","122.0","False","BOD","DUB","N/A","N/A","MAD","815.0","Iberia","N/A","Basic","44.837789, -0.57918","53.3493795, -6.2605593","1032.73","2025-05-22 18:50:00","2025-05-23 08:10:00","45.0","182","Thursday","evening","long","standard","1524274080591351985"
"2024-11-21","2025-05-22","BOD","DUB","Dublin","https://www.kayak.fr/flights/BOD-DUB/2025-05-22?sort=price_a","07:00","14:30","510","124.0","False","BOD","DUB","N/A","N/A","MAD","815.0","Iberia","N/A","Basic","44.837789, -0.57918","53.3493795, -6.2605593","1032.73","2025-05-22 07:00:00","2025-05-22 14:30:00","","182","Thursday","morning","long","standard","7246566882048763152"
"2024-11-21","2025-05-22","BOD","DUB","Dublin","https://www.kayak.fr/flights/BOD-DUB/2025-05-22?sort=price_a","22:40","08:00+1","620","125.0","False","BOD","DUB","N/A","N/A","MAD","815.0","Iberia","N/A","N/A","44.837789, -0.57918","53.3493795, -6.2605593","1032.73","2025-05-22 22:40:00","2025-05-23 08:00:00","","182","Thursday","night","long","standard","3833986763151856832"
"2024-11-21","2025-05-22","BOD","DUB","Dublin","https://www.kayak.fr/flights/BOD-DUB/2025-05-22?sort=price_a","13:45","00:15+1","690","125.0","False","BOD","DUB","N/A","N/A","N/A","","Vueling","Ryanair","N/A","44.837789, -0.57918","53.3493795, -6.2605593","1032.73","2025-05-22 13:45:00","2025-05-23 00:15:00","","182","Thursday","afternoon","long","standard","5177745838204968378"
"2024-11-21","2025-05-22","BOD","DUB","Dublin","https://www.kayak.fr/flights/BOD-DUB/2025-05-22?sort=price_a","14:45","19:45","360","126.0","False","BOD","DUB","N/A","N/A","MAD","815.0","Iberia","N/A","N/A","44.837789, -0.57918","53.3493795, -6.2605593","1032.73","2025-05-22 14:45:00","2025-05-22 19:45:00","","182","Thursday","afternoon","moyen","standard","2917743385121116851"
"2024-11-21","2025-05-22","BOD","DUB","Dublin","https://www.kayak.fr/flights/BOD-DUB/2025-05-22?sort=price_a","08:00","17:05","605","127.0","False","BOD","DUB","N/A","N/A","N/A","","easyJet","Ryanair","N/A","44.837789, -0.57918","53.3493795, -6.2605593","1032.73","2025-05-22 08:00:00","2025-05-22 17:05:00","","182","Thursday","morning","long","standard","1191036801156947111"
"2024-11-21","2025-05-23","BOD","DUB","Dublin","https://www.kayak.fr/flights/BOD-DUB/2025-05-23?sort=price_a","07:10","14:20","490","126.0","False","BOD","DUB","N/A","N/A","CPH","195.0","easyJet","Ryanair","Standard","44.837789, -0.57918","53.3493795, -6.2605593","1032.73","2025-05-23 07:10:00","2025-05-23 14:20:00","295.0","183","Friday","morning","long","standard","1239852639202092199"
"2024-11-21","2025-05-23","BOD","DUB","Dublin","https://www.kayak.fr/flights/BOD-DUB/2025-05-23?sort=price_a","15:25","22:55","510","133.0","False","BOD","DUB","N/A","N/A","CPH","195.0","easyJet","Ryanair","Standard","44.837789, -0.57918","53.3493795, -6.2605593","1032.73","2025-05-23 15:25:00","2025-05-23 22:55:00","315.0","183","Friday","afternoon","long","standard","7901792384248223219"
"2024-11-21","2025-05-23","BOD","DUB","Dublin","https://www.kayak.fr/flights/BOD-DUB/2025-05-23?sort=price_a","07:10","12:35","385","138.0","False","BOD","DUB","N/A","N/A","CPH","195.0","easyJet","Ryanair","Standard","44.837789, -0.57918","53.3493795, -6.2605593","1032.73","2025-05-23 07:10:00","2025-05-23 12:35:00","190.0","183","Friday","morning","long","standard","512666551687859669"
"2024-11-21","2025-05-23","BOD","DUB","Dublin","https://www.kayak.fr/flights/BOD-DUB/2025-05-23?sort=price_a","11:50","19:35","525","138.0","False","BOD","DUB","N/A","N/A","CPH","195.0","easyJet","Ryanair","N/A","44.837789, -0.57918","53.3493795, -6.2605593","1032.73","2025-05-23 11:50:00","2025-05-23 19:35:00","330.0","183","Friday","morning","long","standard","229811875450449247"
"2024-11-21","2025-05-23","BOD","DUB","Dublin","https://www.kayak.fr/flights/BOD-DUB/2025-05-23?sort=price_a","17:10","22:20","370","149.0","False","BOD","DUB","N/A","N/A","N/A","","easyJet","Ryanair","N/A","44.837789, -0.57918","53.3493795, -6.2605593","1032.73","2025-05-23 17:10:00","2025-05-23 22:20:00","","183","Friday","evening","long","standard","2679304516778062555"
"2024-11-21","2025-05-23","BOD","DUB","Dublin","https://www.kayak.fr/flights/BOD-DUB/2025-05-23?sort=price_a","13:25","20:15","470","153.0","False","BOD","DUB","N/A","N/A","CPH","195.0","easyJet","Ryanair","N/A","44.837789, -0.57918","53.3493795, -6.2605593","1032.73","2025-05-23 13:25:00","2025-05-23 20:15:00","275.0","183","Friday","afternoon","long","standard","897445499155433476"
"2024-11-21","2025-05-23","BOD","DUB","Dublin","https://www.kayak.fr/flights/BOD-DUB/2025-05-23?sort=price_a","08:41","17:15","574","153.0","False","BOD","DUB","N/A","N/A","N/A","","SNCF","Aer Lingus","N/A","44.837789, -0.57918","53.3493795, -6.2605593","1032.73","2025-05-23 08:41:00","2025-05-23 17:15:00","","183","Friday","morning","long","standard","6798416874572828335"
"2024-11-21","2025-05-23","BOD","DUB","Dublin","https://www.kayak.fr/flights/BOD-DUB/2025-05-23?sort=price_a","10:25","18:05","520","161.0","False","BOD","DUB","N/A","N/A","N/A","","Volotea","TAP AIR PORTUGAL","N/A","44.837789, -0.57918","53.3493795, -6.2605593","1032.73","2025-05-23 10:25:00","2025-05-23 18:05:00","","183","Friday","morning","long","high","3415703228841801323"
"2024-11-21","2025-05-23","BOD","DUB","Dublin","https://www.kayak.fr/flights/BOD-DUB/2025-05-23?sort=price_a","15:45","20:15","330","174.0","False","BOD","DUB","N/A","N/A","NCE","270.0","easyJet","Ryanair","Standard","44.837789, -0.57918","53.3493795, -6.2605593","1032.73","2025-05-23 15:45:00","2025-05-23 20:15:00","60.0","183","Friday","afternoon","moyen","high","5908021660027441987"
"2024-11-21","2025-05-23","BOD","DUB","Dublin","https://www.kayak.fr/flights/BOD-DUB/2025-05-23?sort=price_a","07:00","13:45","465","174.0","False","BOD","DUB","N/A","N/A","NCE","270.0","easyJet","Ryanair","Standard","44.837789, -0.57918","53.3493795, -6.2605593","1032.73","2025-05-23 07:00:00","2025-05-23 13:45:00","195.0","183","Friday","morning","long","high","4520131865775566533"
"2024-11-21","2025-05-23","BOD","DUB","Dublin","https://www.kayak.fr/flights/BOD-DUB/2025-05-23?sort=price_a","07:00","14:35","515","176.0","False","BOD","DUB","N/A","N/A","NCE","270.0","easyJet","Ryanair","Standard","44.837789, -0.57918","53.3493795, -6.2605593","1032.73","2025-05-23 07:00:00","2025-05-23 14:35:00","245.0","183","Friday","morning","long","high","1058102380186336651"
"2024-11-21","2025-05-23","BOD","DUB","Dublin","https://www.kayak.fr/flights/BOD-DUB/2025-05-23?sort=price_a","07:05","13:45","460","178.0","False","BOD","DUB","N/A","N/A","NCE","270.0","easyJet","Ryanair","N/A","44.837789, -0.57918","53.3493795, -6.2605593","1032.73","2025-05-23 07:05:00","2025-05-23 13:45:00","190.0","183","Friday","morning","long","high","4232471935222745116"
"2024-11-21","2025-05-23","BOD","DUB","Dublin","https://www.kayak.fr/flights/BOD-DUB/2025-05-23?sort=price_a","06:30","10:25","295","183.0","False","BOD","DUB","N/A","N/A","N/A","","KLM","N/A","N/A","44.837789, -0.57918","53.3493795, -6.2605593","1032.73","2025-05-23 06:30:00","2025-05-23 10:25:00","","183","Friday","morning","moyen","high","7578985505344210760"
"2024-11-21","2025-05-23","BOD","DUB","Dublin","https://www.kayak.fr/flights/BOD-DUB/2025-05-23?sort=price_a","11:50","19:15","505","187.0","False","BOD","DUB","N/A","N/A","NCE","270.0","easyJet","Ryanair","N/A","44.837789, -0.57918","53.3493795, -6.2605593","1032.73","2025-05-23 11:50:00","2025-05-23 19:15:00","235.0","183","Friday","morning","long","high","2263025880466449696"
"2024-11-21","2025-05-23","BOD","DUB","Dublin","https://www.kayak.fr/flights/BOD-DUB/2025-05-23?sort=price_a","11:50","16:40","350","188.0","False","BOD","DUB","N/A","N/A","N/A","","KLM","N/A","N/A","44.837789, -0.57918","53.3493795, -6.2605593","1032.73","2025-05-23 11:50:00","2025-05-23 16:40:00","","183","Friday","morning","moyen","high","1230710671759365821"
"2024-11-21","2025-05-24","BOD","DUB","Dublin","https://www.kayak.fr/flights/BOD-DUB/2025-05-24?sort=price_a","08:41","18:25","644","107.0","False","BOD","DUB","N/A","N/A","N/A","","SNCF","Vueling","Économique","44.837789, -0.57918","53.3493795, -6.2605593","1032.73","2025-05-24 08:41:00","2025-05-24 18:25:00","","184","Saturday","morning","long","cheap","1980501927361133670"
"2024-11-21","2025-05-24","BOD","DUB","Dublin","https://www.kayak.fr/flights/BOD-DUB/2025-05-24?sort=price_a","10:50","11:50","120","148.0","True","BOD","DUB","N/A","N/A","N/A","","SNCF","Vueling","Économique","44.837789, -0.57918","53.3493795, -6.2605593","1032.73","2025-05-24 10:50:00","2025-05-24 11:50:00","","184","Saturday","morning","court","standard","3755285953365136614"
"2024-11-21","2025-05-24","BOD","DUB","Dublin","https://www.kayak.fr/flights/BOD-DUB/2025-05-24?sort=price_a","11:50","16:40","350","152.0","False","BOD","DUB","N/A","N/A","N/A","","SNCF","Vueling","Économique","44.837789, -0.57918","53.3493795, -6.2605593","1032.73","2025-05-24 11:50:00","2025-05-24 16:40:00","","184","Saturday","morning","moyen","standard","7165104280187797677"
"2024-11-21","2025-05-24","BOD","DUB","Dublin","https://www.kayak.fr/flights/BOD-DUB/2025-05-24?sort=price_a","19:15","01:20+1","425","182.0","False","BOD","DUB","N/A","N/A","N/A","","SNCF","Vueling","N/A","44.837789, -0.57918","53.3493795, -6.2605593","1032.73","2025-05-24 19:15:00","2025-05-25 01:20:00","","184","Saturday","evening","long","high","3316492208295228957"
"2024-11-21","2025-05-24","BOD","DUB","Dublin","https://www.kayak.fr/flights/BOD-DUB/2025-05-24?sort=price_a","11:10","16:10","360","202.0","False","BOD","DUB","N/A","N/A","N/A","","Volotea","Ryanair","N/A","44.837789, -0.57918","53.3493795, -6.2605593","1032.73","2025-05-24 11:10:00","2025-05-24 16:10:00","","184","Saturday","morning","moyen","high","4934761294074295704"
"2024-11-21","2025-05-24","BOD","DUB","Dublin","https://www.kayak.fr/flights/BOD-DUB/2025-05-24?sort=price_a","14:00","21:45","525","213.0","False","BOD","DUB","N/A","N/A","N/A","","SNCF","Vueling","N/A","44.837789, -0.57918","53.3493795, -6.2605593","1032.73","2025-05-24 14:00:00","2025-05-24 21:45:00","","184","Saturday","afternoon","long","high","483990977021087514"
"2024-11-21","2025-05-24","BOD","DUB","Dublin","https://www.kayak.fr/flights/BOD-DUB/2025-05-24?sort=price_a","06:35","13:45","490","215.0","False","BOD","DUB","N/A","N/A","N/A","","easyJet","Ryanair","N/A","44.837789, -0.57918","53.3493795, -6.2605593","1032.73","2025-05-24 06:35:00","2025-05-24 13:45:00","","184","Saturday","morning","long","high","625048428315459165"
"2024-11-21","2025-05-24","BOD","DUB","Dublin","https://www.kayak.fr/flights/BOD-DUB/2025-05-24?sort=price_a","14:00","21:45","525","218.0","False","BOD","DUB","N/A","N/A","N/A","","Vueling","Ryanair","N/A","44.837789, -0.57918","53.3493795, -6.2605593","1032.73","2025-05-24 14:00:00","2025-05-24 21:45:00","","184","Saturday","afternoon","long","high","681716609393771752"
"2024-11-21","2025-05-24","BOD","DUB","Dublin","https://www.kayak.fr/flights/BOD-DUB/2025-05-24?sort=price_a","11:10","18:10","480","219.0","False","BOD","DUB","N/A","N/A","N/A","","Aer Lingus","N/A","Saver","44.837789, -0.57918","53.3493795, -6.2605593","1032.73","2025-05-24 11:10:00","2025-05-24 18:10:00","","184","Saturday","morning","long","high","8222625755991596846"
"2024-11-21","2025-05-24","BOD","DUB","Dublin","https://www.kayak.fr/flights/BOD-DUB/2025-05-24?sort=price_a","09:05","16:55","530","220.0","False","BOD","DUB","N/A","N/A","N/A","","Aer Lingus","N/A","Saver","44.837789, -0.57918","53.3493795, -6.2605593","1032.73","2025-05-24 09:05:00","2025-05-24 16:55:00","","184","Saturday","morning","long","high","6025118925762508213"
"2024-11-21","2025-05-24","BOD","DUB","Dublin","https://www.kayak.fr/flights/BOD-DUB/2025-05-24?sort=price_a","06:30","10:25","295","236.0","False","BOD","DUB","N/A","N/A","N/A","","Aer Lingus","N/A","Saver","44.837789, -0.57918","53.3493795, -6.2605593","1032.73","2025-05-24 06:30:00","2025-05-24 10:25:00","","184","Saturday","morning","moyen","high","4896804289609003417"
"2024-11-21","2025-05-24","BOD","DUB","Dublin","https://www.kayak.fr/flights/BOD-DUB/2025-05-24?sort=price_a","12:10","16:55","345","245.0","False","BOD","DUB","N/A","N/A","N/A","","Aer Lingus","N/A","N/A","44.837789, -0.57918","53.3493795, -6.2605593","1032.73","2025-05-24 12:10:00","2025-05-24 16:55:00","","184","Saturday","afternoon","moyen","high","2397076193440620627"
"2024-11-21","2025-05-24","BOD","DUB","Dublin","https://www.kayak.fr/flights/BOD-DUB/2025-05-24?sort=price_a","14:50","22:25","515","247.0","False","BOD","DUB","N/A","N/A","N/A","","Volotea","easyJet","N/A","44.837789, -0.57918","53.3493795, -6.2605593","1032.73","2025-05-24 14:50:00","2025-05-24 22:25:00","","184","Saturday","afternoon","long","high","1094650269302406239"
"2024-11-21","2025-05-24","BOD","DUB","Dublin","https://www.kayak.fr/flights/BOD-DUB/2025-05-24?sort=price_a","14:00","21:20","500","251.0","False","BOD","DUB","N/A","N/A","N/A","","Aer Lingus","N/A","N/A","44.837789, -0.57918","53.3493795, -6.2605593","1032.73","2025-05-24 14:00:00","2025-05-24 21:20:00","","184","Saturday","afternoon","long","high","2930846616186565575"
"2024-11-21","2025-05-24","BOD","DUB","Dublin","https://www.kayak.fr/flights/BOD-DUB/2025-05-24?sort=price_a","08:05","15:00","475","252.0","False","BOD","DUB","N/A","N/A","N/A","","easyJet","Ryanair","N/A","44.837789, -0.57918","53.3493795, -6.2605593","1032.73","2025-05-24 08:05:00","2025-05-24 15:00:00","","184","Saturday","morning","long","high","463647859837214722"
"2024-11-21","2025-05-25","BOD","DUB","Dublin","https://www.kayak.fr/flights/BOD-DUB/2025-05-25?sort=price_a","10:05","16:25","440","121.0","False","BOD","DUB","N/A","N/A","MAN","265.0","easyJet","Ryanair","Standard","44.837789, -0.57918","53.3493795, -6.2605593","1032.73","2025-05-25 10:05:00","2025-05-25 16:25:00","175.0","185","Sunday","morning","long","standard","8564938989524810289"
"2024-11-21","2025-05-25","BOD","DUB","Dublin","https://www.kayak.fr/flights/BOD-DUB/2025-05-25?sort=price_a","07:00","13:35","455","138.0","False","BOD","DUB","N/A","N/A","MAN","265.0","easyJet","Ryanair","Standard","44.837789, -0.57918","53.3493795, -6.2605593","1032.73","2025-05-25 07:00:00","2025-05-25 13:35:00","190.0","185","Sunday","morning","long","standard","318824528372101371"
"2024-11-21","2025-05-25","BOD","DUB","Dublin","https://www.kayak.fr/flights/BOD-DUB/2025-05-25?sort=price_a","07:00","11:15","315","146.0","False","BOD","DUB","N/A","N/A","MAN","265.0","easyJet","Ryanair","Standard","44.837789, -0.57918","53.3493795, -6.2605593","1032.73","2025-05-25 07:00:00","2025-05-25 11:15:00","50.0","185","Sunday","morning","moyen","standard","2000792101536553017"
"2024-11-21","2025-05-25","BOD","DUB","Dublin","https://www.kayak.fr/flights/BOD-DUB/2025-05-25?sort=price_a","17:55","18:55","120","148.0","True","BOD","DUB","N/A","N/A","N/A","","easyJet","Ryanair","N/A","44.837789, -0.57918","53.3493795, -6.2605593","1032.73","2025-05-25 17:55:00","2025-05-25 18:55:00","","185","Sunday","evening","court","standard","8915300324959952746"
"2024-11-21","2025-05-25","BOD","DUB","Dublin","https://www.kayak.fr/flights/BOD-DUB/2025-05-25?sort=price_a","10:05","15:20","375","158.0","False","BOD","DUB","N/A","N/A","N/A","","easyJet","Aer Lingus","N/A","44.837789, -0.57918","53.3493795, -6.2605593","1032.73","2025-05-25 10:05:00","2025-05-25 15:20:00","","185","Sunday","morning","long","high","8314976982073057144"
"2024-11-21","2025-05-25","BOD","DUB","Dublin","https://www.kayak.fr/flights/BOD-DUB/2025-05-25?sort=price_a","07:00","14:50","530","158.0","False","BOD","DUB","N/A","N/A","MAN","265.0","easyJet","Ryanair","N/A","44.837789, -0.57918","53.3493795, -6.2605593","1032.73","2025-05-25 07:00:00","2025-05-25 14:50:00","265.0","185","Sunday","morning","long","high","8583705171421659759"
"2024-11-21","2025-05-25","BOD","DUB","Dublin","https://www.kayak.fr/flights/BOD-DUB/2025-05-25?sort=price_a","16:25","00:05+1","520","169.0","False","BOD","DUB","N/A","N/A","N/A","","easyJet","TAP AIR PORTUGAL","N/A","44.837789, -0.57918","53.3493795, -6.2605593","1032.73","2025-05-25 16:25:00","2025-05-26 00:05:00","","185","Sunday","afternoon","long","high","3463695508802925618"
"2024-11-21","2025-05-25","BOD","DUB","Dublin","https://www.kayak.fr/flights/BOD-DUB/2025-05-25?sort=price_a","15:00","23:00","540","176.0","False","BOD","DUB","N/A","N/A","N/A","","easyJet","Ryanair","N/A","44.837789, -0.57918","53.3493795, -6.2605593","1032.73","2025-05-25 15:00:00","2025-05-25 23:00:00","","185","Sunday","afternoon","long","high","4345482961847050320"
"2024-11-21","2025-05-25","BOD","DUB","Dublin","https://www.kayak.fr/flights/BOD-DUB/2025-05-25?sort=price_a","15:20","21:55","455","177.0","False","BOD","DUB","N/A","N/A","LGW","270.0","easyJet","Ryanair","Standard","44.837789, -0.57918","53.3493795, -6.2605593","1032.73","2025-05-25 15:20:00","2025-05-25 21:55:00","185.0","185","Sunday","afternoon","long","high","4817945375339619919"
"2024-11-21","2025-05-25","BOD","DUB","Dublin","https://www.kayak.fr/flights/BOD-DUB/2025-05-25?sort=price_a","14:10","18:25","315","178.0","False","BOD","DUB","N/A","N/A","LGW","270.0","easyJet","Ryanair","Standard","44.837789, -0.57918","53.3493795, -6.2605593","1032.73","2025-05-25 14:10:00","2025-05-25 18:25:00","45.0","185","Sunday","afternoon","moyen","high","9031033993200147412"
"2024-11-21","2025-05-25","BOD","DUB","Dublin","https://www.kayak.fr/flights/BOD-DUB/2025-05-25?sort=price_a","19:25","00:45+1","380","182.0","False","BOD","DUB","N/A","N/A","LGW","270.0","easyJet","Ryanair","Standard","44.837789, -0.57918","53.3493795, -6.2605593","1032.73","2025-05-25 19:25:00","2025-05-26 00:45:00","110.0","185","Sunday","evening","long","high","5001265972059453380"
"2024-11-21","2025-05-25","BOD","DUB","Dublin","https://www.kayak.fr/flights/BOD-DUB/2025-05-25?sort=price_a","13:20","20:35","495","189.0","False","BOD","DUB","N/A","N/A","LGW","270.0","easyJet","Ryanair","N/A","44.837789, -0.57918","53.3493795, -6.2605593","1032.73","2025-05-25 13:20:00","2025-05-25 20:35:00","225.0","185","Sunday","afternoon","long","high","4292949689156221651"
"2024-11-21","2025-05-25","BOD","DUB","Dublin","https://www.kayak.fr/flights/BOD-DUB/2025-05-25?sort=price_a","14:20","22:25","545","193.0","False","BOD","DUB","N/A","N/A","N/A","","Vueling","Ryanair","N/A","44.837789, -0.57918","53.3493795, -6.2605593","1032.73","2025-05-25 14:20:00","2025-05-25 22:25:00","","185","Sunday","afternoon","long","high","3798589007495552485"
"2024-11-21","2025-05-25","BOD","DUB","Dublin","https://www.kayak.fr/flights/BOD-DUB/2025-05-25?sort=price_a","10:05","14:00","295","194.0","False","BOD","DUB","N/A","N/A","LGW","270.0","easyJet","Ryanair","N/A","44.837789, -0.57918","53.3493795, -6.2605593","1032.73","2025-05-25 10:05:00","2025-05-25 14:00:00","25.0","185","Sunday","morning","moyen","high","4583197037059336980"
"2024-11-21","2025-05-25","BOD","DUB","Dublin","https://www.kayak.fr/flights/BOD-DUB/2025-05-25?sort=price_a","11:00","18:40","520","194.0","False","BOD","DUB","N/A","N/A","N/A","","easyJet","Ryanair","N/A","44.837789, -0.57918","53.3493795, -6.2605593","1032.73","2025-05-25 11:00:00","2025-05-25 18:40:00","","185","Sunday","morning","long","high","8051069754322767287"
"2024-11-21","2025-05-26","BOD","DUB","Dublin","https://www.kayak.fr/flights/BOD-DUB/2025-05-26?sort=price_a","18:15","09:10+1","955","64.0","False","BOD","DUB","N/A","N/A","BCN","710.0","Vueling","N/A","Économique","44.837789, -0.57918","53.3493795, -6.2605593","1032.73","2025-05-26 18:15:00","2025-05-27 09:10:00","245.0","186","Monday","evening","long","cheap","6582995808116939318"
"2024-11-21","2025-05-26","BOD","DUB","Dublin","https://www.kayak.fr/flights/BOD-DUB/2025-05-26?sort=price_a","07:00","14:05","485","108.0","False","BOD","DUB","N/A","N/A","BCN","710.0","Vueling","N/A","Économique","44.837789, -0.57918","53.3493795, -6.2605593","1032.73","2025-05-26 07:00:00","2025-05-26 14:05:00","","186","Monday","morning","long","cheap","5258196525581668287"
"2024-11-21","2025-05-26","BOD","DUB","Dublin","https://www.kayak.fr/flights/BOD-DUB/2025-05-26?sort=price_a","07:00","11:10","310","112.0","False","BOD","DUB","N/A","N/A","BCN","710.0","Vueling","N/A","Économique","44.837789, -0.57918","53.3493795, -6.2605593","1032.73","2025-05-26 07:00:00","2025-05-26 11:10:00","","186","Monday","morning","moyen","standard","4950893704055889161"
"2024-11-21","2025-05-26","BOD","DUB","Dublin","https://www.kayak.fr/flights/BOD-DUB/2025-05-26?sort=price_a","07:00","14:40","520","125.0","False","BOD","DUB","N/A","N/A","BCN","710.0","Vueling","N/A","N/A","44.837789, -0.57918","53.3493795, -6.2605593","1032.73","2025-05-26 07:00:00","2025-05-26 14:40:00","","186","Monday","morning","long","standard","5414610650606400522"
"2024-11-21","2025-05-26","BOD","DUB","Dublin","https://www.kayak.fr/flights/BOD-DUB/2025-05-26?sort=price_a","10:50","11:50","120","133.0","True","BOD","DUB","N/A","N/A","N/A","","Aer Lingus","N/A","N/A","44.837789, -0.57918","53.3493795, -6.2605593","1032.73","2025-05-26 10:50:00","2025-05-26 11:50:00","","186","Monday","morning","court","standard","7312750235492439550"
"2024-11-21","2025-05-26","BOD","DUB","Dublin","https://www.kayak.fr/flights/BOD-DUB/2025-05-26?sort=price_a","11:58","19:10","492","136.0","False","BOD","DUB","N/A","N/A","BCN","710.0","Vueling","N/A","N/A","44.837789, -0.57918","53.3493795, -6.2605593","1032.73","2025-05-26 11:58:00","2025-05-26 19:10:00","","186","Monday","morning","long","standard","4238157452565815675"
"2024-11-21","2025-05-26","BOD","DUB","Dublin","https://www.kayak.fr/flights/BOD-DUB/2025-05-26?sort=price_a","07:00","14:35","515","142.0","False","BOD","DUB","N/A","N/A","N/A","","easyJet","Ryanair","N/A","44.837789, -0.57918","53.3493795, -6.2605593","1032.73","2025-05-26 07:00:00","2025-05-26 14:35:00","","186","Monday","morning","long","standard","6403139937251317126"
"2024-11-21","2025-05-26","BOD","DUB","Dublin","https://www.kayak.fr/flights/BOD-DUB/2025-05-26?sort=price_a","17:55","22:35","340","154.0","False","BOD","DUB","N/A","N/A","N/A","","Iberia","Ryanair","N/A","44.837789, -0.57918","53.3493795, -6.2605593","1032.73","2025-05-26 17:55:00","2025-05-26 22:35:00","","186","Monday","evening","moyen","standard","264070498232826581"
"2024-11-21","2025-05-26","BOD","DUB","Dublin","https://www.kayak.fr/flights/BOD-DUB/2025-05-26?sort=price_a","18:15","00:45+1","450","157.0","False","BOD","DUB","N/A","N/A","N/A","","easyJet","Ryanair","Standard","44.837789, -0.57918","53.3493795, -6.2605593","1032.73","2025-05-26 18:15:00","2025-05-27 00:45:00","","186","Monday","evening","long","high","4938556878236952616"
"2024-11-21","2025-05-26","BOD","DUB","Dublin","https://www.kayak.fr/flights/BOD-DUB/2025-05-26?sort=price_a","07:00","13:25","445","162.0","False","BOD","DUB","N/A","N/A","N/A","","easyJet","Ryanair","Standard","44.837789, -0.57918","53.3493795, -6.2605593","1032.73","2025-05-26 07:00:00","2025-05-26 13:25:00","","186","Monday","morning","long","high","8185995428659811104"
"2024-11-21","2025-05-26","BOD","DUB","Dublin","https://www.kayak.fr/flights/BOD-DUB/2025-05-26?sort=price_a","07:00","14:50","530","162.0","False","BOD","DUB","N/A","N/A","N/A","","easyJet","Ryanair","Standard","44.837789, -0.57918","53.3493795, -6.2605593","1032.73","2025-05-26 07:00:00","2025-05-26 14:50:00","","186","Monday","morning","long","high","408126641372219102"
"2024-11-21","2025-05-26","BOD","DUB","Dublin","https://www.kayak.fr/flights/BOD-DUB/2025-05-26?sort=price_a","23:00","07:05+1","545","162.0","False","BOD","DUB","N/A","N/A","N/A","","easyJet","Ryanair","N/A","44.837789, -0.57918","53.3493795, -6.2605593","1032.73","2025-05-26 23:00:00","2025-05-27 07:05:00","","186","Monday","night","long","high","4581410754414098249"
"2024-11-21","2025-05-26","BOD","DUB","Dublin","https://www.kayak.fr/flights/BOD-DUB/2025-05-26?sort=price_a","13:35","20:50","495","172.0","False","BOD","DUB","N/A","N/A","N/A","","Vueling","Ryanair","N/A","44.837789, -0.57918","53.3493795, -6.2605593","1032.73","2025-05-26 13:35:00","2025-05-26 20:50:00","","186","Monday","afternoon","long","high","7982466702227182184"
"2024-11-21","2025-05-26","BOD","DUB","Dublin","https://www.kayak.fr/flights/BOD-DUB/2025-05-26?sort=price_a","10:35","17:50","495","173.0","False","BOD","DUB","N/A","N/A","N/A","","easyJet","Ryanair","N/A","44.837789, -0.57918","53.3493795, -6.2605593","1032.73","2025-05-26 10:35:00","2025-05-26 17:50:00","","186","Monday","morning","long","high","4795022257015303423"
"2024-11-21","2025-05-26","BOD","DUB","Dublin","https://www.kayak.fr/flights/BOD-DUB/2025-05-26?sort=price_a","18:15","00:05+1","410","183.0","False","BOD","DUB","N/A","N/A","N/A","","Vueling","Ryanair","N/A","44.837789, -0.57918","53.3493795, -6.2605593","1032.73","2025-05-26 18:15:00","2025-05-27 00:05:00","","186","Monday","evening","long","high","8037483642432070091"
